xFrame,yFrame,pX,pY,vX,vY,vS,wall,isTorus,time
-61.99106103086209,-25.765310401089472,0.7181990089738565,-0.48809363408054174,-0.3252790721495167,0.94561806519416,0.0,5,True,56000.0
-101.46180857664321,-182.74633393754732,0.7047650924365887,-0.5113618600677292,-0.9969477738745212,0.07807135304726892,0.0,5,True,56000.0
67.21817332900177,82.64021441349925,0.5697204412198218,0.7452660572655878,-0.9772660169000974,0.21201682058792126,0.0,0,True,56000.0
72.53898506753126,77.71034280363023,0.22021193728611477,0.7376308665377885,-0.22992318881548618,-0.9732087788573022,0.0,-1,False,56000.0
-113.77552972877585,56.75195736650195,0.8752666258269678,-0.21604454146719107,-0.9236889238324797,0.3831432786689459,0.0,5,True,56000.0
-68.60138861248873,-74.4836450102726,-0.6660436749433525,-0.3859772216861327,0.9965866374298109,-0.08255346204926306,0.0,-1,False,56000.0
-76.02855090147885,-137.0448899513736,0.8476979180173406,0.26379494409248716,-0.9986087212727198,0.05273160151231321,0.0,0,True,56000.0
-130.8347773974306,-221.55251276092852,-0.8248350245028025,-0.3033946372677033,0.04338137706264544,0.9990585849309035,0.0,3,True,56000.0
65.48215719110262,115.69114510817974,0.49817065158059254,0.8660254037844386,-0.18069124231841055,-0.9835398695271225,0.0,1,True,56000.0
-23.4489168660602,250.9970510937147,0.4417702734205051,0.8660254037844386,-0.4253541263449219,-0.9050269980510774,0.0,1,True,56000.0
122.68882335109583,140.8657283162504,-0.3713125205825448,0.6743290032700875,-0.3197103836523185,-0.9475153141690571,0.0,-1,False,56000.0
-14.05596572006858,-252.49455197715483,0.7665019276722045,-0.07118558468810246,-0.3167529471059727,0.9485080761383519,0.0,-1,False,56000.0
-142.88299511428966,-56.67403190739601,0.9746808211537114,0.043854104167695356,-0.9850286181296589,-0.17239089728164378,0.0,0,True,56000.0
188.62824531215904,30.16606911888793,-0.5673945860233167,0.749294556636983,0.9960958655440458,-0.08827812099307136,0.0,2,True,56000.0
-146.15576809284556,113.93323891768645,-0.5377767388820547,0.550807381677093,0.9898797592055505,0.1419086407346527,0.0,-1,False,56000.0
-23.148174936571277,-47.54726835785583,-0.35472846168450767,0.6831985883061638,0.7991210904893803,-0.6011700946779066,0.0,-1,False,56000.0
28.70032070335042,-144.7654526258995,0.577761557906385,-0.5087083396192551,-0.21252561255041025,0.9771554963310949,0.0,-1,False,56000.0
-178.83747706701152,111.38947450021978,-0.26265010943371203,-0.8660254037844387,-0.7241711197382618,0.6896203225957284,0.0,4,True,56000.0
125.29010193770952,214.6023894441326,0.7378803590275385,0.21937449339880746,-0.44321549891107365,-0.8964150944317089,0.0,-1,False,56000.0
-99.57745173543053,12.190012851834203,-0.8250809193521688,-0.3029687348952816,0.7044499271894576,0.7097536897281922,0.0,3,True,56000.0
7.456860097767248,-79.00810119033109,0.7693171474149124,-0.027271217170751122,-0.6562634894448959,-0.7545317968260886,0.0,-1,False,56000.0
-79.93065480700488,-115.97063020458846,0.7280230361284189,0.4710779199139034,0.20261630888370658,-0.979258204649994,0.0,0,True,56000.0
-87.00895216545497,-133.6939553874767,0.5570650441887678,0.5312919434129963,0.2590091640024608,-0.9658748640288449,0.0,-1,False,56000.0
-161.50578084787895,-1.9368737161417346,-0.4162093050576694,-0.6475819693104528,0.8898158267037667,0.4563198379946756,0.0,-1,False,56000.0
98.47207579861782,-80.68572964280126,-0.03748027747219007,-0.8660254037844388,0.9174519877839953,0.39784651577107283,0.0,4,True,56000.0
15.509786757510833,-32.60632190952991,0.9301902309526661,-0.12091406685463103,-0.08708433623995887,0.996200942772927,0.0,5,True,56000.0
117.3776037953087,-301.282971148476,0.2532247777213468,0.8660254037844386,0.7674289206074565,-0.6411340357641778,0.0,1,True,56000.0
-88.5162923163142,-118.09583094303785,0.030185312493463276,0.8660254037844386,-0.5852784414735926,-0.8108323784520756,0.0,1,True,56000.0
77.1962517356315,171.07569241681955,0.57742607145491,-0.7319195141940765,-0.7095489883796319,0.7046561098077821,0.0,5,True,56000.0
142.47609471622863,-83.46629547523801,-0.5946624282634504,0.4888447493881969,-0.4357356210578292,-0.900074701645006,0.0,-1,False,56000.0
94.92969101477082,-53.95897840383511,-0.027806893231278607,-0.8660254037844388,0.8858728530230608,0.4639281067975887,0.0,4,True,56000.0
169.37709419285173,247.39058331117874,0.5874020214452971,0.7146406619569594,-0.2705142996582282,-0.9627159569054682,0.0,0,True,56000.0
121.12700050929871,128.4044394257658,-0.7278671166522404,-0.2506033780477553,0.9991023507934536,-0.04236145227651039,0.0,-1,False,56000.0
97.47712185498665,-11.598181056732324,-0.7631527480879577,0.10094788595305246,0.7259070780342762,0.6877927842451708,0.0,-1,False,56000.0
-125.9165108047692,-12.768875858080994,0.5221339972376114,0.8276881959943063,-0.6139720248505716,-0.7893277853343788,0.0,0,True,56000.0
64.28262433099955,175.47666606828065,0.47268226779946043,-0.8660254037844387,-0.569204805591933,0.8221957730924206,0.0,4,True,56000.0
-9.864787504188472,-232.1569526969412,-0.2425025073368269,-0.8660254037844387,0.09283741226947873,0.995681281778013,0.0,4,True,56000.0
-327.4423349426514,-65.13123086480705,-0.7943171977373216,-0.3562530637621019,0.9762804419877692,-0.2165098117687877,0.0,3,True,56000.0
-61.80705443342402,-151.56014379304256,-0.6901820789398313,-0.5366203803715763,0.9160307721301484,0.40110799606919145,0.0,3,True,56000.0
146.91997147670216,-245.2765458273406,-0.6053897545293508,0.47549536033854706,0.9507578076925318,0.30993481752086527,0.0,-1,False,56000.0
182.72822921922088,225.68642917998034,-0.6441949823814604,-0.42143257736812684,0.27691665654378084,0.9608939407284183,0.0,-1,False,56000.0
-11.388813799328851,-41.27384795685116,-0.4307045390350149,0.6380330654811142,-0.19220310433182167,-0.9813551684712293,0.0,-1,False,56000.0
-122.88675633227827,45.204575044518265,-0.8371659940981724,0.2820367714219361,0.028988030784587615,-0.9995797587342485,0.0,2,True,56000.0
-169.92300334502573,-39.28277893878702,0.8641821385429889,-0.23524343661889333,-0.9468665191001182,-0.32162679460397464,0.0,5,True,56000.0
141.61311008309525,-68.66706988736689,0.6423167912305731,0.42428967969519693,-0.46226785441746476,-0.8867403401065393,0.0,-1,False,56000.0
56.40452793870919,-172.02174318999988,0.05976141056003115,-0.8660254037844387,-0.9885741974657788,0.15073505267485499,0.0,4,True,56000.0
-86.37099426506272,-107.49098485020339,-0.38520754209715347,0.8660254037844385,0.11834827627170014,-0.9929721473956417,0.0,1,True,56000.0
-81.60033977906792,-151.95508721020445,-0.17298621222171068,0.8660254037844386,-0.457174647981348,-0.8893769399096911,0.0,1,True,56000.0
46.868748951588245,-49.3747787226039,-0.749264166837896,0.17662333052376195,0.9913617805132864,-0.13115570951169164,0.0,-1,False,56000.0
-34.62024526282687,67.02442903895432,0.15316410812009548,0.7544092712688306,-0.5025154253403223,-0.8645682432839132,0.0,-1,False,56000.0
-53.508924593546936,-84.57123847492736,-0.3851580913270971,-0.8660254037844388,0.8122502002745482,0.5833091908704513,0.0,4,True,56000.0
75.65482540569856,83.23970824987742,-0.5760426327893652,0.7343157002519553,0.1212578354620279,-0.9926210441749921,0.0,2,True,56000.0
36.32071753314208,61.210737187143714,-0.5842774007051392,-0.7200526638332967,0.9999211295340208,-0.012559248042678411,0.0,3,True,56000.0
-145.73323597545553,187.07630008470238,-0.3478244532616055,0.8660254037844385,0.676118883417743,-0.7367925457589355,0.0,1,True,56000.0
115.30467045979424,119.28090282126001,-0.7675435534891254,-0.058902343670506147,0.32727770147372415,0.9449282015677536,0.0,-1,False,56000.0
4.211127019054007,-322.5362146311366,0.8793381799879746,0.20899240279455938,-0.8058826358539792,-0.5920753138149227,0.0,0,True,56000.0
140.3818982922567,-162.33833475991503,-0.13962736492957373,0.8660254037844386,0.8133973376505993,-0.5817084932360198,0.0,1,True,56000.0
-273.22934492279796,107.0834488339406,-0.4984751169773362,-0.8660254037844388,-0.9585019593654699,0.2850859412397333,0.0,4,True,56000.0
20.89413002053394,64.4470392681178,0.8765685362998028,0.2137895663813357,-0.8915541132844464,0.45291418953879997,0.0,0,True,56000.0
-42.20921361821629,145.84571977646618,0.11424297073416433,0.7612759921542418,-0.15541986033177763,-0.9878485040806875,0.0,-1,False,56000.0
-85.26837104434037,70.8834053982597,0.38903700519393736,-0.8660254037844387,0.11374921239523761,0.9935094950122298,0.0,4,True,56000.0
-151.90163276221193,-193.43017453208185,0.5360410976095829,0.5524966373346593,-0.01900169756743042,-0.9998194514458827,0.0,-1,False,56000.0
41.45006790449369,269.78787950503187,-0.45019925337265654,0.6244303202562276,-0.42110712271264183,-0.9070109101883347,0.0,-1,False,56000.0
-43.43207548369667,-131.79104421666244,0.7441631607346285,0.19701213870733864,-0.8839635816192115,0.4675557574995025,0.0,-1,False,56000.0
-16.366772150153107,-157.38802461671253,0.7184614916902324,-0.2764157693599235,-0.3640546936077738,0.9313775711612048,0.0,-1,False,56000.0
194.13571844758113,19.761396979144077,-0.4271909451752078,0.6403908876248201,0.33979481596215433,-0.9404995922621393,0.0,-1,False,56000.0
-199.82653931368804,31.170062547376176,0.9951792888573867,-0.008349716627619644,0.31369060657656767,0.94952525155765,0.0,5,True,56000.0
45.23701848945088,53.909481494327565,0.3952623631575572,0.8660254037844386,-0.325278579467896,-0.9456182346694414,0.0,1,True,56000.0
134.74975315902827,-27.05780528149246,-0.22644618086314644,0.7357409325061964,-0.8781360911529659,-0.4784109169057174,0.0,-1,False,56000.0
151.9794415671087,-79.34874972887832,0.6065694273579204,0.6814417410669998,-0.7952897412895233,0.6062295170969869,0.0,0,True,56000.0
173.9062476302929,-7.035807337885487,0.7697877228823385,-0.004410702009452473,-0.9989245712122473,-0.04636486847211192,0.0,-1,False,56000.0
159.13611476886035,2.5229240360243734,-0.3089340011371023,-0.8660254037844388,0.8699335303461048,0.49316899008307974,0.0,4,True,56000.0
256.8613967215832,-20.08454220138754,0.5488534246988673,0.78140879008226,-0.9799843477667037,0.1990745542058302,0.0,0,True,56000.0
-395.4152641241515,-169.65250879509622,0.6192133074334643,0.65954189837135,-0.1612228251096075,-0.9869180313803503,0.0,0,True,56000.0
177.06395152267393,-190.58374082642274,-0.06594430669807116,0.8660254037844385,0.9525591877732471,-0.3043534027882294,0.0,1,True,56000.0
138.89887008186454,-221.9720614381605,0.2404090541177678,-0.8660254037844387,-0.3068107346976785,0.9517705464418738,0.0,4,True,56000.0
-9.201214949346738,-10.210186594084036,0.2024917796394865,-0.8660254037844388,-0.7421028771991947,0.6702859984011831,0.0,4,True,56000.0
19.76373780882951,-91.19436995503435,0.9235196176797278,-0.13246790796100397,-0.9923075179872789,-0.12379737374401106,0.0,5,True,56000.0
124.80538600005974,-151.09245908592945,0.5477748905400737,-0.7832768660429893,-0.9850259122079991,0.17240635799991963,0.0,5,True,56000.0
29.120307035239055,4.714084490745457,0.8947181109096523,-0.18235358102131327,0.4258562480762561,0.904790835483215,0.0,5,True,56000.0
-50.50810880899833,183.47900108577258,0.9566411434393222,0.07509974252118543,-0.676644818408607,-0.7363095746496701,0.0,0,True,56000.0
103.69311912199876,-125.44444951075967,-0.38223242955036507,0.8660254037844385,0.6526026622454768,-0.7577003136003841,0.0,1,True,56000.0
-128.67774726420782,17.96389522634914,0.9209241913837815,-0.13696331817288282,-0.9971947034720746,0.07485134178645081,0.0,5,True,56000.0
279.9515970606829,69.16448982994568,-0.8100626483696705,0.32898114327880645,0.8886185716436314,0.4586469602319764,0.0,2,True,56000.0
-62.791362513412345,26.212063959330965,0.9124635179320097,0.15161763445760149,-0.9727579831440041,-0.23182300625607738,0.0,0,True,56000.0
22.67570673245718,376.29902158820175,0.22757141414056192,0.7353936660446956,0.8872826773479038,-0.46122602970598187,0.0,-1,False,56000.0
-105.54633951826617,13.902732526007636,0.849976704224839,0.25984797060151255,-0.21029751877853098,-0.9776374346328913,0.0,0,True,56000.0
-171.93773508632714,-10.93309474715193,-0.06146493392453009,0.7673425926470168,-0.6910159240295557,-0.7228395345701255,0.0,-1,False,56000.0
-192.3688251440906,108.73175195314214,-0.1329416475220194,-0.8660254037844387,0.16382108327758746,0.9864900671946721,0.0,4,True,56000.0
16.994647453904605,103.57438526784527,0.8218511832703546,0.3085628018840225,-0.9997149866374684,0.023873531209975096,0.0,0,True,56000.0
-86.2823486390709,250.3526180367837,0.8084339377662653,0.33180215279473035,-0.999913074062105,0.013185003589894384,0.0,0,True,56000.0
128.0971263393684,-151.91206732256884,-0.5419146025947317,0.7934271825113048,0.5631518561431752,-0.8263534273677917,0.0,2,True,56000.0
178.4740122800764,35.06467002062105,-0.3385256635230544,0.6913703549682098,0.8933925568278561,-0.4492769072683129,0.0,-1,False,56000.0
174.68861043991873,78.97865853765539,-0.7213205843939173,0.2688665228737299,0.9912497398350605,-0.13199982301846996,0.0,-1,False,56000.0
-144.55162150154533,94.5775995247746,0.4153337148687687,0.8660254037844386,0.961122846857729,-0.276121120612122,0.0,1,True,56000.0
-124.70997879307724,-18.49240868844723,0.22333543239597653,0.7366911681492417,-0.7352473234285198,-0.6777989181100709,0.0,-1,False,56000.0
130.69184904703118,-205.73334960758385,0.1779760792971737,-0.748943995096161,-0.45404014155914907,0.8909812286759773,0.0,-1,False,56000.0
59.932809405487234,-46.001176283633015,0.4957020734813047,-0.5889584424549219,-0.22594076211276226,0.9741410431841482,0.0,-1,False,56000.0
115.35625236491134,-32.84985004923735,0.6377646162505549,0.6274100889532481,-0.35435689611792476,-0.9351102556242702,0.0,0,True,56000.0
-147.7280535872072,99.31481707273602,0.3080520008404095,0.7054761210493327,-0.08157384735488538,-0.996667300270106,0.0,-1,False,56000.0
99.20777105767496,-52.311877419178295,0.13194622478052778,-0.8660254037844387,0.1483322822816449,0.9889375784310697,0.0,4,True,56000.0
-1.7938125405764438,-111.80948492541476,0.6284603574908344,-0.4445561512959696,-0.058085950743653414,0.9983115857918332,0.0,-1,False,56000.0
62.253853718338696,-66.74386180748148,-0.09909563598210071,-0.7633954725578973,-0.006826839760031456,0.9999766968579238,0.0,-1,False,56000.0
-8.28374267677856,76.22744880689315,-0.42305307394876335,0.6431319376419543,-0.6582303684005062,-0.7528165660473456,0.0,-1,False,56000.0
-100.50369568859226,6.549576943914568,0.9943283564960433,0.009823574711271588,-0.17950998795486955,-0.9837561507937039,0.0,0,True,56000.0
20.25963902980297,-279.2321313972688,-0.638080416991267,0.4306343855811367,0.2815053728144498,-0.9595596516510045,0.0,-1,False,56000.0
-125.54878181180858,-186.12203808448024,-0.7548068975351724,0.4246869111345232,0.18815560791475144,-0.9821392300535658,0.0,2,True,56000.0
113.07197388590491,5.928211359465615,-0.7434064022791149,0.1998487268986602,0.10577697372996697,-0.9943898791864864,0.0,-1,False,56000.0
156.58585867492832,-259.57785772336274,0.5669786255984605,-0.7500150212267719,-0.7086202151381551,0.705590101048445,0.0,5,True,56000.0
-68.9808475161408,-74.33034003549258,-0.6225194391403686,0.4528378743932019,0.254405610749394,-0.967097608940902,0.0,-1,False,56000.0
130.58706826225537,-237.29025525726982,-0.8537918657528026,0.25323991699599707,0.8940038974645805,0.44805918282982626,0.0,2,True,56000.0
-76.55147712790532,56.600766846115384,0.7138220526790727,-0.4956747447656157,-0.045780458434633395,0.9989515251630093,0.0,5,True,56000.0
-50.36850820381029,-115.5026514286269,-0.6481656392926618,0.41529976719585016,0.8033286363634902,-0.5955359787606165,0.0,-1,False,56000.0
-2.1286143665506847,-20.60638597159561,-0.703005303543314,-0.5144099038414767,0.7482385136203967,-0.6634298205048663,0.0,3,True,56000.0
-21.403446731294,-49.980329360867515,-0.22906427135253488,0.8660254037844384,0.8729120149793788,-0.4878776630515465,0.0,1,True,56000.0
-33.26524271375052,-166.75884861870966,0.7571398409075493,-0.4206461346823853,-0.7809850682590708,-0.62454969630636,0.0,5,True,56000.0
74.28816332866626,-99.70753658578916,0.31913835363975845,-0.7005307301101764,0.09815822066935592,0.9951708213744064,0.0,-1,False,56000.0
121.1292345094175,-4.016825465250484,0.7671711302769042,-0.4032714318292369,0.14118316775927509,0.9899834913479424,0.0,5,True,56000.0
-191.77046405445498,-144.43173800283898,0.5155837987314659,-0.8390334726066125,-0.32138108290899103,0.9469499456403325,0.0,5,True,56000.0
-67.902724939209,51.06057025922409,0.10516702860833088,0.762582774973502,-0.03540269179871594,-0.9993731282225856,0.0,-1,False,56000.0
67.37630994614999,-91.99002604393904,0.5807537765974204,0.7261557598146396,-0.36990287535039257,-0.9290704294118444,0.0,0,True,56000.0
-65.74591513404658,121.31420160140534,0.7637855676347954,-0.0960426950131327,-0.9899254617678924,-0.14158947751728,0.0,-1,False,56000.0
100.79842339530715,-383.8238989958417,0.5361338449861999,-0.803439748395523,-0.9997405095992221,-0.02277967221618643,0.0,5,True,56000.0
-304.2961512952627,-165.85918995679148,-0.7480913043521914,0.4363186597304095,0.5392419095051217,-0.8421509146425428,0.0,2,True,56000.0
-38.91109252828926,-11.042706534699779,0.2889488250548355,-0.7135132578249843,-0.4315643439810125,0.9020821564603911,0.0,-1,False,56000.0
81.82104843617186,160.13446690032336,-0.8005792584224877,-0.3454068564953145,0.8436481146027176,-0.5368965065329279,0.0,3,True,56000.0
-36.273570977450746,96.23743045514402,0.5564250640163209,-0.7682943260878446,-0.434414649564979,0.9007130021507038,0.0,5,True,56000.0
208.82338860939362,61.06615023985336,0.9691874993523302,0.053368816630013416,-0.928270466927376,-0.3719058217215801,0.0,0,True,56000.0
-21.94366088776644,47.60632181521453,0.14205112326613673,0.8660254037844386,-0.9856981174387931,-0.1685206850140962,0.0,1,True,56000.0
206.74845281652816,118.86770039017108,-0.6878818538042243,0.34555918132710073,0.6690955454947166,-0.7431763929237305,0.0,-1,False,56000.0
-73.45581415852308,-184.68586006555327,0.6461681551404687,-0.41840089373106676,-0.9247960269858368,-0.3804632813704875,0.0,-1,False,56000.0
-48.26001164612302,-17.44780607956963,0.10919804142132777,-0.8660254037844387,-0.9800966539412134,0.19852090301331615,0.0,4,True,56000.0
50.07247692166326,51.83143517716235,-0.11204662011123012,0.8660254037844385,0.9659322891649255,-0.25879492411676575,0.0,1,True,56000.0
-96.43162268436588,-95.62999524773521,-0.7541938490893035,-0.15422136878024778,0.7864531038458082,-0.6176499942939245,0.0,-1,False,56000.0
-66.6388974075882,-108.2130858629216,0.9619044411648804,0.06598344344515761,-0.9999471630562936,-0.01027964472462195,0.0,0,True,56000.0
-172.728803002198,-16.85419407786214,0.675275628604521,0.5624391097128355,-0.9475019156453648,-0.3197500896768516,0.0,0,True,56000.0
97.72623272470781,-70.80711127995995,-0.4055346086217575,0.6543197030524072,-0.4022560057756328,-0.9155272283320812,0.0,-1,False,56000.0
131.79673460214104,-29.151111325125125,0.2051561065906514,0.8660254037844386,0.828785230791502,-0.559566833561363,0.0,1,True,56000.0
-4.066380669980571,15.078595313818521,0.4600726669495968,-0.617191812744205,0.4586894798957242,0.8885966244775946,0.0,-1,False,56000.0
-5.308167237237489,46.477961842732014,-0.9274306547329317,-0.1256937930745699,0.9845720370393336,-0.17497972419741858,0.0,3,True,56000.0
-270.565545746843,158.57627914162398,-0.9613426666013519,-0.06695646553158732,0.9984975896879092,-0.05479565117250104,0.0,3,True,56000.0
-171.51077055767075,95.00758596649756,0.714400618209563,0.49467263987129884,-0.5570346167896008,-0.8304892748844198,0.0,0,True,56000.0
-12.899880022166085,68.19260833200636,0.7481371378995705,0.18133784902229122,-0.8048271726302018,-0.5935092435641315,0.0,-1,False,56000.0
-221.71305706650304,111.3646530392328,0.7117368522761236,0.4992864178074865,-0.24881856361965085,-0.9685501135193021,0.0,0,True,56000.0
-91.59985732818375,40.02704262636646,-0.7533778665665165,0.1581593587502059,0.7459524381301641,0.6659992192545533,0.0,-1,False,56000.0
143.9323414541575,-50.68616525790491,0.5939541086132993,-0.48970512500276453,-0.6565445285755752,-0.7542872675562471,0.0,-1,False,56000.0
-168.5348384282834,226.78823651971086,0.24928346291226433,0.8660254037844385,-0.6844085565910376,-0.7290987091368135,0.0,1,True,56000.0
-179.44552441512081,331.2840313472171,0.9139563455591903,0.14903198116038252,-0.9371952542392952,0.34880518263255883,0.0,0,True,56000.0
-296.4301190741975,-44.70047734050825,0.5344745398495037,-0.554012237089808,0.3309211105023132,0.943658422642381,0.0,-1,False,56000.0
159.53181068416285,51.85118935160722,0.7678295492101027,-0.055048850600197013,-0.665302700231443,0.7465737184396081,0.0,-1,False,56000.0
-71.24884792641693,-22.984331004237784,0.5236433703967125,-0.8250738849951632,-0.9677623056559598,-0.25186528095683186,0.0,5,True,56000.0
153.03013295136694,-34.98591319932696,0.2737945895407229,-0.8660254037844387,-0.4688483221907877,0.883278693719523,0.0,4,True,56000.0
-170.24919795751634,234.50831947337093,0.8922566668999966,0.18661692710602354,-0.9463275693532306,0.32320911416914955,0.0,0,True,56000.0
-198.01290441893372,82.65527359432407,-0.2955000943474383,0.8660254037844386,0.5572051338641204,-0.8303748784708387,0.0,1,True,56000.0
-25.162155002212895,61.388961045008855,-0.4144680846667457,-0.8660254037844388,0.7235712971124341,0.6902496490365131,0.0,4,True,56000.0
-158.76712215916788,-74.6125728148846,0.6133058259794766,0.6697739563944277,-0.44119161752057917,-0.8974129242603742,0.0,0,True,56000.0
136.90132797889976,-27.491876150241378,0.9697874991233273,-0.05232958654211575,-0.8810357336116428,0.4730497184222647,0.0,5,True,56000.0
-29.909619535724826,119.5345496904445,0.3901495715781198,-0.6636082461739019,-0.6856311013044676,0.7279491691897356,0.0,-1,False,56000.0
-68.80672373281317,121.71585214163022,-0.9689259151628445,-0.05382189373665916,0.979025298815982,0.2037387157077656,0.0,3,True,56000.0
14.824660186718642,-100.21169249467428,0.7251298062573632,-0.4760891410485478,-0.9754796747985666,-0.2200895364502219,0.0,5,True,56000.0
37.1913673228576,144.64640975020654,-0.5278176977455018,-0.5603579842736521,-0.17878387261588496,0.9838883711542002,0.0,-1,False,56000.0
-336.2051738510262,-48.470882322539644,0.3492983942148309,0.8660254037844385,-0.5868575305179045,-0.8096902116701257,0.0,1,True,56000.0
175.4132337135722,57.64928852090719,0.9070129430658099,0.16105830705631732,-0.9973422517358924,-0.07285899328401357,0.0,0,True,56000.0
-62.16724632715747,91.65501142099447,-0.4033820920405198,0.6556489002611123,-0.3339094708341737,-0.9426051481332134,0.0,-1,False,56000.0
9.797630629424729,-125.19006713555589,0.6650465393938317,0.5801564119409037,-0.5951778485021384,-0.8035940073521908,0.0,0,True,56000.0
72.42467070025138,30.60736860173839,0.5672469229525616,-0.5204070723899157,0.0736315901616218,0.9972855102377871,0.0,-1,False,56000.0
-145.92516393910688,31.080028664302255,0.8345856286666505,0.2865060954514261,-0.044794691437333056,-0.9989962140163591,0.0,0,True,56000.0
61.29316232875938,11.770597349872345,-0.5317160671591912,0.5566602343596628,-0.651587356532873,-0.7585736067162457,0.0,-1,False,56000.0
37.99842905112341,-53.39894793802136,0.957774432889596,0.07313682761362963,-0.9566574013290466,-0.29121575589645404,0.0,0,True,56000.0
-160.69346697851256,127.16631032625976,0.5844809896911212,0.7197000373657141,-0.9975643173843114,-0.06975265358080238,0.0,0,True,56000.0
136.9277807087905,-103.14522438139747,-0.5264887134352423,-0.8201456062874668,0.4170375173762142,0.908889272189232,0.0,3,True,56000.0
-89.04730412002496,-8.251517099578946,-0.4046632317355045,-0.654858963040111,0.20633788294883776,0.9784808010687669,0.0,-1,False,56000.0
-253.4485182290215,-59.683621998698584,0.5132972486004439,0.57368852801133,0.1377267615515631,-0.9904702616194498,0.0,-1,False,56000.0
-87.83973120398561,57.83721793839458,-0.06563058228583755,-0.7669975353685397,-0.5780342082530493,0.8160125330466809,0.0,-1,False,56000.0
-47.36204211520844,38.677140665014974,-0.2336887226540038,0.7334726808115845,0.3685225575241631,-0.9296188060683035,0.0,-1,False,56000.0
-185.64925931609486,-52.867687215184624,0.67484360549327,0.5631873956915661,-0.6320568536703555,-0.7749220178368431,0.0,0,True,56000.0
153.39798817122087,295.08606962909704,-0.6204427767955246,0.45567900249501425,0.6105986302277556,-0.7919402204484818,0.0,-1,False,56000.0
68.30429664622741,-49.862741205860225,-0.5616006731427043,-0.7593299081208313,-0.0030466308413437115,0.9999953590094828,0.0,3,True,56000.0
111.51186592651811,-89.85658146703797,-0.8311736793648228,-0.2924157649950409,0.9984522825890975,-0.05561510040097578,0.0,3,True,56000.0
-309.2961443739604,-208.29622976467917,0.458286643949976,0.8660254037844386,-0.5690012934038612,-0.8223366269993875,0.0,1,True,56000.0
153.07182115306625,54.09537984281215,-0.27481926833052084,0.8660254037844385,-0.556418064713209,-0.8309024836049085,0.0,1,True,56000.0
192.05591282127517,-393.68872851713616,0.3861786885568319,0.6659268826959293,-0.4572605777404938,-0.8893327633931173,0.0,-1,False,56000.0
14.462887984238947,9.076677370142427,-0.3368962706119876,-0.8660254037844388,0.7788326044665561,0.6272318345076526,0.0,4,True,56000.0
-168.27053591726434,-104.84246597195697,0.8976058834887799,0.17735181219356083,-0.8494888077637195,-0.5276066389690084,0.0,0,True,56000.0
-21.668085962387227,269.01349788938967,0.7517731036975761,0.16561942262158078,-0.9722854639314178,0.23379687044025535,0.0,-1,False,56000.0
79.7530246425782,63.980305890697466,0.9576063248322706,0.07342799931007873,-0.9973689544340859,0.07249254258921191,0.0,0,True,56000.0
227.38011409632796,-126.67510768083783,0.762471569118062,-0.4114113105296288,-0.7650817995287882,0.6439331021385657,0.0,5,True,56000.0
-162.26312010993013,36.43339295989607,0.3054094703325468,0.8660254037844385,-0.0880248880039044,-0.9961182756539981,0.0,1,True,56000.0
103.9500864483414,206.73379911364793,-0.6930065543738892,-0.3351634052032262,0.842964063656824,-0.5379698759067865,0.0,-1,False,56000.0
-6.105169995381293,26.44946140363878,-0.010800155770142456,-0.8660254037844387,0.8272273851420057,0.5618672915120728,0.0,4,True,56000.0
-195.94671861643374,-4.558587864356456,0.5709800119087969,-0.7430844168365589,-0.8090922399566163,-0.5876816716913899,0.0,5,True,56000.0
101.2911198067818,75.15115882913061,-0.5503404675422069,0.7788331563245642,0.9368621268297878,0.34969894954369807,0.0,2,True,56000.0
-165.223670889158,129.94778926412212,0.7066964536402681,-0.305242059691748,-0.9680201066809739,0.25087262318027065,0.0,-1,False,56000.0
51.44339809588754,-129.1511796888109,0.12226042104499299,0.7600295928702338,-0.8982291287557352,-0.43952751023648884,0.0,-1,False,56000.0
207.21904403728033,-120.3018254198248,-0.5431116128603451,-0.5455477692822388,0.841125533490176,-0.5408399364977249,0.0,-1,False,56000.0
-13.58658054072862,100.5207736193776,0.930578425052115,-0.12024169495118707,-0.9169849518672069,0.39892179440221587,0.0,5,True,56000.0
-153.97720268542756,44.930713471740034,-0.6316278553171747,-0.6380392706837671,-0.16943505386721353,0.9855413550536596,0.0,3,True,56000.0
-80.24356504055481,32.23198874920249,0.43704910728045104,0.6337039296216752,-0.428065647530924,-0.9037476425440484,0.0,-1,False,56000.0
-217.79149491471372,60.26099126716889,0.8702562201685783,0.22472281863405302,-0.975736175159296,0.21894957521194314,0.0,0,True,56000.0
-13.982000521630681,-30.10448469483846,-0.6179875726504296,-0.45900321637459407,0.930901667813941,-0.3652698794880611,0.0,-1,False,56000.0
-116.89071842334923,-31.071772121756887,-0.7679744300034003,0.05298931452231437,0.4646511143586986,0.8854938407042772,0.0,-1,False,56000.0
116.76733187397606,148.492748283624,-0.1597801659344275,0.7530357834569079,0.94323706745432,-0.33212021103837863,0.0,-1,False,56000.0
-169.7895097198947,81.0020829065275,0.6668448921755347,0.5770415735530618,-0.5963232739512971,0.8027443882980448,0.0,0,True,56000.0
-108.53943256675527,-97.50620582384883,0.6584280012767948,-0.3988297377669291,-0.8406708070772383,0.5415464838110339,0.0,-1,False,56000.0
98.28421711357338,301.10133200537246,0.9835057139945005,0.02856894139609798,-0.42661415177123385,-0.904433726432466,0.0,0,True,56000.0
-182.25069984589646,-134.7633949261222,0.3084201163599234,0.8660254037844386,-0.71482431968586,-0.6993040769119276,0.0,1,True,56000.0
-237.7265015526612,34.24720474092271,0.6250099499313347,0.449394208996314,-0.10398615531572994,-0.9945787447470593,0.0,-1,False,56000.0
136.26841659518666,-56.99997603684172,-0.2931440817509505,-0.7117999297042564,0.8877479264937342,0.460329902359237,0.0,-1,False,56000.0
149.69038673976846,196.7326354443625,0.33928044997518264,0.8660254037844386,-0.6845493708713881,-0.7289665004920133,0.0,1,True,56000.0
199.25217913397478,119.5650024773009,0.9735380654936368,-0.045833415031581275,-0.9970562588084869,0.07667344240883717,0.0,5,True,56000.0
31.950905844452386,-99.79179066015243,-0.36779855526871796,0.6762520353646532,-0.21428265617819314,-0.9767716945434135,0.0,-1,False,56000.0
239.3801665413027,-70.29654823886412,-0.6972441262902235,-0.32625637303564714,0.5663763384642986,-0.8241467364661273,0.0,-1,False,56000.0
-67.28804188509072,-21.139227655443335,0.5478510736230268,0.5407881227640723,-0.05717111684480369,-0.998364394096023,0.0,-1,False,56000.0
-25.39175295659122,-6.470193859793546,0.5707653483958097,-0.5165457478899639,-0.4797417249530418,0.8774097545269622,0.0,-1,False,56000.0
167.62250104949206,33.577553278109704,-0.5491872667831774,0.7808305586305303,0.6956266219691977,-0.7184035097406827,0.0,2,True,56000.0
109.69987740679487,-108.23429281768254,-0.5135916107691898,-0.8424840433755015,0.8509823413510653,0.5251943018623311,0.0,3,True,56000.0
-172.9009311178272,159.630456326881,0.70497520325886,0.5109979374483358,-0.16256404815609873,-0.986697993434207,0.0,0,True,56000.0
30.14711850334497,264.59413657926683,0.6378521059079045,-0.4309724858751932,-0.4095883526639038,0.9122704540661526,0.0,-1,False,56000.0
-75.40996677163692,14.483019606803914,-0.5334533968944174,0.8080824206775407,0.475843802868962,-0.8795298035150323,0.0,2,True,56000.0
-64.9242782260986,-148.5739878266168,0.2918573533602361,0.7123284901519457,-0.9962126817121206,0.08694994419747051,0.0,-1,False,56000.0
-244.7810585452878,87.96365598766232,0.7989885309151556,-0.348162077359011,-0.9694275609806149,-0.24537767626899126,0.0,5,True,56000.0
175.6978213740175,291.72793306928423,0.34568530653080914,-0.687818480008565,-0.050088320973165124,0.9987447922778316,0.0,-1,False,56000.0
96.45866510969785,5.692646661310278,-0.5137769913564955,-0.5732589255696415,-0.032803359101815976,0.9994618249996587,0.0,-1,False,56000.0
11.505321968654428,10.636262166294287,0.4208801712472233,0.6445560286301728,-0.7544947255475888,-0.6563061093124687,0.0,-1,False,56000.0
-4.460142750804885,265.787856963801,-0.8158228403515657,0.319004198104813,0.9270329533183874,0.3749798707421241,0.0,2,True,56000.0
-71.18784999475483,-147.65267838782964,0.46881575036679723,0.8660254037844385,-0.45594184254261516,-0.8900095708579976,0.0,1,True,56000.0
-250.51424942779371,-0.1283835393465792,-0.6650537996816346,-0.5801438367535519,0.3448931965753424,0.9386419354343986,0.0,3,True,56000.0
72.6537679356963,0.1310218034706626,-0.17508729221196406,-0.8660254037844387,-0.48715889710284566,0.8733133509648965,0.0,4,True,56000.0
109.1258846840157,207.41779176703005,0.6644648663392742,-0.5811638992247912,-0.9819942244943395,-0.18891093949204324,0.0,5,True,56000.0
-102.03026691260469,95.10132414386752,0.28090350269356634,0.8660254037844385,-0.5409956770695432,-0.8410253726208625,0.0,1,True,56000.0
-2.130193328519021,128.8638432755644,0.049113111836300294,-0.8660254037844387,-0.9116073048719111,0.41106218714953163,0.0,4,True,56000.0
-86.86361999333458,44.36899175634019,0.76971492030435,0.011468829646501588,-0.4815433224713561,0.8764222889584823,0.0,-1,False,56000.0
100.97242775815685,-106.92064284389444,-0.7426867202646212,0.20250685947684022,0.9591203072340528,-0.2829986506173495,0.0,-1,False,56000.0
97.0602566163833,29.6705513326311,0.8503799701797552,-0.25914949347863436,-0.9911788305634398,0.13253122591634203,0.0,5,True,56000.0
76.39037195289634,-52.16168752493369,-0.7370106238462593,0.22227895296302794,0.9774663964586504,0.21109107938073762,0.0,-1,False,56000.0
-125.46417307014606,-70.32373092077883,-0.9337893380254253,0.11468023054273231,-0.4311769862316637,-0.9022673697658453,0.0,2,True,56000.0
-78.06907594164868,-35.49543093430933,-0.05932918171671975,0.8660254037844386,0.9110864139970452,-0.41221541241201637,0.0,1,True,56000.0
184.69391752987505,-88.94854529235086,-0.019897716965142836,0.7695431589275339,0.07983977744077894,-0.9968077096101438,0.0,-1,False,56000.0
-16.20133500988932,-5.044688038943971,0.5685496761126944,0.7472938819148612,-0.060635804221433665,-0.998159956743619,0.0,0,True,56000.0
46.572056773534264,35.842734950572314,0.7471011661527919,-0.18555980202007866,-0.8156563374847591,0.5785367223616278,0.0,-1,False,56000.0
193.64924161799578,-309.9752017611513,0.6491518698137083,0.4137565014715282,-0.2297752753278859,-0.9732437119488602,0.0,-1,False,56000.0
173.70440685150993,-10.554255363201875,-0.24987492620246496,0.7281175137626515,-0.8626069816569168,-0.5058746832929424,0.0,-1,False,56000.0
50.42636351943817,-22.143422683216357,0.5540292199993423,-0.7724440496522609,-0.30399929669945835,0.9526722561333583,0.0,5,True,56000.0
11.609505819828662,-52.47605383723457,-0.24294279025408408,0.8660254037844385,-0.8963862903298008,-0.4432737512066077,0.0,1,True,56000.0
-41.526878016237205,-162.94277505347003,-0.5686686564183943,-0.7470878019802895,0.7315447585417689,-0.6817934190427899,0.0,3,True,56000.0
86.19668347309972,59.6355507808667,-0.7688425664228844,0.03838880890135635,0.9508373569002815,-0.3096906855604127,0.0,-1,False,56000.0
-105.90457435384872,-76.08431789109436,-0.24879383493475327,0.7284876253520378,-0.5775380994051059,-0.8163637324964467,0.0,-1,False,56000.0
268.3162515578668,-176.70937296294449,0.7697342256960066,0.39883202033870463,-0.9448746044956484,-0.32743240795496587,0.0,0,True,56000.0
-130.09758147850118,142.99432294915925,-0.14236228116795668,-0.7565220244601264,0.8658165587901767,0.5003615558021433,0.0,-1,False,56000.0
70.87531284792212,151.34597460024307,0.7367029291719666,-0.22329663396933855,-0.7825646524413697,-0.6225693252556821,0.0,-1,False,56000.0
-4.683525405733576,-109.04440035968219,0.9135670223667323,-0.14970630871028354,-0.15853473213184943,0.9873534011223498,0.0,5,True,56000.0
202.56281075378007,-245.76552690931857,0.7646601993244193,-0.08881087862267595,-0.9691248155992547,-0.24657066287314824,0.0,-1,False,56000.0
-38.91442610285819,-26.136225471434273,0.9223945017868296,0.13441666585190712,-0.5691908224191666,-0.8222054534444537,0.0,0,True,56000.0
65.93066678659451,168.31464616233768,0.7651217555881799,-0.0847425024309162,-0.9866527475875249,-0.16283843427757805,0.0,-1,False,56000.0
194.5935775802701,-41.2421712625182,-0.06730416379661514,-0.7668524904622992,-0.9734600167197075,0.22885715162100073,0.0,-1,False,56000.0
19.019976232748682,184.1310014674613,-0.7596859513263978,0.12437784348467415,0.506065209488077,0.8624952195495293,0.0,-1,False,56000.0
25.88148423738777,-36.632132598146626,-0.7968728295899841,0.3518265795478495,0.6000151208629184,-0.7999886591295218,0.0,2,True,56000.0
264.73240393633023,-244.3558699357471,-0.2671385772087212,0.8660254037844385,0.2871735167466189,-0.9578785785679573,0.0,1,True,56000.0
-208.32126297639414,-44.70708123184945,0.5598319759315332,0.762393381553785,-0.7544723568377748,-0.6563318236743182,0.0,0,True,56000.0
210.56738485887405,39.159870048024516,0.7506186766060771,0.17077527608741785,-0.946319504809147,0.3232327254746222,0.0,-1,False,56000.0
-54.49716721822997,-13.622336635531589,0.5611695625978922,-0.5269547557488049,0.2690412020512086,0.9631286682467882,0.0,-1,False,56000.0
-109.74842287674056,-121.8048056269155,-0.8000905451844457,-0.34625333265393493,0.9950745427547132,-0.09912948280655764,0.0,3,True,56000.0
138.9569398865619,-10.569251107042245,0.044358012546023076,0.7685212809776703,-0.2181415100336559,-0.975917148942584,0.0,-1,False,56000.0
-188.53005217017207,335.9097225223539,0.7692254378721721,0.029745895901068187,-0.8797544825426811,0.4754282810751294,0.0,-1,False,56000.0
-170.89711616050008,31.54507733027195,0.4826067785452893,-0.8660254037844387,0.4802555257100623,0.8771286279816386,0.0,4,True,56000.0
-220.46344293986323,196.46827958127818,0.5364219209676617,0.8029407861591904,0.04342518954717017,-0.9990566815315316,0.0,0,True,56000.0
-91.66254100534115,148.9232090559083,0.4521130826804395,-0.8660254037844387,-0.5311793328603572,0.8472594150211701,0.0,4,True,56000.0
10.660482478616677,117.68465339704113,0.5140609018991296,-0.5730043470439344,-0.859258708306451,0.5115412712572993,0.0,-1,False,56000.0
66.81289843254,-133.4681486080106,-0.8311403342187244,0.2924735204822692,0.014639373473682937,-0.9998928386303676,0.0,2,True,56000.0
-288.226538220633,-100.88688358259132,0.5932906605589362,-0.7044412398246995,0.031048921309125233,0.9995178660161788,0.0,5,True,56000.0
-212.52586549720263,126.24718306234152,-0.4232717500345682,0.6429880389363913,0.5536915446445279,-0.8327218463503505,0.0,-1,False,56000.0
60.15974285740461,-242.20255426015763,0.3391435829464738,-0.8660254037844387,-0.7106466720395082,0.7035490796804215,0.0,4,True,56000.0
-16.696461320444634,-116.78560500227337,-0.5970588450993429,0.6979145527484192,0.9960888931712448,0.0883567592258323,0.0,2,True,56000.0
-21.130499944008843,181.74709456385403,-0.7529921625217909,-0.15998561114471893,0.9438094309266974,-0.3304901785133926,0.0,-1,False,56000.0
63.61300936851194,176.84195032867765,-0.12989357533061874,0.8660254037844386,-0.961730335165134,-0.2739977416387913,0.0,1,True,56000.0
182.6735092549687,-9.322119664815807,-0.3387038003884049,-0.8660254037844388,0.8492797954022626,0.5279430169265186,0.0,4,True,56000.0
54.22764163466835,79.21860264862643,0.07589695861928836,-0.7660497661803275,0.9832788502624018,0.18210629485726185,0.0,-1,False,56000.0
165.46053519593374,100.7847142222963,0.18994631603138215,0.745997982315434,0.7422391497560119,-0.6701350942679186,0.0,-1,False,56000.0
157.7120930471821,200.7126093796919,0.5033092641601166,-0.8602935901234502,-0.7735852159843175,-0.6336922862166525,0.0,5,True,56000.0
-28.8095338961902,-161.63335425123515,0.9270259138569216,-0.12639482483571962,0.24006484832598313,0.9707568534902116,0.0,5,True,56000.0
-132.51770814922278,-93.22081496272185,0.7553681844794399,-0.1483627260090191,-0.32223850411857674,0.9466585162894899,0.0,-1,False,56000.0
-35.57643225499241,-7.472347262290467,0.7548365774047369,-0.15104414587959047,-0.24298987191439697,0.9700288254206766,0.0,-1,False,56000.0
136.5662365376136,72.98030678915846,-0.14925662053071043,-0.8660254037844387,-0.6018714729153147,0.7985929689715263,0.0,4,True,56000.0
44.10756920238807,242.02570438555614,0.7536076358478663,0.15706089196353756,-0.8713929414332009,0.4905857128172294,0.0,-1,False,56000.0
-76.33396755494915,140.73164748218267,0.05811186021232917,-0.8660254037844387,-0.40852781287550627,0.9127458715914007,0.0,4,True,56000.0
128.40292819908146,-44.68729821401059,-0.22499528560880913,-0.7361859235589898,-0.1899989705746667,0.9817842895364394,0.0,-1,False,56000.0
79.63958784248533,-127.34447491348689,0.45612946098323015,0.8660254037844386,-0.3383178988808014,-0.9410318800640376,0.0,1,True,56000.0
17.37315442516578,-15.197006838722405,-0.8715069291839653,0.22255652707391826,0.9631940097053835,0.2688071793454562,0.0,2,True,56000.0
-116.97469147838694,34.60378929797423,-0.21184762962335899,0.740076465249069,0.7651382783047526,-0.6438659915485693,0.0,-1,False,56000.0
-145.29090789835791,-94.8119913087397,-0.7241758954581742,-0.26107827376084713,0.34800965142513407,0.9374909506309582,0.0,-1,False,56000.0
11.196971887156403,206.73052403888346,0.6718078103301175,-0.5684455471555183,-0.9723654627684322,-0.23346393043708003,0.0,5,True,56000.0
150.90746627190742,277.5415852205448,0.5320688664136007,-0.5563230302494571,-0.0681163611685558,0.9976773833966353,0.0,-1,False,56000.0
97.4490973245633,-169.25040824583465,-0.7706193858905737,-0.39729887790887725,0.9274112603549318,0.37404325173281583,0.0,3,True,56000.0
-303.504427081155,37.33422035600334,0.8934370667122028,-0.18457241465803753,-0.9170401747643312,-0.39879483179726105,0.0,5,True,56000.0
180.515527078675,192.41789393070363,0.45073785547272,0.8660254037844386,-0.28215590112537103,-0.9593685670586191,0.0,1,True,56000.0
-40.96747818164395,-277.5219548523643,-0.5176771943640228,0.5697393395474689,0.8158267964191214,-0.5782963239071408,0.0,-1,False,56000.0
165.96863548891181,21.571126249287847,-0.42286454180480404,0.8660254037844385,-0.21281379654904264,-0.9770927734859076,0.0,1,True,56000.0
1.5162714175515863,-98.31205083689123,0.03414235424631973,-0.7690428416148942,-0.9862180033841137,0.16545104956160347,0.0,-1,False,56000.0
12.646648454951002,160.8317912497861,-0.7482555981591246,0.43603409450943265,0.9982191310432432,-0.05965372091729121,0.0,2,True,56000.0
-230.84075476969903,-132.89672878299402,0.8583467672627414,-0.24535059615731078,-0.9997575272698069,0.022020142310303026,0.0,5,True,56000.0
250.08151934492227,120.43840073002535,-0.33569312251914774,-0.8660254037844388,0.8406551452248536,0.5415707957478747,0.0,4,True,56000.0
63.0205492826221,8.423687938908447,0.36532135858622306,0.8660254037844386,0.33907001627071376,-0.9407611408142699,0.0,1,True,56000.0
-68.31733660666485,123.7438005263856,0.7541865027888521,0.4257614663558986,-0.3369230131318602,-0.9415321997797749,0.0,0,True,56000.0
53.78951175462917,-211.88203549987549,0.941959921843295,0.10052836424268201,-0.96150202224939,0.2747978551778107,0.0,0,True,56000.0
-257.31770663440597,-163.8416458763598,0.5700516915902165,0.7446923147940383,-0.43784932125841153,-0.899048370152312,0.0,0,True,56000.0
-47.393865637970904,-143.43246558971774,0.677713995270784,-0.3650977036447971,-0.8208591181878266,0.5711307276691526,0.0,-1,False,56000.0
124.79649838064746,124.19158068584913,-0.7174728105072662,-0.2789719677232765,0.893424587563795,0.4492132081055271,0.0,-1,False,56000.0
15.551210275956528,-304.42475560040225,0.7598739827624494,0.12322387314690753,-0.9877391094846836,-0.1561135855535603,0.0,-1,False,56000.0
38.075937512412025,228.8515288655571,0.8997362807112147,0.17366185596399986,-0.9816937395666503,0.19046627443103972,0.0,0,True,56000.0
2.753809984951009,106.46420098516116,-0.5407813817344648,0.7953899786174843,0.8274767640775831,-0.5614999598501035,0.0,2,True,56000.0
89.68680173106969,7.101645357689936,0.9612952526443506,-0.06703858891410147,-0.995279057120896,-0.09705461584352254,0.0,5,True,56000.0
-83.96029913466889,20.084604738922916,-0.9003574275063013,-0.172585998155951,0.9979370860829475,0.06419947211827681,0.0,3,True,56000.0
-53.72815215607481,-22.136565322011833,-0.464802402421864,-0.8660254037844388,0.8710999068682916,0.49110584628370635,0.0,4,True,56000.0
55.40348750387208,7.483596804538231,-0.7579428819468164,0.41925522680181226,0.6303120100884114,-0.7763419156134144,0.0,2,True,56000.0
-26.55330416027354,-17.370919422301537,-0.12472082064251336,0.8660254037844386,-0.6292531288497044,-0.7772004244934841,0.0,1,True,56000.0
-30.62337761856397,-22.20008784962187,-0.34693233993894035,0.6871903259629634,0.9998122518715976,-0.019376816235971234,0.0,-1,False,56000.0
-65.97832504957425,-240.26641558402235,-0.14398948568115344,-0.8660254037844387,-0.9667931873858204,0.25556003761221335,0.0,4,True,56000.0
67.66973019613621,-19.92069230849601,-0.8513325449213858,0.2574995856281239,0.988963295347062,-0.1481607250801547,0.0,2,True,56000.0
-12.033605047625668,10.49533192679003,-0.8248638053687595,-0.3033447873455802,0.9603670088293237,0.27873860219245267,0.0,3,True,56000.0
-68.0585095385947,153.40476246377412,-0.8459336987175994,0.26685066155533205,0.6123888167005049,-0.7905567260988543,0.0,2,True,56000.0
31.493579009759962,1.670895713110321,0.4654258016718368,-0.8660254037844385,-0.4860957361517759,0.8739055642888787,0.0,4,True,56000.0
55.819391137213756,12.405289744788348,-0.06609501147431987,-0.766957653362167,-0.4397326701583819,0.8981287094817617,0.0,-1,False,56000.0
-95.8128528920931,-77.17233156069832,-0.2149616923120442,0.8660254037844386,0.7434793926990149,-0.6687588448999402,0.0,1,True,56000.0
12.232277865863775,-97.38632871510738,-0.8815681661128542,-0.20512995352609387,-0.31044718204067123,0.9505906306938816,0.0,3,True,56000.0
-137.2939284755115,-48.538029319885446,0.2733886751911091,-0.8660254037844388,-0.5844870676993378,0.8114030242069596,0.0,4,True,56000.0
153.4306087674926,35.17329354654854,-0.6735897660045969,-0.3726518747121297,0.6723410937365584,0.7402414833506161,0.0,-1,False,56000.0
123.45861582754344,-65.4048404923671,-0.9549109661659777,0.07809649746471935,0.9573279864225988,-0.2890036788901594,0.0,2,True,56000.0
56.44888095084479,66.0147194495345,-0.9490723547499793,-0.08820926908287899,0.7070899488921429,0.7071236130802719,0.0,3,True,56000.0
104.1732430785608,-176.47874735098645,0.59720852084378,-0.6976553067543936,-0.23841356185532075,0.9711637212764184,0.0,5,True,56000.0
-115.10593808207781,126.00528064587176,-0.9321895916121606,-0.11745107260973235,0.8952885524916077,-0.44548670886734854,0.0,3,True,56000.0
-122.64534822186816,-11.857091476865829,-0.7690643709683613,0.03365391358566318,0.9996705935542761,-0.0256652368553833,0.0,-1,False,56000.0
-2.139863946312175,46.49889262863552,0.9672616635948172,-0.056704462009057814,-0.9925623531187207,-0.1217373203722431,0.0,5,True,56000.0
-146.38434484278227,-128.48332915018867,-0.8907774174424611,0.18917906232354387,0.9281122223135291,0.3723005543807708,0.0,2,True,56000.0
1.967174375025724,24.339701338220205,0.7329157295156522,0.4626035263813593,-0.1784863562689828,-0.9839423868427595,0.0,0,True,56000.0
165.3583803552143,102.87642862689665,0.7235593559658895,-0.4788092407441414,-0.11447180444513352,0.9934264975261453,0.0,5,True,56000.0
-194.1894613789793,-61.596632762148374,-0.1269619054994653,-0.8660254037844387,-0.9722923756171165,0.2337681251086631,0.0,4,True,56000.0
25.495056607770252,9.290744115232336,-0.9460796623981269,-0.09339276428771032,0.9965307196555605,0.08322574591300802,0.0,3,True,56000.0
-67.96145110781674,336.36152353620474,0.07930570623549858,-0.8660254037844387,0.5150249057631151,0.8571752133862053,0.0,4,True,56000.0
140.11655389141185,-28.12751950515581,0.3236172040710532,-0.8660254037844387,-0.822897979657585,0.568189154309947,0.0,4,True,56000.0
-162.1239653674919,112.697798606353,-0.9358308034887329,-0.1111443086383858,0.8150027151737522,-0.5794571375515205,0.0,3,True,56000.0
240.26825938520938,17.61821806353621,0.39201270205053473,-0.6625093463670011,-0.30421549607264203,0.9526032395227679,0.0,-1,False,56000.0
-34.51373034829136,43.56594833951315,-0.7033555703067947,-0.513803224010925,0.04907566054578774,0.9987950638354144,0.0,3,True,56000.0
-112.1276257040567,-234.36227051991213,-0.21423679707289173,0.8660254037844386,-0.784729555136173,-0.619838305766722,0.0,1,True,56000.0
-143.98864289228172,-288.4266270436964,-0.1719051424689575,0.8660254037844385,0.8875982404391876,-0.4606184576949273,0.0,1,True,56000.0
-147.4095016389918,211.59510707981372,0.8181846837045591,0.31491336541790954,0.20773277188013456,-0.978185614025773,0.0,0,True,56000.0
183.99881313890938,-75.24061051585485,0.4321811882641113,-0.8660254037844386,-0.31955127963663604,0.9475689841286408,0.0,4,True,56000.0
-31.76117129942499,241.264073367076,0.8202147426253991,-0.31139720022465583,-0.19158944910202547,0.9814751565846078,0.0,5,True,56000.0
-19.35870648669812,-55.98357214920197,-0.9827812138174775,0.029823812512794395,-0.20908598350509427,-0.9778972601974599,0.0,2,True,56000.0
240.15950119177387,73.89846218308716,0.8222532867363154,-0.3078663382510784,0.0009444115746561899,0.9999995540432816,0.0,5,True,56000.0
-152.4526043452172,252.5287029150543,0.6584529642264713,0.5915768191342969,0.17645985904771128,-0.9843078370839464,0.0,0,True,56000.0
-101.88002908152639,38.88465781269246,-0.2619480716130622,-0.7238617273836145,-0.08437225887466365,0.9964343038717589,0.0,-1,False,56000.0
82.09982391865091,142.96290374563316,0.7477871480091679,-0.18277574747462294,0.1536148362636266,0.9881308021105726,0.0,-1,False,56000.0
205.25836802030074,87.54741008682784,0.4432109865721346,0.8660254037844386,0.7874586778524724,-0.6163674477735208,0.0,1,True,56000.0
-241.09143166776354,-175.27043350554945,-0.9777021840919334,0.03862095005058943,0.9949790299636572,-0.10008361470567159,0.0,2,True,56000.0
-127.37738417533258,-167.1783109645937,0.7548623047886087,-0.1509155174321777,-0.7883286533579433,0.6152543655227951,0.0,-1,False,56000.0
-56.59005645133551,113.9939352333461,-0.39167046414771745,0.8660254037844386,0.575381545844075,-0.8178851243922182,0.0,1,True,56000.0
-142.27017615320557,-37.12226846442897,0.7045970611654936,-0.5116528987665263,-0.41116795333154227,0.9115596053759356,0.0,5,True,56000.0
205.58582420781963,49.72858729636823,-0.007816629367470393,-0.7697606724806898,0.7878828208096103,0.6158251867803767,0.0,-1,False,56000.0
-232.04352795219603,-138.47731389846922,0.4704199926748041,0.8660254037844387,-0.4597095885506412,-0.8880693070895936,0.0,1,True,56000.0
-386.1262673797239,13.774228982461754,0.39879378904855817,0.6584497751604799,-0.5469224775342547,-0.8371832556661616,0.0,-1,False,56000.0
-60.80964665471956,124.57849584363787,-0.27335073539102206,0.719633217725377,0.8365047821215859,-0.5479596239575476,0.0,-1,False,56000.0
-28.253368341808734,-131.98650895176044,-0.7688523554494906,0.40035946441135367,0.9401213574949444,0.3408398937651732,0.0,2,True,56000.0
24.374534601765973,52.53499587130769,0.6032233005211747,0.4782407785843163,0.09643981013082209,-0.9953388182030918,0.0,-1,False,56000.0
110.69441272197906,-121.34135930614451,-0.1358228495104079,-0.8660254037844388,0.9644392417746297,0.26430465172818784,0.0,4,True,56000.0
51.764235478212356,206.32641377043356,0.8639570825987279,0.23563324494889973,-0.9137227694855635,0.4063381603094035,0.0,0,True,56000.0
12.985627230327864,-131.53396978534977,0.7064146896637741,0.5085046738582197,-0.9644998538754909,-0.26408338053377367,0.0,0,True,56000.0
154.29873412929513,-46.42719600507544,-0.27725613996135234,-0.8660254037844388,0.7601976878346929,0.6496918311097853,0.0,4,True,56000.0
337.6252259376894,149.94281927494964,-0.8082140207077506,-0.3321830603135284,0.9078439887367283,-0.4193081111957785,0.0,3,True,56000.0
-221.72514954674728,-71.55175649952784,-0.14852689538969505,0.8660254037844385,0.9637914115474464,-0.26665729884512523,0.0,1,True,56000.0
-73.01931188228643,-316.7816241354942,-0.9162487159036536,-0.145061479254007,0.8705498828765172,0.4920801778406285,0.0,3,True,56000.0
-353.455294721847,29.483230393754287,-0.6260028769561558,-0.6477820189965274,0.17033581140108534,0.9853860722348059,0.0,3,True,56000.0
-49.03214677005901,69.73127274657911,0.891736135985859,-0.18751851309622017,-0.9714990910025583,-0.23704327913106593,0.0,5,True,56000.0
196.67155066769,109.01697924875381,-0.21150803671902318,-0.8660254037844388,0.8482938363246093,0.5295257947009402,0.0,4,True,56000.0
105.31507613195434,90.70206823735582,-0.7523496477039389,-0.16298036750587913,0.8744162706629388,-0.4851764479031502,0.0,-1,False,56000.0
-38.32740129606542,-67.16058881366523,-0.4054548237384358,-0.8660254037844387,-0.9922720769253577,0.12408112408512587,0.0,4,True,56000.0
-250.99842971028153,43.79315538297396,-0.677492344264603,-0.36550884538605205,0.9666244040300969,-0.2561977000939974,0.0,-1,False,56000.0
63.747833616693065,-120.10323593875034,0.9146682371525773,0.14779894875115504,0.1920795889311182,-0.9813793514824103,0.0,0,True,56000.0
112.69491201258161,2.8986950013292554,-0.3848103001730877,-0.6667185504193583,0.04733178013380179,0.9988792232243884,0.0,-1,False,56000.0
-203.9029793878639,-137.0371269318793,0.9699290371597944,0.05208443547175248,0.09667768494899898,-0.9953157414775025,0.0,0,True,56000.0
-72.79566364617345,99.38624607391567,0.29822328544287413,0.7096868778639283,-0.49378441788267896,-0.8695843539624389,0.0,-1,False,56000.0
-213.24452272059318,-101.67631531535754,-0.6460030338900419,0.4186557927432198,-0.23831078859041765,-0.9711889455926843,0.0,-1,False,56000.0
-239.0980512043677,-90.08220898509468,-0.510808566891199,-0.5759055483177357,0.5831783721260076,0.8123441304548612,0.0,-1,False,56000.0
67.60687720462275,7.759403367609082,0.6508656960878114,0.4110552739580421,-0.732549881424554,-0.6807133546691067,0.0,-1,False,56000.0
389.10384468384973,-112.91577136549056,0.5675286987886559,-0.5200997679713456,-0.9722674415388741,0.233871807029934,0.0,-1,False,56000.0
-13.603672363181904,-52.99201715026489,-0.8594720881124136,0.24340148327086214,0.003012958055576165,-0.9999954610315829,0.0,2,True,56000.0
97.88675533766124,84.60125582220154,-0.34506141964775755,0.6881316801770331,0.6447822344352746,-0.7643663193499841,0.0,-1,False,56000.0
67.51654515475902,47.944534252169674,0.7668771666310432,-0.40378059179944653,0.10018496360882129,0.9949688301985602,0.0,5,True,56000.0
-230.34594186296394,115.06499133104307,-0.6995050188247843,0.5204725748149273,0.9809374866072678,-0.1943235635959158,0.0,2,True,56000.0
-97.58635103688356,-121.00387515800642,-0.6787106246394279,0.3632416283882532,-0.26924763213984,-0.9630709800357791,0.0,-1,False,56000.0
-128.32442865016182,-173.35925717951585,0.766903255491092,0.06672322916164458,-0.5450023670273931,0.8384345054531884,0.0,-1,False,56000.0
-31.99753633439439,253.72744037663912,-0.7296340188689672,-0.4682876159571573,0.9479687313575955,-0.3183634469725791,0.0,3,True,56000.0
55.1232466820131,-204.64319106291433,0.6337586962713652,-0.43696968715577045,-0.962502400794145,0.27127316208116115,0.0,-1,False,56000.0
145.29681253912497,-166.05408131045567,0.7148064774967864,0.2857346536932973,-0.9995650511851412,0.029490819745185082,0.0,-1,False,56000.0
156.6801833656854,-85.65137659222827,-0.26062942564470637,0.7243375560335823,0.024969550152154685,-0.9996882121767681,0.0,-1,False,56000.0
30.000760140525458,-80.3089971598962,-0.5541995746206039,0.7721489867929321,0.944338345460715,0.32897581870482584,0.0,2,True,56000.0
-34.101935943356374,7.507887676787366,0.7695139226228651,-0.020997987574137497,-0.9436043207597825,-0.3310753476830666,0.0,-1,False,56000.0
75.30576704620935,-13.094383707776492,-0.4829052539786529,-0.5994957116380443,0.9895922592664564,0.1438998276576263,0.0,-1,False,56000.0
6.110509291144551,-77.05987640959174,-0.47672251755723294,0.6044238859000247,0.07662547921683671,-0.9970599460086578,0.0,-1,False,56000.0
17.10762648567455,99.12314677147548,-0.4073126636366405,0.6532143496845559,0.015378399299196543,-0.9998817454254264,0.0,-1,False,56000.0
2.595038085710581,-29.898757606164796,0.011399113722299348,0.769715955920714,0.4802035290921294,-0.8771570957630452,0.0,-1,False,56000.0
127.09779878416573,119.12003424119943,0.5436613463240134,0.5449999386291282,-0.9958451724853253,0.09106257429741699,0.0,-1,False,56000.0
-66.83911268948725,-65.98000021023694,-0.08460792151895047,-0.8660254037844387,0.7456287850988945,0.6663615496349882,0.0,4,True,56000.0
-119.84245355004596,223.42277543990733,0.6113232352165736,0.6732079043263921,-0.32647080768441256,-0.945207285059681,0.0,0,True,56000.0
80.45269794147667,-105.96310280840109,-0.4385980790759437,-0.632632845830411,-0.17412882004082403,0.9847228818460471,0.0,-1,False,56000.0
61.30720023456358,87.7750669275822,0.38818567335024784,0.6647589605249462,-0.920902864075513,-0.3897921432475496,0.0,-1,False,56000.0
-112.89729839613395,-98.35547073151257,-0.5242625639396487,-0.8240014103190796,0.9161089476068462,-0.4009294153771513,0.0,3,True,56000.0
15.90904340995704,-1.5886676721151203,0.9436013597966865,-0.0976853103099354,-0.3356458596962137,0.9419882466723142,0.0,5,True,56000.0
60.8649394242187,121.12399843327714,-0.6041667145178944,0.685603361781923,0.23659127056919033,-0.9716092685284815,0.0,2,True,56000.0
-131.46225059186625,182.19719443403795,0.23669422695433284,-0.8660254037844387,-0.6990177287023915,0.7151043385127317,0.0,4,True,56000.0
25.937894987388567,120.2854152233157,-0.17018923377699646,0.7507517680958142,0.23951536744182855,-0.9708925732331104,0.0,-1,False,56000.0
117.44206560070732,27.334251198258478,-0.8706395155468009,-0.22405893156466422,0.9222103438847374,-0.38668861068304733,0.0,3,True,56000.0
146.1008898345029,62.127804072601016,0.3808361730825499,0.8660254037844386,-0.5696501038812967,-0.8218873153589911,0.0,1,True,56000.0
-293.7267506965247,73.36216145304665,0.24071425860596343,0.7311971268381555,-0.6640461129301067,-0.7476916208587729,0.0,-1,False,56000.0
57.220266493718775,69.31867267447312,0.5521882395627417,-0.7756327213041938,-0.4444615213182193,0.895797943772738,0.0,5,True,56000.0
-29.16689164569932,144.45898399300955,0.7769935655875203,0.3862584748171912,-0.9999959512502458,0.0028456076856330226,0.0,0,True,56000.0
-210.55914116580198,-58.82734511688938,-0.1391877679183422,-0.8660254037844387,0.6029666296976602,0.7977664090891796,0.0,4,True,56000.0
47.24675384542186,-38.19507110686744,0.38841094445032154,0.6646273623797034,0.7689061246923247,-0.6393616906029118,0.0,-1,False,56000.0
-86.0873401600974,-3.468577555380235,0.4192469390399359,-0.6456195448545813,-0.3846041727713673,0.923081594598694,0.0,-1,False,56000.0
-116.05176275235073,-15.916620827980722,0.6911698373068377,0.5349095326943196,-0.7053731852044934,0.7088361373367439,0.0,0,True,56000.0
50.8556298768701,62.43459690005144,-0.6665114106532884,-0.5776191804929776,0.1677104931718678,0.9858362898980935,0.0,3,True,56000.0
146.9127045534529,23.9674206494095,-0.5205238854130013,0.8304769914803984,0.8712883124447761,-0.49077151159896115,0.0,2,True,56000.0
70.86954939360417,53.267372671767816,-0.8031458473800697,0.3409613940186377,0.5923508693464494,0.8056801149243412,0.0,2,True,56000.0
137.1960866144146,37.927853442506894,-0.524458470679882,0.8236620898914497,0.5672960861402849,-0.8235139043452191,0.0,2,True,56000.0
-33.476920143200964,-16.456725200067915,-0.08068361411073946,-0.8660254037844387,-0.47865183732363276,0.878004794193464,0.0,4,True,56000.0
21.548523500378465,48.49373708943087,-0.19485063712954356,-0.8660254037844387,0.3863024113935135,0.9223721846150577,0.0,4,True,56000.0
-145.27136724726336,-36.7153047127324,-0.358744461297685,0.8660254037844386,0.5637130540488906,-0.8259706972374148,0.0,1,True,56000.0
-96.9129326985723,208.32912383705295,0.614910309805229,-0.46311759142557907,-0.4070451628385998,0.9134080333617005,0.0,-1,False,56000.0
43.79342112095469,165.0253131653133,-0.25764132632099024,-0.8660254037844387,0.7034746594683559,0.7107203412636176,0.0,4,True,56000.0
-168.02461734531659,-143.78606116714553,0.5677321421813109,-0.7487098922209292,-0.47110671580802105,0.8820762225117363,0.0,5,True,56000.0
123.47399334437807,172.01078606052138,-0.2765114248112279,0.7184246825808931,0.8965387922498059,-0.4429652288738415,0.0,-1,False,56000.0
102.65330663062282,-81.31993790635902,-0.32191852925922004,-0.6992575012913147,-0.42916085559587724,0.9032280775220595,0.0,-1,False,56000.0
295.0408450955498,-37.2132815987437,-0.18790746119459817,0.8660254037844385,0.9959777872471708,-0.0896004872209248,0.0,1,True,56000.0
-147.2950761881894,-69.82760896394939,-0.7445244701090407,-0.195642290932826,0.4297925564050882,-0.9029276595933693,0.0,-1,False,56000.0
191.75856762466896,-51.549622452762236,-0.40814179259089756,-0.6526966138515513,-0.5274481170887401,0.8495872431831425,0.0,-1,False,56000.0
285.65203181802053,-158.35725688750955,0.8323708091803809,-0.29034227533123863,-0.9292052252583055,-0.369564134288832,0.0,5,True,56000.0
101.59442358990086,84.20870262325707,0.7675277742342527,0.05910759994794539,-0.930114961319503,0.3672685103975209,0.0,-1,False,56000.0
-6.4090805419715755,-0.2604018665808433,-0.2097083169382301,-0.8660254037844387,0.6419980286507236,0.7667062874455834,0.0,4,True,56000.0
116.14549928732627,-32.5979108181097,0.7696122042387905,0.0170190387302728,-0.487724551603303,-0.8729975725987718,0.0,-1,False,56000.0
-30.66523430831316,58.090901485519964,-0.5367644188884346,-0.8023475623589251,0.6083174382006841,0.7936938291186174,0.0,3,True,56000.0
-77.23558034996466,14.949948934199247,-0.8071697949448807,0.3339917123893917,0.15881280701785844,-0.9873087117650198,0.0,2,True,56000.0
-257.86145035937835,-61.93151194677031,0.4678599759131997,0.611309770518264,-0.2847131344836379,-0.958612763868969,0.0,-1,False,56000.0
-86.38243703297923,119.62366770625653,-0.6356624258247258,0.6310511895779691,0.5127345058842766,-0.8585472185474726,0.0,2,True,56000.0
69.53238244182862,-120.89643369747658,-0.47994590472415394,0.8660254037844383,0.46108290398878327,-0.8873570620946498,0.0,1,True,56000.0
-239.54616448355995,-193.09896973843814,0.0561323851350255,-0.8660254037844387,-0.9044086844689553,0.4266672373842701,0.0,4,True,56000.0
132.67399725736018,-364.63769186818905,-0.30874145681210763,-0.8660254037844387,0.6142957169588613,0.7890758975700533,0.0,4,True,56000.0
45.19976285153742,2.6634784749410905,0.7507226189911397,-0.43176108908505095,-0.9139755668561054,-0.40576922405480625,0.0,5,True,56000.0
234.47618220725002,18.726087731681826,0.5749792609218676,-0.7361575143538001,-0.7002908404965461,-0.7138576459747747,0.0,5,True,56000.0
48.20190935493179,-173.39727863746785,0.6991407915547014,0.3221719202178518,0.24018755296916156,-0.9707265008222856,0.0,-1,False,56000.0
-127.4938454011898,-85.9976679076059,-0.5149631833611525,0.5721935969365092,0.9149341651988901,-0.4036031136547584,0.0,-1,False,56000.0
-72.51549180268634,19.05243494957312,-0.018380572704393527,0.769580890575936,-0.18171018474215184,-0.9833521285688888,0.0,-1,False,56000.0
224.38929571788745,61.953035122423124,-0.3942896404920602,0.6611567680915278,0.14513220568698015,-0.9894122714381582,0.0,-1,False,56000.0
58.91553557814169,93.9259687141997,-0.7078522957778887,-0.30255201198234466,0.940607973373917,0.33949468394278226,0.0,-1,False,56000.0
59.64229022686638,42.9750022884336,0.7930094339529039,0.35851817708101225,-0.8724247945981806,-0.48874837879047484,0.0,0,True,56000.0
142.5488674718125,-21.47171717042365,-0.5550701265446811,-0.5333758029853473,0.7253950411258402,0.6883327932839094,0.0,-1,False,56000.0
-62.496452341525185,-94.99009807987154,0.6447413497034302,0.6153260321420031,-0.7410618303034242,-0.6714367905226388,0.0,0,True,56000.0
-140.0306792646447,66.57729161196772,0.7657315904671698,-0.07904254520959587,-0.6312442341181738,-0.7755841133575075,0.0,-1,False,56000.0
-55.80814099244302,95.17629016820898,-0.3183108930984068,-0.7009071036360575,0.987352613276422,0.1585396387538978,0.0,-1,False,56000.0
-2.828342014672424,-179.65975906318948,0.9488598073609575,-0.08857741195968083,-0.2527264962457841,0.9675377605526945,0.0,5,True,56000.0
-184.4823431023477,-313.8400595194897,0.5985761894472763,0.6952864352452212,-0.47289763364275844,-0.8811173747549578,0.0,0,True,56000.0
-101.51720136510586,0.880904995202558,-0.9814681369506973,0.03209812836030076,0.37052617524339365,-0.9288220246416965,0.0,2,True,56000.0
47.04941469443276,-187.2601951272411,-0.9964182586098188,0.006203758067366402,0.9999427621572559,0.01069917797439055,0.0,2,True,56000.0
102.43371907058902,-69.64948184042922,0.528920768446747,-0.5593169166924017,-0.6129850673587993,0.790094492573594,0.0,-1,False,56000.0
-0.8354509846686705,360.12595141145067,0.5619089601261512,0.5261662409567339,-0.272835428278522,-0.9620607200567255,0.0,-1,False,56000.0
-123.34496582351905,3.6328530254172224,0.4390578399628056,0.8660254037844386,-0.43261441650333726,-0.901579040702183,0.0,1,True,56000.0
53.95888630275578,118.40383533800282,0.3348732956930817,0.8660254037844386,0.178810479479717,-0.9838835360083107,0.0,1,True,56000.0
63.24802402658067,65.00094382463305,0.3103580731350718,0.7044646613084846,0.15003391646924663,-0.9886808503803874,0.0,-1,False,56000.0
-179.9527375839292,140.47204431025506,0.1387687500317382,0.8660254037844386,-0.1498860637237958,-0.9887032759637119,0.0,1,True,56000.0
79.35459015977446,82.56073851349291,-0.5327383701045039,0.5556819428512942,0.4140093721696948,-0.9102726183708085,0.0,-1,False,56000.0
43.02886811903986,178.27125238867242,0.7214181546356625,-0.4825179102373289,-0.5169691811247136,0.8560040103686648,0.0,5,True,56000.0
-141.60900116303296,21.92510438818737,0.7625378232236211,-0.10549246772151086,-0.8919245474645827,0.4521842562828625,0.0,-1,False,56000.0
482.1769793193916,-56.397409349207486,-0.48560939741770015,0.5973073796063552,0.9393270305391273,0.34302292882332214,0.0,-1,False,56000.0
92.23396664008725,-258.62467792548944,0.6049886009424601,-0.47600565681751844,0.4717911840686227,0.8817103144656468,0.0,-1,False,56000.0
-141.96670265455674,358.5595791476608,-0.8319703673160688,-0.291035860985705,0.8189422534640248,-0.5738759321414725,0.0,3,True,56000.0
123.3199211561117,60.101103190858346,0.55679786041995,-0.7676486237758796,-0.8607235508496618,-0.5090726559271742,0.0,5,True,56000.0
-38.89379975949693,37.180202002502035,0.3368485691055393,-0.8660254037844387,0.4654173123642471,0.8850913655389723,0.0,4,True,56000.0
-161.97677842982932,-211.41757177172255,0.6415706901909659,-0.4254170213807623,-0.8118048679206951,-0.5839288110893698,0.0,-1,False,56000.0
-3.2449221205080967,-38.72175783559693,-0.9240683243209836,0.1315175201798986,0.10098719976621567,-0.9948877250641732,0.0,2,True,56000.0
117.99274957546295,0.14924754065749424,0.915665498768234,-0.1460716409643988,-0.5882059228597148,-0.8087111921525112,0.0,5,True,56000.0
70.42802710284168,25.44490811254476,0.2713835516599063,0.8660254037844386,-0.5964971632950351,-0.8026151843698033,0.0,1,True,56000.0
336.60048614380133,-116.54277079342043,-0.34995299611129266,-0.8660254037844388,0.652830922975324,0.7575036541213305,0.0,4,True,56000.0
-265.9437581802179,-32.36914769199881,0.2742905068221708,0.8660254037844386,-0.12198071521926768,-0.9925324705593216,0.0,1,True,56000.0
125.9981596974327,-56.030496248253066,0.5463610970138396,-0.7857256282618389,-0.5190559662066573,0.854740255250255,0.0,5,True,56000.0
-51.02604955366409,43.83115421699332,0.7025857396919936,0.515136609748983,0.09892652882855413,-0.9950947401599082,0.0,0,True,56000.0
75.89105580744258,200.7007715317256,-0.6824680985782695,-0.5499813862863895,0.9694456569724319,0.24530617231794094,0.0,3,True,56000.0
-41.81624604287051,86.62615213659309,0.49979730099351305,0.8660254037844386,-0.35706245781807283,-0.9340805111000392,0.0,1,True,56000.0
-62.619921737918574,-102.88571341839405,-0.5082878727070136,-0.8516703871692276,0.9619703817477552,-0.27315377471320523,0.0,3,True,56000.0
162.98611386781945,103.29968025464927,0.2694132936447161,0.8660254037844386,0.6878901403578038,-0.7258148212860679,0.0,1,True,56000.0
49.234824542399075,-163.912440040098,0.5345800521169919,0.5539104263968919,0.20167442433068944,-0.9794526157864227,0.0,-1,False,56000.0
12.13132824326409,-50.66944000780311,-0.33083474766223175,-0.8660254037844387,-0.977979847231229,0.2086993493271152,0.0,4,True,56000.0
-37.497041984938136,211.2081597918166,-0.2298350922468598,0.8660254037844386,0.5986358253327433,-0.8010213159636645,0.0,1,True,56000.0
-237.03894805688265,115.56313808130685,-0.4369427491189858,0.8660254037844385,-0.6901887419855606,-0.7236293943976968,0.0,1,True,56000.0
42.78159430564557,101.81856722559533,0.8537065401219448,-0.2533877053238302,-0.14497316748305483,0.989435586943346,0.0,5,True,56000.0
-99.05314255008254,-133.03281136343597,-0.9961144175983947,0.006730026136576075,0.5421994894044888,-0.8402497924364493,0.0,2,True,56000.0
-165.70172772328067,-110.27554336718043,-0.7697352223978877,-0.010013989847538443,0.9886305034330117,-0.15036531409129306,0.0,-1,False,56000.0
35.14035493257563,-183.79097338155387,0.24820647652784572,-0.7286879562626408,-0.2691567217921593,0.9630963913929308,0.0,-1,False,56000.0
102.93808166247905,241.03927001029427,-0.6125190030049121,-0.6711367737629357,0.7923122112744494,0.610115857739646,0.0,3,True,56000.0
21.126549551548223,77.82921480749393,0.8621865483287144,0.23869990026110488,-0.8215821303825552,-0.5700901709695025,0.0,0,True,56000.0
-156.3083185863075,-72.7305239672662,0.6273214417295967,0.6454981978158573,-0.9122580027647369,0.4096160841466993,0.0,0,True,56000.0
150.9978478422107,11.182098072227388,-0.6265340254229707,0.6468620428656413,0.03378418541492062,-0.9994291514738991,0.0,2,True,56000.0
-291.1855469640105,-205.49336716967875,0.6899256003273704,0.34146047883394925,-0.8942775421090414,0.4475127681747275,0.0,-1,False,56000.0
1.8727312793544422,-63.23459634823386,-0.36817293157557635,-0.6760482860326165,-0.03964158840173149,0.9992139633076473,0.0,-1,False,56000.0
-171.42091830994036,147.01775728865525,-0.6401957940232227,-0.4274832603828689,0.9544906152317734,-0.2982409519741917,0.0,-1,False,56000.0
-62.277048044599454,-254.49389691256926,-0.7604005218098682,0.4149984696922998,0.9997236978363475,0.02350591381802125,0.0,2,True,56000.0
150.787147067751,-110.58430149801742,0.04218540089556794,0.8660254037844386,-0.5649126573083862,-0.8251507072121856,0.0,1,True,56000.0
168.75279923563366,-389.6507806271116,0.26739383820361334,0.7218678049915596,-0.17402898982952086,-0.9847405296314897,0.0,-1,False,56000.0
155.47047562501996,157.2111610010612,0.6889900469343248,0.34334429923624676,0.3233862205189822,-0.9462670618691339,0.0,-1,False,56000.0
146.84992345228855,-126.80210864937347,0.393485094570457,0.6616359066310344,-0.7831651018805887,-0.6218138171481578,0.0,-1,False,56000.0
-232.16805891768738,186.3625054122551,-0.41568071713529486,-0.6479213949195375,0.8023434858687107,0.5968625726949435,0.0,-1,False,56000.0
-55.00982022215491,55.07916599782537,0.19035410141266182,-0.8660254037844387,0.1270235058884713,0.9918997071033933,0.0,4,True,56000.0
160.04277110975033,202.4239077724975,0.37335538972786303,-0.6732000783970156,0.8036355352894669,0.5951217744462042,0.0,-1,False,56000.0
-124.98391952072154,-134.48582155328012,-0.19498946936136075,-0.8660254037844387,-0.9829589851960112,0.18382500760887738,0.0,4,True,56000.0
-179.56599022382508,-125.25314775812737,-0.35135807040114386,0.8660254037844385,0.9985464184545477,-0.053898517526894764,0.0,1,True,56000.0
-109.17690495252558,48.26049611036737,-0.515268627159437,0.5719185557907887,0.8347464339636357,-0.5506345348640889,0.0,-1,False,56000.0
132.2674243268649,199.02938737813042,-0.10669792010825963,0.8660254037844386,0.8233453902385914,-0.5675406314730734,0.0,1,True,56000.0
-19.92519090547889,34.662455322054704,-0.6241878558548283,0.6509257277608361,0.14975355745322572,-0.9887233546498782,0.0,2,True,56000.0
-245.68667230398577,-43.93160282485433,0.5326599699365074,0.5557570953391701,-0.3318544071224593,-0.9433306167369908,0.0,-1,False,56000.0
-34.24587304601706,-4.207927483840718,0.02139839787939002,0.8660254037844386,-0.9941861460421275,-0.10767500646812606,0.0,1,True,56000.0
120.99247947363689,35.13034875644588,-0.21621516943091534,0.8660254037844386,-0.49619347477447096,-0.8682119761850942,0.0,1,True,56000.0
-99.99758026932726,-23.2533987038276,0.8451597488951734,-0.2681911819702824,0.049480805475796696,0.9987750747237647,0.0,5,True,56000.0
-4.384801974545969,219.0543383049645,0.35034752382144585,-0.8660254037844387,0.4995220574083309,0.8663011682795593,0.0,4,True,56000.0
-154.1066868103091,-179.59139435814285,-0.32423773945119516,-0.6981851336917531,0.6085777463369235,0.7934942511848917,0.0,-1,False,56000.0
15.913351712390796,-211.2243274452499,-0.42019305439278837,0.6450041779962759,0.6782802405606864,-0.7348033174019563,0.0,-1,False,56000.0
-2.0757254384901933,228.8639347277544,-0.8492720149852576,-0.2610685281680144,-0.31017754929438984,0.9506786459754528,0.0,3,True,56000.0
4.275632128655471,-90.57670523667579,0.8035340334699986,-0.34028903598808863,-0.9291037684295915,-0.36981912807468054,0.0,5,True,56000.0
0.008594338335049174,-47.691423222542525,-0.07287869275427256,0.8660254037844386,0.19631660481145086,-0.9805405604437323,0.0,1,True,56000.0
-76.00969643764469,18.83696214339694,0.35020327464696616,0.8660254037844385,-0.2350552162390458,-0.9719820190305973,0.0,1,True,56000.0
90.05976332609487,138.46523450203273,-0.739591708109898,-0.4510403922658833,0.9992905892747185,0.03766056540964646,0.0,3,True,56000.0
8.620943081101297,-50.646801976718336,-0.5443895536092588,-0.7891404416079006,0.520146820044967,0.854076861644844,0.0,3,True,56000.0
82.2196552565232,-33.30930891548347,-0.5143144980920478,-0.8412319658041645,0.5007543538524781,0.865589439109434,0.0,3,True,56000.0
214.31814479802335,-96.40580145208894,-0.9810989936855871,-0.0327375032507427,0.9937155189539996,0.11193510347506411,0.0,3,True,56000.0
77.25471255929729,30.17740414643969,-0.22347381015547718,0.8660254037844386,-0.12722641783302227,-0.9918737009344367,0.0,1,True,56000.0
74.67588798946375,104.38125746873749,0.17182200172663364,-0.8660254037844388,-0.716807283326925,0.6972713378373445,0.0,4,True,56000.0
-9.707134303428596,36.94015629696936,-0.20915555054426893,-0.8660254037844388,0.9995007703375653,0.03159446303717414,0.0,4,True,56000.0
-151.05147577806505,165.69325234630548,0.18460878233811617,-0.8660254037844387,-0.39743636771321417,0.9176297366688334,0.0,4,True,56000.0
-27.976153578495857,-79.55886657433481,0.358667371854562,-0.8660254037844387,-0.8037807050505825,0.59492569131648,0.0,4,True,56000.0
-183.27208490471082,-11.664052844548698,0.6568979700940866,-0.5942701479770583,-0.07258909950998849,0.997361931613764,0.0,5,True,56000.0
85.08550917096866,128.1286710401443,-0.1703495946366268,0.8660254037844385,-0.8684757843046104,-0.49573159277625695,0.0,1,True,56000.0
22.763415479595054,61.93212298379945,0.01871475092503258,0.7695728365076345,0.7881401115370205,-0.6154958688621941,0.0,-1,False,56000.0
-31.730312159639627,144.9503021373719,0.5525554611464908,-0.535980461350767,-0.8952886292704971,0.4454865545658493,0.0,-1,False,56000.0
10.157082550461983,-88.19255248993797,0.9369610518280685,-0.10918666108948587,-0.5309687901406958,0.8473913758686235,0.0,5,True,56000.0
-199.00863980403892,120.57420733703782,-0.6158614040077331,-0.665347565406781,-0.0906967764093013,0.9958785542168106,0.0,3,True,56000.0
-112.23745005805416,-81.19684002140978,-0.6299090482138876,-0.4425010548810777,-0.114708497144485,0.9933991950282899,0.0,-1,False,56000.0
-41.51448868518291,177.36340947700472,-0.516575709640011,0.83731543251643,0.9984527155552819,-0.05560732685785429,0.0,2,True,56000.0
103.78475814664007,-68.03597249423277,-0.4658986717809558,-0.8660254037844387,-0.017721422747038695,0.9998429632576319,0.0,4,True,56000.0
-59.879397865939694,-228.75623324127542,-0.7424683071351478,-0.20330618655727167,0.5896518367785236,0.8076575458594496,0.0,-1,False,56000.0
-262.6266220439825,90.90731406544961,0.27779696005691373,-0.8660254037844388,-0.5750056232785815,0.8181494565163512,0.0,4,True,56000.0
83.08950669303547,93.14512082312123,0.5720081995719783,-0.7413035435642131,-0.9997301400078583,-0.023230306925633742,0.0,5,True,56000.0
-117.05283962436744,9.864362314994183,0.8332848799821632,0.2887590582608369,-0.6918515646404335,0.7220397582575142,0.0,0,True,56000.0
277.01770027504426,-118.93380246953164,-0.3042633463167699,-0.8660254037844387,-0.43980041646651036,0.8980955370537607,0.0,4,True,56000.0
-118.87169326095832,270.835458554361,-0.47203989965777915,-0.6080879259808292,0.991925931546639,0.12681855670730344,0.0,-1,False,56000.0
96.56065995817157,2.446890908295377,0.7677335193005994,0.05637229758408482,-0.960683974998309,0.2776441970966673,0.0,-1,False,56000.0
119.12357006323822,-194.39669085168407,0.24924427933004292,0.7283336335868611,0.2282507952280205,-0.9736023697987646,0.0,-1,False,56000.0
232.94890983785646,159.35414192352636,-0.1780632277818992,-0.8660254037844387,-0.5399204713002593,0.8417160356503178,0.0,4,True,56000.0
229.20653537053832,-60.821577262693054,0.4302687082301392,-0.6383270566962985,-0.8953183665801385,0.4454267868733,0.0,-1,False,56000.0
-118.54964105480276,-22.551914235346338,0.4284055162290885,-0.6395790070484495,0.5832627805681331,0.812283527349847,0.0,-1,False,56000.0
-88.61249351513612,-145.70762300355898,0.7639561797934037,-0.40883988941047794,-0.7807664718089439,0.6248229481213102,0.0,5,True,56000.0
135.4972141411066,181.77514364702586,-0.8998161435079632,0.1735235295423972,0.9615464552822555,-0.27464233893216206,0.0,2,True,56000.0
68.80751497363154,106.92241936595735,0.631076464222414,-0.6389943080747338,-0.18924021781283695,0.9819308223913443,0.0,5,True,56000.0
-166.73136501229268,52.69976097318387,0.14056396365970958,0.8660254037844386,-0.8009759973714903,-0.5986964603492658,0.0,1,True,56000.0
81.48375718542596,28.16916213181039,0.658171639644807,-0.5920640876031572,-0.42825016445450154,0.903660221900182,0.0,5,True,56000.0
414.09552487536376,-53.49999433051381,-0.3715016762040504,-0.8660254037844387,-0.8891813169518474,0.45755500825994644,0.0,4,True,56000.0
67.79526606838013,-158.2449978101206,0.8306798020033133,-0.2932711856778833,-0.4600663891027469,0.887884518176737,0.0,5,True,56000.0
-309.9663055347756,-144.32916117328884,0.7555095002367728,0.14764141574969547,-0.726835306047142,-0.6868117921842598,0.0,-1,False,56000.0
-101.38918638011975,19.6388077490833,0.45434005048970816,-0.6214239383171539,-0.8087116476176414,0.5882052966503807,0.0,-1,False,56000.0
77.02608590604353,118.29862370877927,0.014610151584968062,0.7696617023493222,0.9312896591103796,-0.3642795229409196,0.0,-1,False,56000.0
-93.10939792071896,-181.45712196951774,0.7546390564703587,-0.1520279153383321,-0.9985521380102266,-0.05379244998312732,0.0,-1,False,56000.0
-174.9631674329115,-191.20050463493612,-0.38908770864648445,0.6642313961059207,0.5533578195856836,-0.832943649656669,0.0,-1,False,56000.0
5.776321300031586,-32.155273003925565,0.17030949705040227,-0.7507244952757512,-0.9999023213648749,-0.01397668519779724,0.0,-1,False,56000.0
-91.96025024275876,-137.92450760906934,-0.2718295253689836,-0.8660254037844387,0.4321558363443845,0.9017989427325181,0.0,4,True,56000.0
35.077756113486956,48.371200738645115,-0.2851957118489721,0.8660254037844385,-0.8092048445258313,-0.5875266118193454,0.0,1,True,56000.0
51.02087471865399,-194.12771300160088,0.09037594838174647,-0.764476801836846,-0.7631575689557626,0.6462124456751964,0.0,-1,False,56000.0
80.46954872027207,-70.98013962536803,0.42300042091539314,0.8660254037844386,-0.7576280161509876,-0.652686593353278,0.0,1,True,56000.0
87.4819100088309,-23.75304036702132,-0.6833941355231326,0.35435158829216856,0.5757608355310337,0.817618162878367,0.0,-1,False,56000.0
-83.40335110362929,-207.40848916597014,-0.7136485022205533,-0.4959753429774481,-0.05977306845185448,0.9982119916570115,0.0,3,True,56000.0
-143.81368996711265,-162.80645966908207,0.6573391605429438,-0.5935059837038233,0.26575562639925876,0.9640404281134344,0.0,5,True,56000.0
-106.36197924671745,121.26306791528769,-0.4417777789126943,-0.8660254037844386,0.43060641870037386,0.9025398119606863,0.0,4,True,56000.0
165.76857479003127,22.53195210597189,-0.035772451425076734,-0.7689687407896584,0.8056037397706217,0.5924547362183701,0.0,-1,False,56000.0
115.10498927059899,81.58807426859488,0.15907312347399305,-0.8660254037844387,0.6598681234022782,0.751381434237997,0.0,4,True,56000.0
-139.56354173587047,-133.0550967927358,-0.5077445363313432,0.5786087438142131,-0.17655862954159057,-0.9842901250822221,0.0,-1,False,56000.0
-2.8895834071893827,108.9944772208242,-0.11827228176707799,0.760660410405459,0.9851886009800105,-0.17147425608251396,0.0,-1,False,56000.0
-203.01974369669483,-51.8330030090934,-0.18609944664695133,0.8660254037844386,0.8268074386472917,-0.5624850748219926,0.0,1,True,56000.0
96.67703848702894,126.1338129873122,-0.408024310407732,0.6527700626628699,0.8915320998047473,-0.452957520102838,0.0,-1,False,56000.0
-212.84124940055423,-128.71464557673292,0.9875151726004983,-0.021624355379664947,-0.34931889452715414,0.9370039006996235,0.0,5,True,56000.0
98.81303611532984,-215.07363859987007,0.5306964775882645,0.5576323531395941,-0.9716831847600138,0.23628751226974132,0.0,-1,False,56000.0
-109.33254161454828,15.374332208633957,0.8025730427031376,-0.3419535208218966,-0.8112721457846648,-0.5846687142937788,0.0,5,True,56000.0
41.81910213172407,48.71714635395043,0.954478283699166,-0.07884592548078063,-0.4277342818547201,0.9039045215763799,0.0,5,True,56000.0
-113.604733825915,342.95769453963226,0.13295955031014353,0.7582310667427951,0.46502636935592434,-0.885296829206812,0.0,-1,False,56000.0
72.38175072281535,-111.94775591951966,-0.23176807926610254,-0.7340818415039934,0.39903394240695367,0.9169361552513707,0.0,-1,False,56000.0
189.75742296068043,-59.07041834665808,-0.06824821599467884,-0.7667690484142771,0.4749604599015733,0.8800071372040679,0.0,-1,False,56000.0
18.55999849983083,-13.059208610903545,0.8440462930461046,0.270119744072855,-0.6061549494807008,-0.7953465767953272,0.0,0,True,56000.0
154.43680948340582,-65.49592946697912,-0.8859367922740932,0.19756327105555369,0.9566678059708436,-0.2911815739687648,0.0,2,True,56000.0
163.65999064523032,38.34449349491006,0.6374882176072043,0.6278888254466751,0.15577687331690443,-0.987792268515802,0.0,0,True,56000.0
-96.08543439217597,-31.560214366759347,-0.003622920885367198,-0.8660254037844387,-0.9769189957870529,0.21361010198586095,0.0,4,True,56000.0
52.46135118320008,111.57368487455972,0.45305630724089296,-0.6223604864239358,0.5463881368831662,0.837532091249846,0.0,-1,False,56000.0
75.24541452856263,148.69229475600255,0.4194633764136005,0.8660254037844386,0.813673994508259,-0.5813214520908117,0.0,1,True,56000.0
-168.70878374533925,346.62621715860735,-0.6655299803028972,-0.386862298383569,0.7759856875012457,0.6307505154918375,0.0,-1,False,56000.0
-148.73147594058014,154.48181530312527,0.06521447830511712,-0.8660254037844388,-0.8420759461181693,0.5393589722709584,0.0,4,True,56000.0
-0.6935424185641978,-40.01545029384151,-0.6199107492731731,-0.6583338936696501,0.3064020984589811,0.9519021767282205,0.0,3,True,56000.0
-160.71138142406295,133.25349638172585,0.9920087256897778,0.01384129312252531,0.05095188215945684,-0.998701109293667,0.0,0,True,56000.0
-144.24755822628674,97.81489010491998,0.2671801385344528,-0.8660254037844387,-0.16708782897761276,0.9859420152359547,0.0,4,True,56000.0
331.86373156099364,-81.81024840853799,0.52101132045904,0.8296327292152696,-0.4561685188179789,-0.8898934107180454,0.0,0,True,56000.0
-128.62663873207694,28.66482850952554,-0.8813814284339954,0.20545339267356527,0.6678365630035272,-0.7443079504584371,0.0,2,True,56000.0
-5.64585520637107,194.3307022511953,-0.4107494879025519,0.8660254037844385,-0.9267330618096431,-0.37572041753001567,0.0,1,True,56000.0
96.82004773219758,-153.31921736466109,0.8506020869021205,-0.25876477603028725,-0.9053649011393818,-0.4246344260477198,0.0,5,True,56000.0
206.62145233801965,11.189467861314888,0.5885611056542214,-0.7126330692168518,-0.36912991843091514,0.9293778044042091,0.0,5,True,56000.0
-51.897449174976074,-190.1626227515288,0.25089149580666115,0.8660254037844385,-0.7297515806139536,-0.6837123887947618,0.0,1,True,56000.0
39.694463010265395,113.44607677240698,0.5057134836447493,0.8561293598235191,-0.5603882609697464,-0.8282300386772276,0.0,0,True,56000.0
-17.228799182294946,68.79201343741435,0.39725397584249045,0.8660254037844385,-0.5838211499589593,-0.8118822974179076,0.0,1,True,56000.0
194.217937873304,21.899292268741632,-0.9995580565595854,-0.0007654684928699038,0.8901409134060809,0.4556853676393302,0.0,3,True,56000.0
345.68744320504106,16.12230451948847,-0.44024765571353586,0.8660254037844385,-0.9893652794935212,-0.14545220428956174,0.0,1,True,56000.0
-85.39080491986532,-52.3769956345983,0.856858737648015,0.24792793905318422,0.3286006559057781,-0.944468956047936,0.0,0,True,56000.0
264.0699000125924,123.88090625376663,-0.2836723242277608,-0.7156274205617141,0.5341625978498726,0.8453817593598049,0.0,-1,False,56000.0
18.32436541911029,-63.96145445554821,0.4063063853947576,0.6538407403795201,0.5308494146618714,-0.847466163898683,0.0,-1,False,56000.0
-74.56639241525086,-107.9753444902389,0.5088151454178463,0.5776674998526474,0.287271815697562,-0.9578491028892864,0.0,-1,False,56000.0
271.0754800679975,49.716956413286866,-0.5832064416914169,-0.7219076192578878,0.8273833416089476,-0.561637610944993,0.0,3,True,56000.0
-78.70949398849787,-95.33869828220978,-0.3941235864059387,0.6612557683915604,0.9999543241978083,-0.009557694183049054,0.0,-1,False,56000.0
75.83399827928396,211.43773566857192,-0.9605574866631136,-0.06831643707769985,0.9362579026447527,0.3513134494084108,0.0,3,True,56000.0
176.0463886390747,-124.35942441963535,-0.4401169953774213,0.6315770918680815,0.557379249544413,-0.830258015424899,0.0,-1,False,56000.0
124.20756998922502,-40.982784685138306,0.5985397081119442,0.4840896718644812,-0.932173771502296,-0.36201113204317303,0.0,-1,False,56000.0
-52.7399490554069,-162.37839084054244,0.41273155946781764,0.8660254037844386,-0.2280732610440272,-0.9736439737382102,0.0,1,True,56000.0
72.92466772727755,7.379351902193749,-0.4969271170580472,0.5879251933069123,-0.04524766608924047,-0.9989757998637742,0.0,-1,False,56000.0
-67.67456547989363,-138.56876280912573,-0.761498260715735,-0.11275190250946018,0.1714330464484985,0.9851957727200125,0.0,-1,False,56000.0
-25.85459583155023,35.22675379827159,-0.33130611855208936,-0.8660254037844387,0.2731078160697033,0.9619834306273842,0.0,4,True,56000.0
158.9281084970715,-68.35048930319327,-0.7441371167880991,-0.44316751349407435,0.06331856721076262,0.9979933662336505,0.0,3,True,56000.0
220.41083018537313,194.2631221147599,0.4605458118733028,0.6168388345091064,-0.9759247133819315,-0.21810766563878142,0.0,-1,False,56000.0
-148.0826933593482,-138.06154521271262,-0.31620303495082525,0.701860551164175,0.9828823456668108,0.1842343468968503,0.0,-1,False,56000.0
-369.67730928711654,-77.58290682830598,0.6742725847770046,-0.5641764325843122,-0.9937178224710789,0.11191465187069086,0.0,5,True,56000.0
-264.5271001297445,-135.79707058902756,-0.0627736269227257,0.8660254037844386,0.9108903939371459,-0.4126483857147957,0.0,1,True,56000.0
14.42412863314598,81.04559630795279,-0.8323031778314743,-0.2904594162637292,0.9879081971737014,-0.15503997535151615,0.0,3,True,56000.0
-53.3357399008569,398.79643440680803,0.586886679012547,0.7155332612337787,-0.7121896175212039,0.7019871428274165,0.0,0,True,56000.0
193.98733725160307,-113.63713822098906,0.3910168169891338,-0.8660254037844386,-0.4933222039226257,0.8698466549437874,0.0,4,True,56000.0
-13.693030592580254,5.602004747742917,0.5573885778782556,-0.7666254711251771,-0.9884121228974883,-0.1517941873369045,0.0,5,True,56000.0
-72.84030868953108,124.41574785085842,0.464587466910211,-0.8660254037844386,-0.31052454158109194,0.9505653628635117,0.0,4,True,56000.0
-57.20853022740722,-10.938836293184673,0.05822243593090218,0.7675954276484874,-0.8490413795488978,-0.5283263535104904,0.0,-1,False,56000.0
135.32828286493827,-84.99397923415349,0.4299242140464973,0.6385591302057265,-0.09001843330060749,-0.9959400994367618,0.0,-1,False,56000.0
-262.1990166521862,13.8996683674358,0.394586211644052,-0.8660254037844388,-0.611085295482259,0.7915647551813688,0.0,4,True,56000.0
120.71605251036343,-225.51997585550208,-0.15505734711146613,-0.8660254037844387,-0.9534643219685912,0.30150586517175254,0.0,4,True,56000.0
43.02310337614746,179.00745953574585,-0.8905036998179979,0.18965315515604111,0.5116535608198014,-0.8591918491817866,0.0,2,True,56000.0
13.445199456529677,78.1251546450696,0.5170503510236278,-0.8364933295246312,-0.41392935912600076,0.910309005587408,0.0,5,True,56000.0
-239.15097319914494,96.8193642406143,-0.8708605526706957,0.22367608403572048,0.39253561587930236,-0.919736804888355,0.0,2,True,56000.0
31.31636082229902,120.29080868306917,0.7493085781076121,0.17643482470005964,-0.8067486959169161,0.5908946958945756,0.0,-1,False,56000.0
254.78127284410124,-124.88005948593964,-0.6293055051584338,0.6420616991516721,0.6473461960216296,-0.7621961050125564,0.0,2,True,56000.0
175.06533392483462,-68.93636942075496,-0.22190184786316758,-0.7371242517428822,0.9730558771773032,0.23056942531632715,0.0,-1,False,56000.0
107.72738126635463,-194.51711388581495,-0.6335472758289087,0.6347147368363537,0.13048435046498147,-0.9914503690471497,0.0,2,True,56000.0
-182.3944763633479,-100.29651405618202,0.6272581863195904,-0.44625078183421735,0.38455870045494484,0.9231005394345683,0.0,-1,False,56000.0
-267.44051299114085,-188.02890808539277,-0.4491601707620625,-0.8660254037844388,0.5713161690748266,0.8207300621724904,0.0,4,True,56000.0
254.87693145839745,19.009776264303433,0.6259839015047245,-0.44803654722524106,-0.9481790025358754,-0.3177366506245086,0.0,-1,False,56000.0
69.38567667199005,-37.73248867083268,0.9644401719464742,0.06159142889712028,-0.9689393006061375,0.2472986691045216,0.0,0,True,56000.0
-197.83084391403418,-54.93558025751095,-0.8544349324486848,-0.25212609280607357,-0.10640920284746436,0.9943224233362891,0.0,3,True,56000.0
97.89706128277008,5.413291937544777,0.7683684330992615,0.04693126473022079,-0.9615789286441229,0.2745286214361356,0.0,-1,False,56000.0
224.99640318174892,125.87298642213266,-0.21001735069352184,0.8660254037844386,-0.17253733162708146,-0.9850029792822975,0.0,1,True,56000.0
-111.30090798733278,24.92337694049407,-0.7325915558810041,-0.2364364710539429,0.6425849664009337,-0.7662144353609505,0.0,-1,False,56000.0
221.76426435918592,-197.86007434937426,-0.06496954729191379,-0.8660254037844387,0.5940231759439598,0.8044479264945921,0.0,4,True,56000.0
-38.69224170613067,-22.208575630740295,-0.5980478752332677,-0.6962015023062451,0.420819954519765,0.9071441814165857,0.0,3,True,56000.0
46.35927350172042,227.7482073073521,-0.7337880158414447,0.23269667036738592,0.9948572628025532,0.10128685328810166,0.0,-1,False,56000.0
-104.69491967840413,196.32524325311647,0.5700414826416363,-0.7447099972116705,-0.9157459225220976,0.4017578939910579,0.0,5,True,56000.0
50.52470800868241,-203.44307830571293,0.10597770916163872,0.8660254037844386,-0.3459117922867279,-0.9382670365929808,0.0,1,True,56000.0
103.43920734017249,-82.62477376208967,-0.5318376617973029,-0.5565440630233782,0.3435113213258415,0.9391485357071947,0.0,-1,False,56000.0
20.19443034062735,-11.431183245057008,0.531573410729944,-0.8113386522319351,-0.9350183379942473,-0.35459936211797827,0.0,5,True,56000.0
-116.64336746504111,51.122816831037575,0.14326979969132794,-0.8660254037844387,0.01454201651632564,0.9998942592872685,0.0,4,True,56000.0
55.2969924833473,128.77538428923916,0.36414343930263715,0.6782272098680788,-0.1972935831519123,-0.980344450714679,0.0,-1,False,56000.0
155.66051492368845,39.0136745980095,0.9065707865066791,0.16182414468163178,-0.08423803148723974,-0.9964456603604359,0.0,0,True,56000.0
-202.16672313116797,154.38997054388747,-0.5246957812380849,-0.8232510559474701,0.691288547038618,0.7225788155856873,0.0,3,True,56000.0
157.35936459050825,5.1030254551723635,-0.6529178965999014,-0.40778770566577016,0.840799056787092,-0.5413473433073528,0.0,-1,False,56000.0
111.89889647189982,127.13150215649566,0.49781850961602675,0.8660254037844386,0.9314826401797218,-0.3637857763077032,0.0,1,True,56000.0
-32.61760441163758,156.57210859556602,-0.5170113928399915,-0.8365608070780599,0.7156418148789863,0.6984674600843626,0.0,3,True,56000.0
-117.90005271747643,-9.433189504070603,-0.312800003248373,-0.7033837861085585,0.2738758558332756,0.9617650521783272,0.0,-1,False,56000.0
-64.78094616677508,50.01702722296399,0.4461998603903565,0.8660254037844385,-0.0051167884526807095,-0.9999869091522744,0.0,1,True,56000.0
154.8953139539742,-129.69668490152142,-0.9916956427216951,-0.014383568730228101,0.8122898565541762,0.5832539660723964,0.0,3,True,56000.0
158.6651693045855,60.1142369847574,0.7468854221081347,-0.18642628257556892,-0.9088758354389872,0.4170668001113088,0.0,-1,False,56000.0
-54.976065588935285,139.59121954967767,-0.4756162864314166,-0.6052947552009524,0.48156430960315005,0.8764107574171079,0.0,-1,False,56000.0
192.6310232771691,118.35123959582495,0.9811541891998222,0.032641901815738755,-0.5750987530560219,-0.8180839958301328,0.0,0,True,56000.0
-43.36942404606938,-134.79850154989165,-0.23009163144094708,0.8660254037844385,0.9376323272498533,-0.3476285645570817,0.0,1,True,56000.0
-104.95986899290959,129.9849404285794,0.16875850946101723,-0.7510746687760732,0.24372754404034414,0.9698437421956477,0.0,-1,False,56000.0
-63.1130640979062,-151.6159095455102,0.6142910301798337,0.463938705901104,0.3173664874956168,-0.9483029645712886,0.0,-1,False,56000.0
40.391588388376654,368.51093289805766,-0.5210910574050953,0.5666186570216623,0.9935075562574921,0.11376614460927559,0.0,-1,False,56000.0
-16.668393937216866,141.3491805197712,0.7668710410506503,0.4037912016159131,-0.5264170800695194,-0.8502264744237711,0.0,0,True,56000.0
88.83092497630834,-146.35016584468661,-0.6562302691645125,-0.40243561773886743,0.8657148958314398,-0.5005374303042137,0.0,-1,False,56000.0
134.16261890165256,-142.78588909442112,-0.5978644479758176,0.6965192076356413,0.5553795980307747,-0.8315969589237131,0.0,2,True,56000.0
-34.997769807314576,-36.70658145487776,0.5428271372192786,-0.7918466261779238,-0.5841590289416089,0.8116392233658881,0.0,5,True,56000.0
184.70664494207398,-36.26419857554026,-0.3100150247726742,0.7046156945511436,0.36964097833961995,-0.9291746591099671,0.0,-1,False,56000.0
-267.7398599475189,15.264631570268767,-0.18281331867588074,-0.7477779637748783,-0.09115896824778527,0.9958363532769795,0.0,-1,False,56000.0
108.00471235786566,73.61765383241203,0.3094950989730538,0.8660254037844385,-0.408397061179823,-0.9128043823403125,0.0,1,True,56000.0
-76.78938308907978,-83.08218091393228,-0.007466492593812046,-0.8660254037844388,-0.9135695529006262,0.40668251992549914,0.0,4,True,56000.0
73.60835686070268,-144.98898888096556,0.9114504816224506,-0.1533722648156697,-0.5009995679147424,0.8654475333313023,0.0,5,True,56000.0
244.06875307290568,107.44643190252066,-0.12028579733912756,-0.760344605788114,0.31577133456512485,0.9488353198879904,0.0,-1,False,56000.0
-238.74964056448388,-213.43918215087763,0.25969026792473104,-0.8660254037844388,-0.7217695831396125,0.6921334183916141,0.0,4,True,56000.0
-103.94103040105897,42.38677323233747,-0.7053671823778046,0.5103190096988175,-0.06368076958533053,-0.9979703199920369,0.0,2,True,56000.0
44.15653968620027,17.14657878643099,-0.9213723795664595,0.1361870334691336,0.9626337210954385,0.27080679276924785,0.0,2,True,56000.0
-39.79815257374381,0.7759990260007301,-0.7528074732003162,0.16085241958499602,0.920698679810759,0.3902741869438885,0.0,-1,False,56000.0
113.25005322057646,158.62613065387504,-0.8684735522027816,0.2278104901238383,0.7766754762871568,-0.6299009481927317,0.0,2,True,56000.0
-23.839868427737386,-10.70775779994056,-0.8313672549054494,0.29208048232357336,-0.2172643602982982,-0.9761127997030725,0.0,2,True,56000.0
54.8602443044924,103.10978323570464,0.9868238471391825,0.022821766203230516,-0.9090986712812194,-0.4165808515459092,0.0,0,True,56000.0
-103.93902525624999,224.02478770223215,-0.383377522270653,-0.8660254037844388,0.6864901776645311,0.7271390760852432,0.0,4,True,56000.0
133.15055244160067,75.46007529911942,0.5640610018818358,0.7550684937413334,-0.6551697006650699,-0.7554817425526856,0.0,0,True,56000.0
130.15600720335732,206.67930252242218,0.4654536614566769,0.8660254037844387,-0.4123911653253223,-0.9110068752548536,0.0,1,True,56000.0
87.00723691379434,-87.97760079123121,-0.06841887472643449,0.8660254037844385,0.8671657994876103,-0.49801955403278464,0.0,1,True,56000.0
12.888268238693747,60.39892467570386,0.1339312532824027,0.8660254037844386,0.3061912559510596,-0.9519700177942029,0.0,1,True,56000.0
34.59857148061677,200.99278294962429,0.47990744818028247,0.6018981922000446,-0.20749180175792264,-0.9782367567226435,0.0,-1,False,56000.0
109.78247168233682,161.73338643341066,-0.46736636364749273,0.6116872360312187,0.6451224039996835,-0.7640792392531429,0.0,-1,False,56000.0
-132.64722360692716,-147.75704426783327,0.526121299214173,-0.820781986385782,-0.8680048866941718,0.49655565314981753,0.0,5,True,56000.0
70.29123807442986,7.533732109607954,-0.71892960782201,-0.27519595125924956,0.9976373366159079,-0.06870039730526606,0.0,-1,False,56000.0
144.1299828114083,-48.840881513813066,0.1165273561885733,-0.8660254037844387,-0.9320766035215896,0.3622612388424402,0.0,4,True,56000.0
-186.2900778546558,-91.95749606873576,-0.6272860267485618,0.6455595383623582,0.9740532549333974,-0.2263189266359648,0.0,2,True,56000.0
-5.927139521696923,-13.228526773561109,-0.9353063891098509,-0.11205262098682886,0.9974605410262619,-0.0712212685621253,0.0,3,True,56000.0
-128.1951854254789,8.210118108687391,0.08498984461685251,-0.7650943202668515,-0.6613340043258364,0.7500915508938444,0.0,-1,False,56000.0
115.745024368895,104.16020951814946,-0.23756569212560705,-0.7322261498454379,-0.15113273936052368,0.9885134774464991,0.0,-1,False,56000.0
29.40447556702376,-12.628057481404136,-0.2626738893391236,-0.8660254037844387,-0.6937948179912774,0.7201727227050853,0.0,4,True,56000.0
-3.195157672323586,-136.9092465921152,-0.16165912670207144,-0.8660254037844388,0.9048611294654128,0.42570686673177754,0.0,4,True,56000.0
175.85421961055613,-218.74218576957924,0.8024943966285101,-0.34208973981896756,-0.8222895109163966,-0.5690693808639385,0.0,5,True,56000.0
-188.93629947112476,-206.5934111705523,0.99366347392235,0.01097518510997546,-0.9920411886463489,-0.12591378013997473,0.0,0,True,56000.0
25.66125761105689,-50.03699256928893,-0.7557514928921513,0.14639765566386953,0.376394718260881,0.9264593979583325,0.0,-1,False,56000.0
-136.49389995021193,85.06715321324765,0.28462502830661224,-0.7152490376463658,0.3553395373013469,0.93473729637287,0.0,-1,False,56000.0
-9.790326702182584,-176.898235501084,-0.16911970324241768,0.7509934211215095,0.05893004488063458,-0.998262114782663,0.0,-1,False,56000.0
44.14037133944798,144.2947637966967,-0.2995984071667888,0.7091074580172708,0.25213926522553964,-0.9676909583805863,0.0,-1,False,56000.0
40.00596603079255,393.7269907381915,0.4927993837272268,0.5913893472076224,-0.9754524499010282,0.22021016775364444,0.0,-1,False,56000.0
17.6995274173256,-16.426413590665963,-0.5383206613682421,-0.5502758018817935,0.8773089538532215,-0.4799260354356415,0.0,-1,False,56000.0
-49.762358370934194,82.96300449629028,0.3146114216764506,-0.8660254037844386,-0.5859313230295714,0.810360712703186,0.0,4,True,56000.0
-57.2539990766822,-219.9338799201641,-0.46475030275904733,0.8660254037844385,0.230691661605314,-0.9730269046978052,0.0,1,True,56000.0
-172.1566611060251,191.31612922259342,-0.15502759071615435,-0.8660254037844387,-0.05444135016103005,0.9985169700073453,0.0,4,True,56000.0
64.23169668725822,-112.31842736490405,0.5576969788986541,-0.5306285634225757,-0.5042612034367155,0.8635511789746743,0.0,-1,False,56000.0
-49.250073150401356,-74.38477638297333,-0.5431742200892258,-0.5454854344737846,-0.026194482050811874,0.9996568656844667,0.0,-1,False,56000.0
43.09131296404669,214.7695707228677,0.22428635918895462,0.8660254037844385,-0.6725373168680268,-0.7400632117731227,0.0,1,True,56000.0
137.89804409146325,-141.36366947009648,-0.8636746052829201,-0.2361225100118643,0.09206876062131358,0.9957526516749278,0.0,3,True,56000.0
-119.49718994758106,-236.2804730795937,-0.054604807822907275,-0.767861255407001,0.7936982142901161,0.608311716665625,0.0,-1,False,56000.0
88.59403860889722,-290.4842217015644,-0.6818901992414573,0.5509823372994087,0.2041328151906894,-0.9789432025211264,0.0,2,True,56000.0
30.928566263290683,177.31002532782355,-0.979939871643173,0.034745161520378216,0.9930773161711208,0.11746252213516153,0.0,2,True,56000.0
139.22549286248923,0.012894421154753762,-0.6162710921408787,0.6646379647449141,-0.26096356970053713,-0.9653486496023926,0.0,2,True,56000.0
152.17080958086092,-14.727646812680657,-0.536237541342168,-0.8032601410384265,0.4367774382821129,0.8995696023141871,0.0,3,True,56000.0
-0.6830635012700779,91.71790934405958,0.2599718837768385,0.8660254037844386,0.6795443283433483,-0.7336344497202839,0.0,1,True,56000.0
84.08343580459295,-157.817957677476,-0.5198883550307932,-0.8315777623921373,0.9969631784896033,0.07787439075788392,0.0,3,True,56000.0
-7.884065995598819,13.654876392423109,-0.3295431872997723,0.8660254037844385,-0.577652391926298,-0.8162828640255788,0.0,1,True,56000.0
221.99821117799286,353.6774126773388,0.839775283425685,-0.2775173497350366,-0.37746097412023666,0.926025492638406,0.0,5,True,56000.0
-59.26134648979426,225.33090566755774,0.746418246764893,-0.18828805986842478,-0.6120993128909005,0.790780899591334,0.0,-1,False,56000.0
2.557571056690895,-309.2781420916222,0.7038412980240861,-0.5129619189259319,-0.9419004051897416,0.33589228437609897,0.0,5,True,56000.0
-73.63257128310616,267.9824894726534,-0.6742969697815829,-0.56413419651744,0.13303328193614367,0.9911115708623791,0.0,3,True,56000.0
-27.226940354394152,-139.9755530016002,0.7759864801022026,-0.38800279804532656,-0.8724958304472419,-0.4886215568844302,0.0,5,True,56000.0
-40.98626549062319,31.87928139947688,0.9888836557661266,-0.01925407300749396,-0.6606415284252336,0.7507015191938553,0.0,5,True,56000.0
-58.61091573844692,1.9337844070574388,0.6850907496876681,-0.3510601904018472,-0.987794764530181,-0.15576104508754063,0.0,-1,False,56000.0
99.35014896128797,-37.83212421739092,-0.9338736513343293,0.11453419560795637,0.18415670940918877,-0.9828968950910237,0.0,2,True,56000.0
124.88312795359448,16.325903844381703,0.7320609392755573,-0.46408406650701756,-0.3554394942793217,0.9346992917010581,0.0,5,True,56000.0
284.8155933966604,128.57409673821147,0.974066393117301,-0.044918324744351805,-0.9972832732193466,0.07366188265920892,0.0,5,True,56000.0
-62.94486840401603,-260.02646421001685,0.43014852036343026,-0.8660254037844387,0.13529434265046708,0.9908054505536228,0.0,4,True,56000.0
-288.16221946335924,301.3608222887208,0.3420960492192332,-0.6896106769048637,-0.4755154256953781,0.879707383125627,0.0,-1,False,56000.0
-77.34046064202957,295.8602492694078,0.4580425474262655,0.8660254037844386,-0.4583355927446633,-0.8887792101660449,0.0,1,True,56000.0
63.04860030624867,1.949461650293141,0.6017853331306658,0.4800489614835197,-0.8431049969890305,-0.5377489786620859,0.0,-1,False,56000.0
306.3889597620495,36.9497026669105,0.03789703082667123,0.7688669635555392,0.8391956534305071,-0.5438296197002737,0.0,-1,False,56000.0
-92.09357637149614,-176.8672926945767,0.593782088265143,0.7035900620693021,-0.935777317959972,-0.3525915642661319,0.0,0,True,56000.0
269.69070730272784,-24.650851507467653,0.5275582373539905,0.8182931365202843,-0.9681820452579192,-0.2502469325290316,0.0,0,True,56000.0
13.61830605360402,44.7328772656648,0.39890000122626745,0.6583854354512075,0.5520783111897691,-0.8337922632849568,0.0,-1,False,56000.0
-200.48048525845948,-298.41862662864514,-0.6309110549106017,0.6392808054068375,0.1971544456288587,-0.9803724417632189,0.0,2,True,56000.0
-126.2233217380517,7.597029844628702,0.5510762634781711,0.7775587203794715,-0.9938744335931047,0.11051520370510165,0.0,0,True,56000.0
-72.34139014720934,-245.00758685077028,-0.7067989490489517,-0.3050046527774448,0.5899794010406264,-0.807418297010742,0.0,-1,False,56000.0
116.80760045315438,-42.76632278332057,0.61980180514919,0.4565504516769179,0.3743548559966917,-0.9272855233377093,0.0,-1,False,56000.0
88.67929400674947,-53.327674390009705,-0.8863788486039772,0.19679760703238736,0.9919392445148077,0.12671438431122078,0.0,2,True,56000.0
85.89904825914881,-38.663220951074365,-0.7170177568846969,-0.28013948116006415,0.021789395993865146,0.9997625829276746,0.0,-1,False,56000.0
-45.00320871790521,72.90575507595524,0.46913861251479994,-0.8660254037844386,-0.6901995877657562,0.7236190496718317,0.0,4,True,56000.0
-60.490063514998226,-9.696619350257238,-0.903323833882828,0.1674480315959112,0.8464407437373294,0.5324829268074097,0.0,2,True,56000.0
-139.71561567783527,-57.22500601344552,-0.9734951526730272,0.045907742217173045,0.995440976962344,-0.09537956481481097,0.0,2,True,56000.0
58.41747497132765,-111.28682171118476,0.17093339454408263,0.7505826851335097,-0.6137299726632253,-0.7895160040523502,0.0,-1,False,56000.0
205.88449408554922,161.23390893054165,-0.5758182672720055,-0.7347043127274893,0.992223798727285,-0.1244665948726569,0.0,3,True,56000.0
-88.73116318918339,-101.34263656357743,-0.5579738291715345,-0.7656117861500221,0.9836351033905123,0.1801720937823723,0.0,3,True,56000.0
-54.96040879258895,139.18428594525128,-0.05151402505214922,0.8660254037844385,-0.8962265672386898,-0.44359659621727426,0.0,1,True,56000.0
171.10909157197588,140.51331644135598,0.5690092633807011,0.5184795567614446,-0.869222213849992,-0.4944216246784988,0.0,-1,False,56000.0
167.03605278935646,-80.27539205663604,0.026297511450043276,0.7693510469766888,-0.9722681323502719,-0.23386893512414592,0.0,-1,False,56000.0
61.97912759002074,-163.77147690217834,0.6684652259076913,-0.5742350732037483,-0.49986001651841483,0.8661062082020947,0.0,5,True,56000.0
87.57130386152387,-37.413483217484,0.5052330433302716,-0.8569615068581987,-0.9826640552273872,-0.18539513090709292,0.0,5,True,56000.0
196.28432209038408,-136.0430302917963,0.515327317324086,0.8394777114353911,-0.9832901790484815,-0.1820451147018135,0.0,0,True,56000.0
-158.1520352057946,-81.13996029428084,0.5214881245384381,0.5662532371280318,0.3357052074593501,-0.9419670979841395,0.0,-1,False,56000.0
-179.33200742066794,-14.633769750515254,-0.4664500983630565,-0.8660254037844388,0.0743795870629842,0.9972300020698992,0.0,4,True,56000.0
-81.16975494789433,-209.61397469354435,0.20413318576499406,0.7422413590349347,-0.24841342103254344,-0.9686541035121383,0.0,-1,False,56000.0
-49.72716158375888,-175.5299151574661,-0.7678556904428309,0.05468300693228009,0.6580972318588544,-0.752932954133168,0.0,-1,False,56000.0
-99.1351088888591,-55.00173683944009,0.8274648150694454,-0.29883970639301266,0.11106972171964458,0.9938126166018961,0.0,5,True,56000.0
-118.56146290397768,-29.395631891948472,0.6800519236723107,-0.554166323983483,-0.7389925553672487,0.6737135913070117,0.0,5,True,56000.0
-115.41217577672947,11.048213914772752,0.9293142173697114,-0.1224313668884296,-0.9981737844832864,-0.060407747601744236,0.0,5,True,56000.0
155.04056189957296,-309.1829978555814,-0.7494632506579758,-0.17577664380051294,0.7879011900855118,-0.6158016845233707,0.0,-1,False,56000.0
-136.46859865736673,0.4519716812961793,0.7324173230520425,0.4634667916991517,0.017157805271554527,-0.9998527940243286,0.0,0,True,56000.0
-185.15020501722734,-156.69554091222687,0.9666984774176757,-0.057679929081988074,-0.9296739698074686,-0.3683833734880223,0.0,5,True,56000.0
56.465446894480024,-192.46120257489852,0.04261729591108791,0.8660254037844386,0.5334472753191396,-0.845833319546229,0.0,1,True,56000.0
-79.92380986905874,-45.899229585999784,0.15944807209907386,-0.8660254037844387,0.28783565187741667,0.9576798199337205,0.0,4,True,56000.0
-12.821662685294474,-258.7248533142743,0.7499651387883561,-0.17362281876168836,-0.4498456314396202,-0.8931063250669944,0.0,-1,False,56000.0
-130.50606261616545,-226.7207986631984,0.48340431013391116,-0.599093369631604,-0.16559714984512874,0.9861934820121041,0.0,-1,False,56000.0
-72.93319095621621,-149.94282084675223,0.9273280930516377,0.12587143511748167,-0.8845846333662801,-0.46637970197280293,0.0,0,True,56000.0
195.46119677354213,-73.06658892758603,0.820530381161317,-0.31085049824361927,-0.9847984836510231,-0.1737007386243553,0.0,5,True,56000.0
-51.120318138538515,-136.3122780493464,-0.7308734376620871,-0.24169528483732483,0.7625258019285359,-0.6469578049558007,0.0,-1,False,56000.0
339.9629866452356,102.59807844963846,0.7219998561067832,-0.2670370767784443,-0.6049943988919906,0.7962297264667462,0.0,-1,False,56000.0
265.0056920871689,-111.69421207902714,-0.634362573181344,-0.6333026003986597,0.7449402215894487,-0.6671312211688685,0.0,3,True,56000.0
125.14465616769772,118.96309662249881,0.8473238968675314,-0.26444276772706066,-0.32676007045333033,0.9451073253114306,0.0,5,True,56000.0
-25.92373410098387,-28.259812906763045,-0.8990071599912907,-0.17492473009575926,0.24737730461848334,0.968919227366078,0.0,3,True,56000.0
-156.16431319096657,-48.96974877701868,-0.5953330011490894,-0.4880278786456883,0.07796502974749281,0.9969560943875327,0.0,-1,False,56000.0
148.46589341088702,62.52549036351108,0.5058996423414095,-0.8558069235026329,-0.6018841412524175,0.7985834211332258,0.0,5,True,56000.0
11.24617568137784,-7.157449451635246,0.9917791374945495,-0.014238951541477845,-0.9911336327992477,0.13286881475410076,0.0,5,True,56000.0
-6.460320551725788,-192.8649978101708,0.5141060139085495,-0.8415930710025578,-0.9814752671301634,0.19158888279795877,0.0,5,True,56000.0
0.7133445600567285,-150.6747561771285,-0.7505380272813971,-0.1711293726896149,0.36717962051389536,-0.9301500557863052,0.0,-1,False,56000.0
57.517857106159965,151.651169580968,0.621224960199827,0.6560576135728236,-0.710407711280758,-0.7037903691816417,0.0,0,True,56000.0
-228.61693791355128,103.63799721037773,-0.706586434240634,-0.5082072035251739,0.9270172194674392,0.37501876594491645,0.0,3,True,56000.0
-111.7354537112625,106.97859079791967,-0.21324192360583483,-0.7396759253953555,0.9136045282391722,0.4066039424069372,0.0,-1,False,56000.0
-259.14305501393756,-9.933719595157735,-0.43205607376065946,-0.8660254037844388,0.22332051209199338,0.9747450686610191,0.0,4,True,56000.0
-93.58086449099017,30.514284162667337,-0.6131497005382559,-0.4654460627424401,0.6500310523866264,0.7599076463183756,0.0,-1,False,56000.0
-149.51954681094523,-30.809592602107866,0.5072280907560981,0.8535059833531575,-0.20669461224322955,-0.9784055075834381,0.0,0,True,56000.0
2.427359155989302,-285.9960532528474,-0.8548760170499404,-0.25136211186626267,0.8556005459908042,-0.5176366541312782,0.0,3,True,56000.0
274.16440491851716,-6.1224287594091,-0.3369570357672188,0.6921362211584953,0.9994771739062066,0.032332318822793554,0.0,-1,False,56000.0
142.1963253103301,47.704160747179344,0.7371383337196051,-0.22185506429576124,0.02724559407991778,0.999628769895712,0.0,-1,False,56000.0
-251.27141649150727,-136.16453261620975,0.24740887920253557,-0.8660254037844387,-0.4876547740964516,0.8730365520990128,0.0,4,True,56000.0
169.68474476523798,14.14249396597052,-0.7438034314461583,0.19836594456083506,0.3116500604356756,0.9501969479168179,0.0,-1,False,56000.0
-183.09249049568595,-221.40975724470854,0.7685204594798267,0.04437224305248167,-0.9880467645684305,0.1541544388781627,0.0,-1,False,56000.0
141.31383674953844,-97.08225689312187,-0.3328161182120113,0.8660254037844385,-0.9795653022440115,-0.2011263747984956,0.0,1,True,56000.0
102.0513656516587,-75.55667366921259,0.5733628317422685,-0.7389572518197027,-0.44666527284469637,0.8947011423009082,0.0,5,True,56000.0
133.38507546595258,127.26573390088204,0.10391487255203516,-0.7627544112327942,-0.5574006950711856,0.8302436179424426,0.0,-1,False,56000.0
-0.5045281379856413,-58.625108680546184,-0.040705306069611744,-0.8660254037844387,0.12557630182995433,0.992083964399537,0.0,4,True,56000.0
75.46315778155103,-125.58674972012332,0.11157378705918668,0.8660254037844386,0.4282389719443467,-0.9036655260150365,0.0,1,True,56000.0
-27.50073089439894,-241.935556241912,0.20552074703241213,0.7418583524715696,0.9316227292805531,-0.3634268706188904,0.0,-1,False,56000.0
-59.01045268586034,45.18879040217351,-0.8806024049909892,-0.20680270085713884,0.8743703651507734,-0.4852591725522542,0.0,3,True,56000.0
-109.98742468044979,207.8302879940344,-0.7992718996559798,-0.34767126830262673,0.9876909431047023,-0.15641803255676068,0.0,3,True,56000.0
118.05988624365956,-186.7701511935231,-0.975735701781111,-0.04202699732511842,0.499157723004178,0.866511146821142,0.0,3,True,56000.0
-83.13379529596232,7.306729852524992,-0.18727083991521407,-0.8660254037844387,-0.9158578830369364,0.40150260033914686,0.0,4,True,56000.0
-24.63793576535631,-3.4837628010767085,0.834925429716908,-0.2859175427679148,-0.8876026986448219,-0.46060986676190907,0.0,5,True,56000.0
68.53352853453742,-190.34188026642204,0.7300234415148775,0.2442506242189906,-0.9861886448315786,-0.16562595450368311,0.0,-1,False,56000.0
-184.3643152127257,27.871385905548753,0.32087380963552836,0.8660254037844387,-0.7948201852250931,-0.606845015764924,0.0,1,True,56000.0
-155.1765641211401,185.57652828961554,0.5757512918234794,-0.7348203176071952,-0.39056696297674254,0.9205745203029984,0.0,5,True,56000.0
-60.55905386894897,267.8463173645454,0.6133898700911811,-0.6696283877228787,-0.6953591138002511,-0.7186624401309213,0.0,5,True,56000.0
-46.612287063104695,35.0407483595117,-0.05733339533115488,0.8660254037844386,0.03152176981183538,-0.9995030655420376,0.0,1,True,56000.0
111.82683543264538,-141.67482358481342,-0.3198354417957365,0.7002127410751096,-0.13431733232845083,-0.9909383705539687,0.0,-1,False,56000.0
-170.86518282587832,115.7406886191405,0.3242951935809832,-0.6981584490736076,-0.684195300118241,0.7292988353865026,0.0,-1,False,56000.0
-10.20586746013786,-62.754746241947316,-0.6574931582587672,0.5932392518357681,0.6945098395976121,-0.7194832052953662,0.0,2,True,56000.0
-141.75776998191523,-116.6911925879613,0.6743523987777158,0.5640381906799252,-0.6724196095558741,0.7401701619794663,0.0,0,True,56000.0
-156.290516770586,187.10887059120634,0.9255218263205488,0.12899998086774914,-0.4022675284785444,-0.9155221655054331,0.0,0,True,56000.0
120.25386106823684,135.19331166328234,0.5212993942676251,-0.5664269892305622,-0.7809271535593572,0.6246221104265143,0.0,-1,False,56000.0
-110.04225763940276,-137.89031963689993,0.7650588267189962,0.08530875835425926,-0.9978930329980814,-0.06488061878457291,0.0,-1,False,56000.0
21.4542608861634,-376.94032435018914,0.4572895877987696,0.8660254037844386,-0.4894275509875444,-0.8720439623862583,0.0,1,True,56000.0
-7.330167117872655,32.21440153717805,0.7704111703417885,-0.3976595178182984,-0.8094658173921268,-0.5871670039040758,0.0,5,True,56000.0
4.993710994772843,31.398961160875146,0.9623610355568796,-0.06519259875976265,-0.9942138927252111,0.1074185063766035,0.0,5,True,56000.0
105.05960548673264,98.15906591874847,-0.8736642547202287,0.21881992963664426,-0.16047632142963542,-0.9870396903166547,0.0,2,True,56000.0
16.329251461222608,-140.53531636214672,0.693954917921306,0.33319538485012906,-0.6454889495773235,0.7637696092235925,0.0,-1,False,56000.0
183.5308745254398,80.85883102943959,0.6099685659547498,-0.6755542603153233,-0.27483309086601343,0.961491951170174,0.0,5,True,56000.0
-83.48619489159621,52.69987924555317,0.4246081313536666,0.8660254037844386,-0.16403232656920258,-0.9864549639189264,0.0,1,True,56000.0
0.8453795960992326,8.362620155760334,-0.12576217733192002,-0.8660254037844387,-0.4018005691161506,0.9157271988195699,0.0,4,True,56000.0
-65.04212453746507,12.601235925582376,-0.3326979265345456,-0.694193548134961,0.8111621166577192,0.5848213577660786,0.0,-1,False,56000.0
234.18195609367874,37.88192447676933,0.7697591899710587,-0.007961284299152833,-0.9626196825765336,-0.27085669036640847,0.0,-1,False,56000.0
-124.90496251907986,7.343503588110046,-0.13144665190432755,-0.7584948057144062,-0.9183409899691006,0.3957901289099558,0.0,-1,False,56000.0
82.32291338828612,43.918777594248645,-0.6720550991701628,0.375412488167316,0.9970003357594897,0.07739722537316873,0.0,-1,False,56000.0
-68.63134044046284,-253.2116015486582,0.11531215382846205,0.8660254037844385,0.9586153571082543,-0.28470440305025585,0.0,1,True,56000.0
11.543541907482282,158.05165517170025,0.8054618880688924,-0.3369498938731995,-0.9993758609027977,-0.03532546736812814,0.0,5,True,56000.0
141.78452531359042,-133.42718636072578,-0.6289352521420766,0.4438840402690491,0.9537520516854023,-0.300594450890041,0.0,-1,False,56000.0
177.7380309183522,-44.89139664239046,-0.8019618548659901,0.34301212920880464,0.9368582749500076,0.3497092687614898,0.0,2,True,56000.0
94.8173317490801,-118.92082454873689,0.2555861396574085,-0.8660254037844387,-0.7584218019279452,0.6517640450042953,0.0,4,True,56000.0
144.5422556442095,220.12007387861817,-0.510355310698275,-0.8480894795268652,0.8882012080360064,0.45945469204631195,0.0,3,True,56000.0
-26.073090360668477,153.00898059902127,-0.7603938854798802,0.11997387847945613,0.6999103147607173,0.7142307409314902,0.0,-1,False,56000.0
-66.92699686587076,-10.005194471594534,-0.9680939701658482,0.055262864740559144,0.9989704235562181,-0.045366208348390585,0.0,2,True,56000.0
114.63575956879478,-108.97857717574851,-0.9071771692065626,0.16077385903660288,0.9988669020140954,-0.04759109224157071,0.0,2,True,56000.0
188.42474173178337,10.352450183726354,0.4614125342695491,0.8660254037844386,0.710078860116512,-0.704122157310531,0.0,1,True,56000.0
-2.684477224649512,82.64691736561765,-0.7327075838875132,0.23607665938486014,0.7507686968302127,0.6605651851708934,0.0,-1,False,56000.0
-166.76855111869898,19.12906510953344,-0.7768691855023377,-0.3864739074441774,0.71533082031638,-0.6987859597226254,0.0,3,True,56000.0
163.78032952528926,-44.5756300763152,0.5593581461035009,0.5288771662496377,-0.2524574546620308,-0.967607995825561,0.0,-1,False,56000.0
17.533352096234935,39.31303871655342,0.5364314582540274,-0.5521176352807886,0.44341840123315057,0.8963147446337346,0.0,-1,False,56000.0
-109.60475951145324,207.21561230992745,0.34607715776905523,-0.6876214027087033,0.2781170960616587,0.9605471778513655,0.0,-1,False,56000.0
21.819413116181025,11.33113887526232,-0.704043036570932,0.3113133393360679,0.9860535983817569,0.16642806589751674,0.0,-1,False,56000.0
25.692218996971548,90.8728344926881,0.10486519762671787,-0.7626243393174006,-0.9266064584751905,0.3760325399643781,0.0,-1,False,56000.0
-0.20741986857472886,-16.747954358498855,0.003630033993615611,0.8660254037844386,0.9102039720169433,-0.4141602700942937,0.0,1,True,56000.0
308.87964775920796,244.7822139896528,-0.40801396542034335,-0.652776528847782,0.1255036089727118,0.9920931630319914,0.0,-1,False,56000.0
126.9921292706948,-31.072308605616904,0.20513498985724596,-0.8660254037844387,-0.3840426835249203,0.9233153400821306,0.0,4,True,56000.0
-163.19248287809376,243.0627150808968,0.14808107137813825,-0.7554234500544017,-0.9573554326308515,0.28891274740341955,0.0,-1,False,56000.0
157.7231735656969,-52.257745394301445,0.4357242453821489,-0.8660254037844388,-0.10554018096396678,0.9944150392075228,0.0,4,True,56000.0
141.701917055058,64.77428864165437,-0.8815746704055579,-0.20511868776066405,0.08455086490521951,0.9964191644301972,0.0,3,True,56000.0
-31.2335093237274,-110.95204127604562,-0.5329669121705469,-0.5554627468372517,-0.46949787610199434,0.8829336013176162,0.0,-1,False,56000.0
-89.42629321285244,-8.99477573739644,-0.3592655385258069,0.6808236669067508,0.9031855602585912,-0.42925032759494103,0.0,-1,False,56000.0
54.13730940085094,103.78980165830046,0.5981392895999529,-0.6960431679786043,-0.30404308403397323,0.9526582824135315,0.0,5,True,56000.0
-73.44139305138077,85.37820551485584,-0.5206553798009601,0.8302492365195435,0.9516084719175479,-0.3073130589069421,0.0,2,True,56000.0
200.5571095851677,162.37731211120683,-0.30288751417210347,-0.707708800532561,0.6364298859658802,0.771334557925064,0.0,-1,False,56000.0
102.55864400080046,161.30911827209906,0.6899191576849807,0.3414734959727316,-0.8987236744225161,0.4385154011348854,0.0,-1,False,56000.0
-15.077758001847174,226.754705347341,0.0019619388732488585,0.8660254037844385,-0.8806331929080333,-0.47379866984679125,0.0,1,True,56000.0
181.4625719188274,203.46155648740094,0.5694222962567996,-0.5180259077673876,-0.313426909375078,0.9496123274682018,0.0,-1,False,56000.0
109.30215155009411,156.56756061094578,0.6468374129509463,-0.41736549186476757,-0.8223210899175751,0.5690237473750697,0.0,-1,False,56000.0
95.6660791789995,-17.035726656984647,-0.7477142588562474,0.4369717216861496,0.9233203889258851,-0.38403054487077143,0.0,2,True,56000.0
89.75737923912259,24.472857679005138,0.7374098312002947,0.220950975199806,-0.2661075876509896,-0.9639433343275794,0.0,-1,False,56000.0
-107.92043589394568,-36.24847030211376,0.8396606223803462,0.27771594849121295,-0.91588061945448,-0.40145073285233607,0.0,0,True,56000.0
-85.97340339571996,-198.9481817715342,-0.7582247872107252,0.41876695256180096,0.9980855320491075,-0.061848772940357954,0.0,2,True,56000.0
120.7104661988377,-82.39042072432001,0.601994097561837,-0.6893664447352004,-0.6317346941532949,0.7751846723220444,0.0,5,True,56000.0
-43.72329936935272,23.944440421332004,0.15709621129854145,-0.8660254037844387,-0.7985355572151621,0.6019476421276698,0.0,4,True,56000.0
-108.67766043622998,380.4340600198399,0.13906894184007962,-0.8660254037844387,0.4907286689529591,0.8713124430809346,0.0,4,True,56000.0
-297.9354057377637,-92.22785653697328,-0.18559348718276145,0.8660254037844385,-0.9297089190542337,-0.36829516129186135,0.0,1,True,56000.0
-2.8041009638075796,-53.146053830093024,-0.06907273982024298,0.8660254037844386,-0.9599782033366935,-0.28007472059868305,0.0,1,True,56000.0
169.972241084712,62.07934609267306,-0.48463240498982474,-0.8660254037844387,0.42740698625225193,0.9040593277560758,0.0,4,True,56000.0
45.75278487236553,128.04076121696144,-0.6485459595808349,0.4147055954577493,0.04529234104894281,-0.9989737753526378,0.0,-1,False,56000.0
139.83294588478375,-184.48980809034884,0.46458540353004785,-0.6138020816349639,-0.960689425393277,-0.2776253373478971,0.0,-1,False,56000.0
157.0362964669615,253.77184791726492,0.8276268322347652,-0.2985590844309801,-0.7886653306313638,-0.6148227356402143,0.0,5,True,56000.0
144.55837712863453,-89.76234435259633,-0.6002100519146143,-0.4820171015360848,0.33682265968287667,0.9415681047721179,0.0,-1,False,56000.0
-0.9372915765959491,-22.38231020967532,0.772703901506141,-0.3936883909535432,-0.9565939080772103,-0.29142425264477173,0.0,5,True,56000.0
-34.09721149861486,55.310548221588775,-0.622802227239081,0.6533257069237318,0.9053347009057153,-0.4246988101419168,0.0,2,True,56000.0
206.25550562150056,-138.14575102646612,0.5250870911185543,-0.5629175244502941,-0.9790702393115835,-0.20352264368945633,0.0,-1,False,56000.0
111.92971788631739,216.07035650739726,0.3607413663426349,-0.8660254037844387,0.9897008276603667,0.143151219793485,0.0,4,True,56000.0
214.68558583983636,133.51375232384416,-0.5218808152995722,0.8281267199745488,0.6443264824844863,0.7647505370832751,0.0,2,True,56000.0
7.9939359773395555,-95.1752559817317,0.9191919235074891,-0.13996369414694043,-0.9998738033692453,-0.01588638838496309,0.0,5,True,56000.0
-110.39607876476335,6.432019667904125,-0.21621031371185287,0.8660254037844386,-0.5429870305632067,-0.8397410819056895,0.0,1,True,56000.0
211.78614561117286,33.2556330422885,0.6345297958096051,0.43584920651804937,0.0794081163595019,-0.996842189644997,0.0,-1,False,56000.0
-55.88517756454608,78.87655104196267,-0.7091298403181038,0.5038018949747166,0.45652802938901116,-0.8897090301790654,0.0,2,True,56000.0
169.15702684781337,-37.6423642516628,-0.1548847043827622,-0.8660254037844388,0.9004541276738074,0.4349509902910685,0.0,4,True,56000.0
-73.83026040820175,43.093191113641105,-0.6265363004572306,-0.6468581023907144,0.5415318483988438,0.8406802347918751,0.0,3,True,56000.0
-101.33985246284978,-96.82071003744228,0.6872103277350933,0.5417676044456362,-0.4009843391371165,-0.9160849086011459,0.0,0,True,56000.0
-6.177776155947673,101.12534897694418,-0.654731919605234,0.5980218574755105,0.8094472045149335,-0.5871926626780465,0.0,2,True,56000.0
-238.300019195742,108.42582776454826,0.8280145531001061,-0.29788753219305525,-0.7613362949300889,-0.6483571901522374,0.0,5,True,56000.0
50.43344099700201,-95.68475738429179,-0.9582299618445036,-0.0723478283194101,0.9974602395815476,-0.07122549019779997,0.0,3,True,56000.0
-127.57106928088795,35.982713579177265,-0.3519777646869814,-0.8660254037844387,-0.2712917884656816,0.9624971509106275,0.0,4,True,56000.0
159.61179319728987,111.96488186788682,0.9236133371516417,0.13230558107399107,-0.05742948045548618,-0.9983495654201515,0.0,0,True,56000.0
91.43729155771058,-60.35574725101056,0.5416588153996433,-0.5469902378401715,-0.9995665504943771,-0.029439958097235708,0.0,-1,False,56000.0
-2.517124321372321,-68.53301882208932,0.6395150540146844,-0.4285009781566286,-0.5147501917112554,0.8573402125954537,0.0,-1,False,56000.0
-43.394797915984995,122.66504481879322,0.5528175118804828,0.7745427896780696,-0.7446956479635198,0.6674042192735876,0.0,0,True,56000.0
40.42301171115315,124.88296178491345,-0.23788618745618795,0.8660254037844385,0.7704016674779727,-0.6375588370865486,0.0,1,True,56000.0
64.99713270623899,-225.13050787583705,0.46018274293967754,0.6171097436381208,-0.914796557837187,-0.40391491402179136,0.0,-1,False,56000.0
-112.26037140810949,-23.030258286114286,-0.4379033807100342,0.6331139089889868,0.7537658914050245,-0.6571430445149556,0.0,-1,False,56000.0
55.33985993200515,218.55011778465487,0.980093864745067,-0.03447843764388142,-0.9659758365285499,0.2586323321685716,0.0,5,True,56000.0
-129.15867726163847,93.0536709090498,-0.3048147930117061,-0.7068808489086567,-0.38862445269752094,0.921396241996645,0.0,-1,False,56000.0
-24.3683415213481,-128.9342841944988,0.15882515178629003,0.8660254037844386,-0.4814042603970312,-0.8764986811579216,0.0,1,True,56000.0
26.631616703858963,-18.235017790022013,-0.6737180180380609,0.5651369703523508,0.6212631363433143,0.7836020134104212,0.0,2,True,56000.0
-37.878320217230055,98.62207179477986,-0.6744283630391178,-0.3711320192612978,-0.20565602289429996,0.9786243407187926,0.0,-1,False,56000.0
-215.92752476990657,290.508706580758,-0.7424945168468794,0.2032104452160656,0.9026892406260767,0.4302930801882907,0.0,-1,False,56000.0
44.55739240191973,-71.62200984456662,-0.7657171781851893,0.07918204104911304,0.9991787562782477,0.040519291729445794,0.0,-1,False,56000.0
127.89679112442762,-265.4993119209272,-0.659109247203256,0.5904401036743628,0.9936733809797439,-0.11230855680784313,0.0,2,True,56000.0
81.9792018907291,87.8842723767673,0.9597630417484148,-0.06969245603377314,-0.9976857166755325,0.06799419638194634,0.0,5,True,56000.0
117.73476753932668,129.8520789111808,0.09123881202590478,0.8660254037844385,0.9734349491009758,-0.22896375230323407,0.0,1,True,56000.0
87.0884937559352,28.04082640548438,0.7311537574807196,0.2408459580611999,-0.7196247825574613,-0.6943631415398774,0.0,-1,False,56000.0
25.11732663150682,-29.55128410113388,-0.5249884589637075,0.8227441232564472,0.7053387709850607,-0.7088703817661566,0.0,2,True,56000.0
4.077365175860842,46.38977050443726,0.8851758716817819,-0.1988812241819618,-0.5551025077066802,-0.8317819461479987,0.0,5,True,56000.0
-28.16141033219203,200.958872732651,-0.4262974381869768,-0.6409860269832822,0.978829062877923,0.20467942169527742,0.0,-1,False,56000.0
-60.08412959260982,-142.9966894021545,0.7672139136648364,0.06305079913591335,-0.9375615501399397,-0.34781940673168155,0.0,-1,False,56000.0
145.11551157230573,154.65671146326778,-0.3181236359337182,-0.8660254037844387,0.5981976497939733,0.8013485956691808,0.0,4,True,56000.0
-176.80674561720258,275.8204955952493,-0.9035844473690526,-0.16699663579663188,0.8369401082168115,0.5472944867783927,0.0,3,True,56000.0
13.44889036323896,16.55514092567449,0.09880505940901778,0.8660254037844385,-0.5086084739829464,-0.8609979211314744,0.0,1,True,56000.0
-49.48892924008639,-244.75040497443405,-0.7373337762993425,0.22120464488962147,0.9997214729814154,0.023600348723712528,0.0,-1,False,56000.0
-112.12046539306323,124.72311129097953,-0.320950889728658,0.8660254037844385,0.9649111445908999,-0.2625766231869996,0.0,1,True,56000.0
102.3056623744255,39.03491639402641,0.1348334329549885,-0.7579000844109762,-0.6033588650959747,0.7974697987448074,0.0,-1,False,56000.0
141.0637312919292,45.086390815178135,0.23405086767717082,0.8660254037844386,0.953224843539878,-0.3022621340134488,0.0,1,True,56000.0
0.5709493337840398,46.192506314913,-0.7418079250723899,0.20570268567130537,0.9962459136858163,0.08656835140110569,0.0,-1,False,56000.0
0.8274834622733578,-64.4981482994948,-0.07675546472032302,-0.7659642232037731,0.9788500144324654,0.20457920042263444,0.0,-1,False,56000.0
169.83982814517105,-148.88021327001093,0.15266367321826724,0.8660254037844386,-0.8028583693655709,-0.5961698069674957,0.0,1,True,56000.0
65.26400247528265,63.911139499392085,-0.7133559596976625,0.28933694433379786,0.8772520157627094,0.4800301040979179,0.0,-1,False,56000.0
-71.39638762881762,-177.40785189944555,0.44084403358137525,-0.6310698302472522,-0.9852542904495276,-0.17109641478069415,0.0,-1,False,56000.0
-7.711176342692737,-157.3681971315369,-0.537160695745114,0.8016611907092926,0.3826313370254556,-0.9239011093867658,0.0,2,True,56000.0
-17.618240545053055,9.93904740803698,0.24987256862429258,-0.7281183228306307,0.6413035080930845,0.7672873063641091,0.0,-1,False,56000.0
-15.388431514110552,67.75020689918433,0.6746297654782336,-0.5635577774623004,-0.9715952911905144,-0.23664866392274675,0.0,5,True,56000.0
-2.6196086116755253,-30.573061171995537,-0.1256713627741315,-0.8660254037844388,0.8347099877525098,0.5506897823150613,0.0,4,True,56000.0
143.01056675626347,37.35111875970629,0.8964193326418435,-0.17940697854621812,-0.4461609730098538,0.8949527284515632,0.0,5,True,56000.0
-50.81117680497159,140.15122413420124,0.5465190241770743,-0.7854520903912209,-0.8564054326196902,-0.5163039172614066,0.0,5,True,56000.0
28.665948620835604,184.6326352925929,0.6968875356790217,0.32701736224214845,-0.3803505521866299,-0.9248423960066536,0.0,-1,False,56000.0
-72.51088356859871,88.96661673287686,-0.37204311276495483,-0.8660254037844387,-0.7440237554676817,0.6681531645511823,0.0,4,True,56000.0
-194.32928662745445,68.91121440595606,0.7237949082774046,-0.47840125217275725,-0.7488168924200407,0.662776932026439,0.0,5,True,56000.0
-21.04875056522216,113.11674463673192,-0.36241064758254943,-0.8660254037844387,-0.3442920758782409,0.9388625919097197,0.0,4,True,56000.0
91.58422870237733,-91.92832934197536,0.5326276807436758,0.8095126030032551,-0.7136335268873537,0.7005192283601526,0.0,0,True,56000.0
172.64589545805032,69.44508268632023,0.7589282260316953,-0.12892067454437361,-0.9964669158754924,0.08398622247479398,0.0,-1,False,56000.0
86.49467482131033,-42.108288517030516,0.43888037062499485,-0.8660254037844387,-0.46453749287377244,0.8855534527709493,0.0,4,True,56000.0
26.477320763061837,-72.7396834292093,-0.8575019477802462,0.24681386642421674,0.9948608080841204,-0.10125202485978718,0.0,2,True,56000.0
-139.84706148530586,-56.19952652015461,0.6179301254389471,-0.6617644347812117,-0.04510694388931946,0.9989821638112222,0.0,5,True,56000.0
75.15447364912447,-91.80754019010232,0.5252694379741932,0.8222574533344255,-0.8266634069350601,0.5626967314944195,0.0,0,True,56000.0
182.59565713914236,15.843410193278276,-0.9742704707831473,0.04456485185841761,0.9998897249878103,-0.01485051729063594,0.0,2,True,56000.0
-139.92677328922088,-166.18534397674284,-0.9296163156569532,-0.1219081173060469,0.5823455452149269,0.812941366869908,0.0,3,True,56000.0
76.80082949524444,188.00731370465053,0.9094448053659709,-0.15684619799542665,-0.9892466390973005,-0.14625692132234225,0.0,5,True,56000.0
-261.33952723855725,28.32009803379092,0.21278958251425367,0.7398061814867473,-0.8235710468619803,-0.5672131264089835,0.0,-1,False,56000.0
14.316649582893769,-126.46666313602353,0.5291949689605421,0.8154582342193835,-0.5580673035404675,-0.8297956885396985,0.0,0,True,56000.0
-201.17444286667583,-71.70787336924835,-0.8050853895654274,0.33760200841017507,0.8351126507492707,0.5500789584764394,0.0,2,True,56000.0
52.52935636170912,-140.30959613489298,0.5999495718510156,0.6929076671437238,-0.6171604650393274,-0.7868373150737316,0.0,0,True,56000.0
-42.518367069419895,-45.76347964731711,-0.06959540500551836,-0.7666479454056536,0.9603259123988384,0.27888015701249275,0.0,-1,False,56000.0
334.73970553318486,26.221351856884908,0.45920919547356565,-0.617834530748414,-0.8792626692053899,0.47633723195002464,0.0,-1,False,56000.0
-156.74081377904486,-224.84715598536584,0.6459552393703986,0.6132235135640308,0.16898707473575802,-0.9856182671664788,0.0,0,True,56000.0
163.07085179703623,-129.14014061347223,-0.7736391983812916,-0.3920684092456223,0.9663333446447823,-0.25729334819932415,0.0,3,True,56000.0
-357.5294985982777,-49.34181526662123,0.21327760714534605,-0.7396656372192424,-0.9906864047325702,0.13616331179158014,0.0,-1,False,56000.0
69.97064568884744,54.651000240852746,-0.688040989673089,0.3452422180473712,0.9087989370670985,-0.41723433701662194,0.0,-1,False,56000.0
106.77287610263778,-44.45170352606516,0.666955957312103,-0.5768492030935762,-0.15451520166430377,0.9879904111147202,0.0,5,True,56000.0
141.15693712807501,231.00168951640364,-0.1417608977165771,0.7566349453145702,-0.853419638380345,-0.521224443811639,0.0,-1,False,56000.0
210.238481884374,-81.33275604808296,-0.5053970487812429,0.8566774410843981,0.5931765605728776,0.805072399220676,0.0,2,True,56000.0
111.95164077456408,43.862898829076336,-0.7692999974115364,0.3995841257894903,0.9914215433409457,-0.13070318817628995,0.0,2,True,56000.0
-25.46860381050017,-230.61761201503123,0.3868062214541771,-0.8660254037844388,-0.5320117314058792,0.8467369825669075,0.0,4,True,56000.0
-39.72443627771996,-228.0836017389744,-0.9701174551008938,-0.05175808602470961,0.9728315924156599,0.23151391491226303,0.0,3,True,56000.0
-249.17459868117396,-58.87378540566364,-0.9542023051764681,0.07932393430389123,0.9892595203832648,-0.1461697688684796,0.0,2,True,56000.0
-197.9871878318542,71.7087489644779,0.4743783266715432,-0.6062654499284112,-0.8688013723746169,0.4951607570880198,0.0,-1,False,56000.0
-123.24340569014419,196.43843386601026,0.18367399709176035,0.8660254037844385,-0.5744068315649327,-0.8185699675968663,0.0,1,True,56000.0
-50.71699822144437,34.0022789272398,-0.573490063569612,0.7387368798304038,0.9991619321731257,0.040932057070732025,0.0,2,True,56000.0
-31.04330350258074,126.37037465071924,-0.510613642472111,0.8476420357693715,0.9470630083005724,0.32104775082326775,0.0,2,True,56000.0
275.1250667993341,-52.7440803110198,-0.6112497561454382,0.673335173810892,0.29257938165923764,-0.9562412380920908,0.0,2,True,56000.0
73.83614938785983,-5.399630585686637,0.9374476836485918,0.10834379005176047,-0.9995102743730877,0.03129235406004119,0.0,0,True,56000.0
131.2097246611244,158.28193323482816,-0.10732429497105356,0.7622821579320604,0.33080664203071986,-0.943698556525516,0.0,-1,False,56000.0
-59.851941023477124,338.0276135524634,0.7927712233682563,0.35893076991652245,-0.7655798950377684,0.6433408305975591,0.0,0,True,56000.0
-29.009893474916186,-123.43624870624414,0.688799098123415,0.34372721017830754,-0.9880349027687727,-0.15423044741781605,0.0,-1,False,56000.0
-72.12709953338522,235.64201964956862,-0.7076198898530295,0.30309517329871605,0.991416940693783,0.13073809584577678,0.0,-1,False,56000.0
82.71707739487982,32.463592578846324,-0.5423752193391981,-0.7926293709070723,0.5887448066748155,0.808318967124633,0.0,3,True,56000.0
-170.74084587404505,67.09010384742764,0.10671772238756423,-0.7623673132558891,-0.1985042065772226,0.9801000356959266,0.0,-1,False,56000.0
313.21150670310817,-49.75182973728026,0.2759239222344742,0.8660254037844386,-0.8576337914461509,-0.5142609063206062,0.0,1,True,56000.0
-2.899808952200327,60.93936101447755,0.9067912280069474,0.16144232880307047,-0.3956314211930859,-0.9184093741707656,0.0,0,True,56000.0
-277.78587556110506,188.26892479640813,0.9882744650308857,-0.020309222312431405,-0.9254081801179228,0.37897189891975247,0.0,5,True,56000.0
121.51927639417559,115.53636836443454,-0.3091215544212098,-0.8660254037844387,-0.9733483796963788,0.2293314887720963,0.0,4,True,56000.0
-178.05221755470765,-202.97599332902152,-0.5768685929352642,0.7328850953142308,0.9299688397730544,-0.3676383508982193,0.0,2,True,56000.0
-122.37433831781769,-2.306264237772581,0.5082796087032184,0.8516847008436746,-0.24717181127746096,-0.9689716691987473,0.0,0,True,56000.0
-21.536910290596094,-172.47276523483262,-0.619918691195627,0.6583201378564503,0.2988164828295569,-0.954310593878825,0.0,2,True,56000.0
-25.020930297352656,-88.09357577514508,0.6306396965898682,-0.6397508118054047,-0.6127834546659849,0.7902508700960741,0.0,5,True,56000.0
230.618750869968,12.15666106952034,0.6427598294267685,-0.618758125937409,-0.8742183280226766,0.48553302148176125,0.0,5,True,56000.0
-105.48936511954216,-130.7962183958997,-0.7623346555733272,0.10695076205660631,0.8296240422327358,-0.5583224413807932,0.0,-1,False,56000.0
2.7441518346330023,-98.14969231423098,0.14895612766763322,-0.7552513916722405,-0.6634254920171054,0.7482423514756873,0.0,-1,False,56000.0
70.39873787037368,-52.95934751729662,-0.8949767085211732,-0.1819056768194433,0.9420070055539564,-0.3355932083449544,0.0,3,True,56000.0
95.12045957739018,-167.81804044226084,-0.49511611036304237,0.5894511259227216,0.23069551315439502,-0.9730259915389873,0.0,-1,False,56000.0
-44.40576896464493,-194.29257809592292,-0.769399409330787,0.02484233310356304,0.4543485444236383,0.890824000675841,0.0,-1,False,56000.0
-30.577712812073862,67.62944007244067,-0.45644598383250023,-0.6198787433327371,0.9782288327562864,-0.20752915641969194,0.0,-1,False,56000.0
120.63377474355859,-173.8157154856922,-0.7466335179045124,-0.43884361992437493,-0.11691895455840057,0.9931414592418122,0.0,3,True,56000.0
39.067161914489766,-11.678278851834165,-0.9347681032866649,0.11298495938158211,-0.12178815824539968,-0.9925561165552218,0.0,2,True,56000.0
-151.36066625399815,-113.01256796153693,0.08793987409938309,0.8660254037844386,-0.5916933341715251,-0.8061631337992237,0.0,1,True,56000.0
200.71392690651328,-90.65792374491681,-0.5182205716923085,-0.8344664478704096,0.475259380161567,0.879845737370163,0.0,3,True,56000.0
-40.9523778567811,-183.11877484148857,0.9620401964533911,-0.06574830838805909,-0.759682302440492,0.6502943943774369,0.0,5,True,56000.0
250.82242084145156,-23.888561016715922,-0.8141077203651925,0.32197487306228806,0.9958872489695869,-0.09060125462598434,0.0,2,True,56000.0
70.77208783697004,-194.8351816647471,-0.7695061624647348,-0.021280472771755973,0.7604030043301847,-0.6494515155156897,0.0,-1,False,56000.0
-44.01594609764286,47.54640195689438,-0.5949438221067229,0.701577880030814,0.3511902851883899,-0.9363041084974941,0.0,2,True,56000.0
147.69767131048485,-42.48993030712938,0.31871922029368016,-0.8660254037844388,-0.5211569083412113,0.8534608818734606,0.0,4,True,56000.0
175.58805683634208,134.82672563973398,0.8254927115792245,-0.3022554898358591,-0.8935876561876284,0.44888873978872146,0.0,5,True,56000.0
-126.36400804680942,195.36540251937078,-0.7307250485267693,-0.24214354430408186,0.852757730833061,0.5223066651924271,0.0,-1,False,56000.0
-11.195961007898058,4.5871420862630945,0.5243676613992474,0.5635877467362793,0.24047493471684322,-0.9706553486036824,0.0,-1,False,56000.0
1.0743491400508625,-54.25661720749013,0.6733921752636295,-0.5657013465929447,-0.9793481006315097,-0.2021813487675272,0.0,5,True,56000.0
47.360037897635785,278.2395869031379,0.6843818316667379,-0.5466667033450363,-0.9856536652617922,-0.16878048511602195,0.0,5,True,56000.0
-10.546831717198582,-132.00128500761127,0.5226788892530843,0.8267444153388689,-0.4466317350167268,-0.8947178847412975,0.0,0,True,56000.0
16.410589364665036,203.54554595631484,-0.4307350261309002,-0.8660254037844389,0.4651674743850548,0.8852226955824306,0.0,4,True,56000.0
-31.03528910473569,115.42827135831799,0.6299552310769565,0.640936340849796,0.07512705840988848,-0.9971739693226425,0.0,0,True,56000.0
112.64190346828465,177.12462838520426,-0.7474613364736536,-0.1841036204685068,0.9555305800817361,0.2948920319856947,0.0,-1,False,56000.0
-46.22726341438848,-158.63642158269747,0.5794931179756607,-0.506734959136864,-0.9889226216683328,0.1484319654003926,0.0,-1,False,56000.0
-182.17942270458755,15.127317146733064,0.3563852817502067,0.8660254037844385,0.9917120054127521,-0.1284807313187869,0.0,1,True,56000.0
79.94624874126777,104.97293270245866,-0.059704781712846655,-0.8660254037844387,-0.9765842903830768,0.2151351291095354,0.0,4,True,56000.0
18.853168596377284,0.13594083504316895,0.09466385036524728,-0.8660254037844387,0.6126249056082467,0.790373788171445,0.0,4,True,56000.0
61.01322935107264,65.96118084364637,-0.7632862962061394,0.09993309069825684,0.914240373871791,0.4051722334795142,0.0,-1,False,56000.0
129.9378404081358,-148.4853636545666,0.6538135815566539,0.40635008695046804,-0.7080048962470891,0.7062075239546373,0.0,-1,False,56000.0
185.955787254885,-95.5083350601261,-0.3580001344467182,-0.8660254037844387,0.5952263073822714,0.8035581142643371,0.0,4,True,56000.0
-79.48275338296287,141.32830218344694,0.7682929252383893,-0.04815156924993221,-0.9977315920598158,0.06731768122690275,0.0,-1,False,56000.0
57.724765765980536,333.5028067130567,-0.03673798902442248,0.8660254037844386,-0.23349496012334514,-0.9723580120495698,0.0,1,True,56000.0
-21.437916805640832,-210.81239783616633,0.4769548906587803,0.6042405356058657,0.002544022144447433,-0.9999967639704168,0.0,-1,False,56000.0
93.84708860947755,82.65079724478366,-0.2735778645455173,0.7195469023095763,-0.7300774061114204,-0.6833644569961249,0.0,-1,False,56000.0
80.47034230023662,-90.61790555492442,-0.16028634416560833,0.8660254037844386,-0.7200946188607161,-0.6938758821920855,0.0,1,True,56000.0
53.59062009779439,-42.835772693731364,0.7793460747733235,-0.38218380938210766,-0.8458697916133838,-0.5333894408740416,0.0,5,True,56000.0
-47.72131280127171,41.70663129799363,0.19117361037086872,-0.7456844126642044,-0.8222857980721461,0.5690747457837506,0.0,-1,False,56000.0
19.3560462062458,-25.748978452312645,-0.5049383626297547,0.8574719088035041,0.926537287614428,0.37620294344954364,0.0,2,True,56000.0
49.789333872513886,49.812662128369,0.2370675277682715,0.8660254037844386,0.8126604359455766,-0.5827375188270834,0.0,1,True,56000.0
-38.429475129145914,-58.15095428762685,0.26686024990365126,0.8660254037844386,0.11055738478143731,-0.9938697423054379,0.0,1,True,56000.0
-94.55046617265253,103.27997216624303,-0.07116242631570542,0.7665040780540272,-0.025635014639495433,-0.9996713690130574,0.0,-1,False,56000.0
-9.786936111707233,-29.983054512266385,0.7650972434865295,-0.08496352512641309,-0.9965637727196035,0.08282902210500637,0.0,-1,False,56000.0
-191.27924094990712,10.838219554035755,-0.25293086748960886,0.8660254037844385,-0.9626904515606798,-0.27060505256533296,0.0,1,True,56000.0
12.4363542796449,-317.61277577228043,0.5633372091237225,-0.7563221395725364,-0.9471834029966638,0.32069237765756564,0.0,5,True,56000.0
234.61799412212213,41.53030024190986,-0.12741298702672302,0.7591827996797086,0.49378862525326517,-0.8695819648374032,0.0,-1,False,56000.0
37.60910132658686,-48.36708051712516,0.30217733225474286,0.7080123250791606,-0.08407302615463103,-0.9964595959060265,0.0,-1,False,56000.0
-174.82437682864037,-88.53005617549775,0.7641427448155034,0.4085167493132864,-0.9291335779300632,-0.3697442283022908,0.0,0,True,56000.0
-85.58775767390483,-124.12356791241558,-0.08613847656039664,0.8660254037844386,-0.09085767493644285,-0.995863887740256,0.0,1,True,56000.0
102.28231165664982,-184.0128510426329,-0.9453355194733498,-0.09468165764151745,0.9850065190785638,-0.17251712196968813,0.0,3,True,56000.0
-6.299669680476588,141.21904615895255,-0.7106865741683007,0.5011055528523135,-0.18028851401932328,-0.9836137716160243,0.0,2,True,56000.0
66.40938095486753,-9.190974068409066,0.5173221135130887,-0.8360226230852943,-0.9955517934473722,-0.09421585091539171,0.0,5,True,56000.0
269.9189286192164,14.344056653494034,-0.26325349570406065,-0.7233879938125767,0.7223755224696291,0.6915009794184842,0.0,-1,False,56000.0
54.94515012836654,-77.26234897146107,-0.7504740261026208,0.17140982684174,0.7035201563889966,0.7106753052937652,0.0,-1,False,56000.0
-17.801975596643423,-1.1454845307641521,0.5557987551422466,0.7693791248789723,-0.815229785196754,0.5791376324571296,0.0,0,True,56000.0
-87.16795767630256,255.9729130842736,-0.20700797356956901,-0.8660254037844388,0.8633447591170869,0.5046145329903283,0.0,4,True,56000.0
64.93892181255504,76.17390117473904,0.3348421823917225,0.8660254037844386,-0.6104351669154326,-0.7920662263932943,0.0,1,True,56000.0
147.95521585218458,76.68678183758367,-0.9382107528969162,0.10702211534396962,0.6567509098538299,-0.7541075801277654,0.0,2,True,56000.0
-30.54746110487665,120.95584149675382,-0.21933194281861873,0.8660254037844385,-0.7100001487172817,-0.7042015257164912,0.0,1,True,56000.0
-68.59820093995924,179.13090425921652,0.49185050498122956,-0.8660254037844384,-0.45662846294396364,0.8896574884917356,0.0,4,True,56000.0
-29.382615430527103,-144.2879890368588,0.37058078777972947,-0.6747314075401762,-0.9497493937889481,-0.3130113240723276,0.0,-1,False,56000.0
-175.0954707535087,65.827948114412,-0.34477627724230403,0.6882745900028059,0.07250353100783535,-0.9973681556934678,0.0,-1,False,56000.0
0.4363770421475205,146.21739325361395,-0.1475630514447943,0.8660254037844386,0.8631901423148727,-0.5048789738248357,0.0,1,True,56000.0
-16.676981929893284,-180.63535578057477,0.34346270226056114,-0.8660254037844386,-0.8179374375911527,0.5753071772425598,0.0,4,True,56000.0
3.166578301020201,-86.1305528039732,-0.8747494731152616,-0.21694027623913822,0.9989756560067458,-0.045250842046101414,0.0,3,True,56000.0
-180.37253779753598,130.61468165277606,0.39400985741341443,0.8660254037844386,-0.582224919909971,-0.8130277625246444,0.0,1,True,56000.0
45.19183862178805,61.218586972139754,-0.5220641832012539,0.5657221767007193,-0.13304004060895985,-0.9911106636469807,0.0,-1,False,56000.0
26.03693343121569,12.9429500541536,-0.3088895027932447,-0.8660254037844387,0.09001272233398433,0.9959406156081947,0.0,4,True,56000.0
13.856090070056618,-9.64505169291251,0.9064071981473948,-0.16210748803143854,-0.09993046001579547,0.9949944236833816,0.0,5,True,56000.0
-223.6470567235492,-117.55089958764061,0.7676379567027257,0.057658997752792956,-0.9945863207917074,-0.1039136684657875,0.0,-1,False,56000.0
-6.893370372409959,265.5146787648213,-0.7618101604182442,-0.11062491616322843,0.6934574494817816,-0.7204975820627069,0.0,-1,False,56000.0
-44.29749006055547,76.21210443320302,-0.9619099957906608,-0.0659738225510873,0.9218940566974239,-0.3874420578950679,0.0,3,True,56000.0
72.56928965672945,-27.08746940738563,0.7845692618087607,0.37313698405929574,0.2731014719621125,-0.9619852317016766,0.0,0,True,56000.0
-5.62679074198583,22.06379064699127,0.7621052949589324,-0.10857307211344325,-0.8666434927187832,-0.49892790714509433,0.0,-1,False,56000.0
78.43081693490214,-42.003613554414706,-0.577385580289341,-0.7319896469501002,-0.16946429383551725,0.9855363276484617,0.0,3,True,56000.0
-58.432607264969086,27.151316860109084,-0.012674936783962809,-0.8660254037844387,0.8822984509925913,0.4706903901462835,0.0,4,True,56000.0
46.858731483411425,-18.4091999792603,-0.2533724870862354,-0.8660254037844388,0.7764082251563722,0.6302303292523568,0.0,4,True,56000.0
136.7149865428496,-197.03091651913033,-0.5657456199266455,0.752150649696376,0.8592644291638762,0.511531661555436,0.0,2,True,56000.0
23.065776247997036,112.20249455389924,0.33931862151802716,-0.6909815234025424,-0.9729552001089604,0.23099389295157732,0.0,-1,False,56000.0
-253.00841094980242,-30.764762733081476,0.7217856244125161,0.26761559181786587,-0.7131730373755945,0.7009880303974327,0.0,-1,False,56000.0
83.2626264553464,2.065219180261012,-0.6092115682001165,0.6768654188875632,0.5308819404907426,-0.8474457889804952,0.0,2,True,56000.0
-127.4324400599931,89.4966613962209,0.10186956672245435,0.8660254037844386,-0.09236448380131845,-0.9957252643837515,0.0,1,True,56000.0
272.8354112858658,-152.9828240016755,-0.5725987387676413,0.5145126596637821,0.31730026832005476,-0.9483251234276205,0.0,-1,False,56000.0
-45.55581570975535,-176.5954370130934,0.8878599943197446,-0.19423218739926446,-0.7145587206900679,0.6995754674699236,0.0,5,True,56000.0
172.72831650638182,-105.45973797936011,-0.8742434149767158,-0.21781679464668355,0.9990221093132045,-0.04421340411450331,0.0,3,True,56000.0
-30.772664190512607,35.27892136565222,0.5321758093275497,-0.8102952672544745,-0.43893086634608436,0.8985208370253109,0.0,5,True,56000.0
115.1608270479051,-141.16442753354625,-0.9869825225748345,-0.022546932286767317,-0.1854405280817204,0.9826554892457289,0.0,3,True,56000.0
-79.59855373052935,-38.156980336415465,0.41998122531096893,-0.8660254037844387,-0.5262262451839773,0.8503446000766687,0.0,4,True,56000.0
-151.69017369012624,-222.24233568019767,-0.21553305051535573,0.7390115673845284,0.7855739512064005,-0.6187677813089165,0.0,-1,False,56000.0
-236.29643301689782,-18.81333557838582,0.5289250274748992,0.8159257865875875,-0.9725501199671833,-0.23269349830158048,0.0,0,True,56000.0
-0.05708176076036903,-38.56523163001679,0.5444203133269545,-0.5442417799375321,-0.9094587513198618,0.4157941553794608,0.0,-1,False,56000.0
106.0036166784869,257.47260338719536,0.629526951965365,0.6416781420308931,-0.18118326198783752,-0.983449350793141,0.0,0,True,56000.0
42.497200783147456,178.7904341722788,0.21181369861164756,0.7400861771936067,-0.5762525818519936,-0.8172716573507834,0.0,-1,False,56000.0
229.82525221112826,-164.31068397929775,-0.9848737320347871,0.026199464644650696,0.9997705555908776,0.021420461561581502,0.0,2,True,56000.0
-132.97384481513066,-127.54042708456896,-0.5328599643336741,-0.8091102760236144,0.6638861365072075,-0.7478336698447858,0.0,3,True,56000.0
-87.71752509875205,-81.95056795346706,0.7608407573543583,0.11710650938798756,-0.7601275635532319,0.6497738738412268,0.0,-1,False,56000.0
75.69221008948195,62.40633008494446,-0.9303433383192944,0.12064887711661886,0.9767563165741946,0.2143527420687799,0.0,2,True,56000.0
59.930176772108624,-7.48461945224596,-0.3155275485250634,-0.7021644812395142,0.7428225794703285,0.6694883235942541,0.0,-1,False,56000.0
417.52542297905563,57.75866775954865,0.9626670121194599,0.06466263180744884,0.2633795388386989,-0.964692292143513,0.0,0,True,56000.0
-163.18927306961606,106.21851537296843,0.320613851790184,0.6998566643483894,-0.9851731042266614,-0.17156326736338656,0.0,-1,False,56000.0
-32.54885147303517,151.64821874338662,-0.1830643894144512,-0.7477165384829378,-0.4910251158344842,0.8711454158863167,0.0,-1,False,56000.0
13.965670555539981,-204.93767227488098,-0.2800237113798272,-0.8660254037844387,-0.9702987876296703,0.241909616849727,0.0,4,True,56000.0
-69.31707231267895,15.651891390055715,-0.8120742166816854,-0.3254970047595004,0.5633719180562071,0.826203414387557,0.0,3,True,56000.0
-221.17271658556567,166.65756304925347,0.3609591885903447,-0.8660254037844386,-0.44486939369077344,0.8955954569766513,0.0,4,True,56000.0
-39.507542024522465,256.99822751714544,-0.11101170022875195,-0.7617538939873651,0.3884651494909967,0.9214634163280355,0.0,-1,False,56000.0
-34.73850525317149,118.88613680793817,-0.2944825503836841,0.7112472285444165,-0.730057799168305,-0.6833854036146251,0.0,-1,False,56000.0
-76.12101937898572,-154.40870326528648,-0.5466979352042362,-0.7851422074021427,0.19471041728016814,0.9808607716707767,0.0,3,True,56000.0
-261.92295426135803,-137.53441319311176,-0.9618042194279003,0.06615703258562908,0.6702412700009364,-0.742143274568685,0.0,2,True,56000.0
98.4625645357427,-17.30737072571098,-0.5578300422806022,-0.5304886770910514,0.8131815550931943,0.5820101016788379,0.0,-1,False,56000.0
-191.53121706054176,15.336999730040306,0.09711202517859,0.7636503435200598,-0.5371294941759961,-0.8434997963759225,0.0,-1,False,56000.0
187.38040548017025,178.79902631443554,-0.6523033789622938,-0.602228213257329,0.8203737616880329,-0.5718276760824219,0.0,3,True,56000.0
-4.071567815081128,73.17598889049788,0.8235084962335409,0.3056922516277412,-0.5971661970450132,0.8021175307314908,0.0,0,True,56000.0
-60.34280669903397,82.71708876312869,0.8772833915768086,-0.21255140072150236,-0.9625534238829947,-0.27109206216913795,0.0,5,True,56000.0
-35.140118096628385,46.23323332293691,-0.5948484109354838,0.7017431370270094,0.21969724215346653,-0.9755681020770206,0.0,2,True,56000.0
-72.52739528382553,-96.6612077927292,-0.9837592028903098,0.02812988574940148,0.30283600589056026,-0.9530426819068792,0.0,2,True,56000.0
-74.40628009180034,35.80454205085352,0.9317588916022345,0.11819706690974538,-0.9689587800195818,0.24722233439346333,0.0,0,True,56000.0
-84.4104567517672,-55.716224319660846,-0.11535564360388599,-0.8660254037844387,-0.023593320377390203,0.9997216388743208,0.0,4,True,56000.0
-73.01664914677016,14.518772331804932,-0.01778920379577631,0.8660254037844385,0.896726129422116,-0.44258586603236766,0.0,1,True,56000.0
-16.229845820313948,40.04336433262924,0.6710076992375805,-0.5698313802194913,-0.07738098806412658,0.9970015961302199,0.0,5,True,56000.0
47.50800915191369,-50.98978189575673,0.6297624978994337,0.6412701645055697,0.13061034395147175,-0.9914337789549472,0.0,0,True,56000.0
96.98757498372389,195.77262637994377,0.5436471810233177,0.7904262686448963,-0.8296373365805105,-0.5583026864986279,0.0,0,True,56000.0
-31.299332864952596,-54.71964489429074,-0.8382012508068963,0.28024365420354974,0.804923528964912,0.5933785575150692,0.0,2,True,56000.0
97.40974748124387,83.06416055694282,0.6430671722823231,-0.6182257924962452,-0.811660138697273,0.584129967772508,0.0,5,True,56000.0
-13.83535165545447,-96.63230096892462,-0.9808306451604084,0.03320229653048948,-0.1845960920631518,-0.9828144701799122,0.0,2,True,56000.0
44.537042746785495,-159.0736974649474,0.10638065313404985,-0.8660254037844387,0.4580697628048649,0.8889162460006493,0.0,4,True,56000.0
-49.518015242427744,-81.97769256868492,0.09571599508354393,0.8660254037844386,0.35908196246567986,-0.9333060292485992,0.0,1,True,56000.0
-49.899734963676025,25.64839151994361,-0.7544671939118817,0.15287853316709804,0.6885192820342607,0.7252180349846651,0.0,-1,False,56000.0
-159.52276881021783,-141.08366234246168,0.4933023367439949,-0.5909698783825675,-0.9987056647766493,-0.050862512158035666,0.0,-1,False,56000.0
125.14042407293311,-77.62511160771251,-0.7519407955091089,0.16485640006296673,0.9121282269659556,0.40990498602962033,0.0,-1,False,56000.0
-68.01962587324347,11.069242077389193,-0.9198809744324542,0.13877022293589944,0.989257217924505,-0.14618535078542383,0.0,2,True,56000.0
-54.2400909026156,91.38378192898125,-0.9614473402493129,-0.06677516545510563,0.9973611968643553,-0.0725991941367223,0.0,3,True,56000.0
56.441352785515136,-9.889775656976363,0.7606826641520016,0.11812906945881466,-0.5580407312106515,-0.8298135587647859,0.0,-1,False,56000.0
-163.90728512653206,-183.5842276634896,-0.8075188146151275,0.3333871925876837,-0.26606846910372306,-0.9639541325959361,0.0,2,True,56000.0
30.9796587609331,-31.99171283133076,0.4765305045919819,-0.6045752813222711,-0.6111863720760848,0.7914867140947281,0.0,-1,False,56000.0
-21.015528239991088,86.03248458775019,-0.9988005737170328,-0.0020774672620325024,0.920579429066783,0.3905553927153729,0.0,3,True,56000.0
187.23828460469963,178.9987687662413,-0.13467146163821786,0.8660254037844386,0.7982247734816273,-0.6023597023375646,0.0,1,True,56000.0
-82.41358095297429,-232.62969915296603,0.4782448662546016,0.8660254037844386,0.8279463506864226,-0.5608073112799413,0.0,1,True,56000.0
98.6118305071477,-84.77791988078218,-0.7198531338317994,-0.2727710730725124,0.2661572408041468,0.963929625630169,0.0,-1,False,56000.0
-118.0915716848093,-15.873545074317837,-0.6277151239497235,0.445607804865866,-0.18397102749798672,-0.982931666516718,0.0,-1,False,56000.0
133.54297053174346,21.426745577484528,0.6233742846942348,0.6523348743465567,-0.2093988285892217,-0.9778303178903061,0.0,0,True,56000.0
17.227646362274083,7.144008202570073,0.9944613935206544,-0.009593147825356472,-0.12823949394775747,0.991743228962023,0.0,5,True,56000.0
-187.8186201390979,-74.1224413511044,-0.9511317686118936,0.08464225964023277,0.9655268699782901,0.26030340633560906,0.0,2,True,56000.0
140.32310447883373,-33.43837220833355,0.730581098306172,-0.24257751625066126,-0.8878398028144626,-0.4601526752485246,0.0,-1,False,56000.0
-91.16724952810831,133.09411922515918,0.903348215191604,-0.16740580193035542,-0.7849851755224246,0.6195145472142041,0.0,5,True,56000.0
61.65545807052928,-93.9764073749901,0.9412426844721539,-0.10177065581058549,-0.6735222419766068,0.7391669564873713,0.0,5,True,56000.0
167.30779612006538,-13.056039381001963,0.4332840534530781,0.8660254037844386,0.9240897184453822,-0.3821756039617508,0.0,1,True,56000.0
-123.60276460907762,-92.46273106130677,-0.5225529276156237,-0.8269625872947551,0.6615958635672501,0.7498605959181345,0.0,3,True,56000.0
132.60966466409207,-231.1935260106158,-0.8804648234270926,-0.20704099911599236,0.9858866225255307,0.1674143587784791,0.0,3,True,56000.0
-58.9520065396264,-55.861099693787935,-0.2741649967961436,-0.7193233953684274,-0.2703811386179577,0.9627533639928997,0.0,-1,False,56000.0
-123.78875952723749,-20.716207377420574,0.48296781602833017,0.8660254037844386,0.9558383019581571,-0.29389307666180486,0.0,1,True,56000.0
93.48744429529559,-0.7711365957953628,-0.5254185856243527,-0.8219991220265198,0.5602987665152328,0.828290584421615,0.0,3,True,56000.0
-129.75843699334544,-40.603417777785815,-0.542888533841847,0.7917402841082231,0.657144029266607,0.7537650328844255,0.0,2,True,56000.0
-155.71692591459583,-21.78488900184597,-0.1258308929979026,0.7594466268013459,-0.10762412647536634,-0.994191655265933,0.0,-1,False,56000.0
-104.65112699936613,147.30319426730006,0.9208809040471128,-0.13703829403931775,-0.9613174539719422,-0.2754428301642321,0.0,5,True,56000.0
-101.73990830087288,-2.1898523483354118,0.543823733708172,-0.7901204704245157,-0.6400575284751101,0.7683269878393697,0.0,5,True,56000.0
75.361065661954,-8.832538359754261,-0.893145961385882,0.1850766238735795,0.9855513220270542,0.16937706943596342,0.0,2,True,56000.0
-66.33089981326066,-35.28997398039779,0.5516479700526582,-0.7765684955454388,-0.990330648146416,-0.13872709663899607,0.0,5,True,56000.0
119.49080015451659,-25.78679940832424,-0.2284618804869407,0.7351175156102343,-0.21640235287323265,-0.9763042669531521,0.0,-1,False,56000.0
196.76775279419851,161.38720529076215,-0.8707763883823076,-0.2238218608593908,0.9706063621951941,-0.24067257771960257,0.0,3,True,56000.0
107.40944593880701,100.5049684426672,-0.7680266209962145,-0.05222740692135891,0.6270363226956687,-0.7789900192045429,0.0,-1,False,56000.0
48.49808314461726,-53.384959956835395,-0.5187760368314023,0.5687389701806058,0.6097467722001808,-0.7925962867636106,0.0,-1,False,56000.0
59.6652221627147,224.34984300315344,0.5345243982202352,-0.553964132683595,-0.7098406075387842,0.7043623441730659,0.0,-1,False,56000.0
26.09649484380975,-113.43647718598605,0.40835234862024195,-0.6525649024954718,-0.6582569553980311,0.7527933186938546,0.0,-1,False,56000.0
5.529938392315027,-209.83403697607895,0.6482784122775564,0.4151237077877907,-0.6924711333187137,-0.72144558320104,0.0,-1,False,56000.0
-21.823634933770744,-190.14198307388122,0.0895961670198987,-0.8660254037844387,-0.8825218236789278,0.4702714436688936,0.0,4,True,56000.0
55.72778992696633,53.95032652204718,0.4856726562830726,-0.5972559447435721,-0.8868515315511613,0.46205450001633974,0.0,-1,False,56000.0
-38.45225114936348,128.10546441302668,0.855446466109255,-0.2503740651123999,-0.842963620777873,-0.5379705698688886,0.0,5,True,56000.0
234.6506991482659,86.80710677950678,-0.7664600873088698,0.07163467843909,0.7679973472927304,0.6404530229074779,0.0,-1,False,56000.0
-65.45237387959406,-27.38345027274594,0.8619196882935818,0.2391621154004642,-0.9567506226086926,-0.290909343503918,0.0,0,True,56000.0
49.94405124485238,38.288804628138465,0.6810954191423788,-0.5523589368118571,-0.35529868634201506,0.9347528248064466,0.0,5,True,56000.0
-3.8858747667973126,37.38137165832086,-0.3168956901980129,0.7015480839732352,0.9730811049773984,-0.2304629322385123,0.0,-1,False,56000.0
-195.5095871541876,-157.91178687273197,-0.8506702791566221,0.25864666358080785,0.8654264644016583,0.5010359614970222,0.0,2,True,56000.0
-155.01517523958447,165.49833025403478,-0.49185043839315007,-0.8660254037844388,0.3544712845078119,0.9350669005260379,0.0,4,True,56000.0
-83.94462631398628,-75.19477684274335,-0.5694750680768212,0.7456910560160779,0.6423302794196337,-0.766427956262489,0.0,2,True,56000.0
0.43267564877366654,94.31320017565358,0.6055388971815613,0.47530541401579995,-0.968341006788627,-0.2496311169937993,0.0,-1,False,56000.0
55.65397003398696,13.097431550680303,0.5535240954226733,0.5349800635342438,-0.5891296886466534,-0.8080384953423254,0.0,-1,False,56000.0
-292.9806743958095,-176.95299999618487,-0.14233964349703865,0.756526284065351,0.22148046917917147,-0.9751648074926468,0.0,-1,False,56000.0
165.72683783555055,-292.83666611389873,0.7334960807760027,0.2336152650809361,-0.6616610321099639,0.7498030932099278,0.0,-1,False,56000.0
43.190311978045294,-41.61299448524889,0.705093916070432,-0.5107923208271832,-0.056218303996794894,0.9984185005776465,0.0,5,True,56000.0
-0.040603609104105876,57.57395189885966,-0.4094263975574248,0.8660254037844384,0.7010016551031454,-0.7131596452005922,0.0,1,True,56000.0
-28.763721445438993,-289.237990210231,-0.7694851356701278,0.022027677483504732,0.6856654497567145,-0.7279168159961101,0.0,-1,False,56000.0
-71.61064983346687,44.296384471213734,-0.7685138183464237,-0.04448711727222049,0.5756234750038725,-0.8177148739166071,0.0,-1,False,56000.0
57.93921489961778,256.8752677574111,-0.9696518223318191,0.05256458563841663,0.9999519240619232,-0.009805588449743524,0.0,2,True,56000.0
-43.23828797956289,-160.3829860780574,0.48384680386151196,-0.5987360545228522,0.25099157169868946,0.9679892721183476,0.0,-1,False,56000.0
-187.37008995802773,-95.79570820889626,-0.5375318322995593,-0.8010183633404477,0.7700824974834015,0.6379443134551204,0.0,3,True,56000.0
-6.062614236258878,-41.60337370870244,0.7211239311786747,-0.26939351973276265,-0.719442169598364,-0.6945523483536599,0.0,-1,False,56000.0
-45.513395348620904,-26.03373896378137,-0.4239325265102153,0.6425525702689686,0.24281007817575,-0.9700738456098466,0.0,-1,False,56000.0
104.72065179181557,-89.65105112050882,-0.43781817983830185,0.6331728310624745,0.8448968265969637,-0.5349292966424355,0.0,-1,False,56000.0
139.55506554758458,-99.6364283163395,-0.9861012552286059,-0.024073332105486487,0.2629818057853603,0.9648007928198787,0.0,3,True,56000.0
11.034361762717857,99.95621657945428,0.7604119844348078,-0.11985911112848281,-0.9999714671630335,-0.007554128660350018,0.0,-1,False,56000.0
-71.31843788962986,105.32960152795071,0.7646263378192804,-0.08910194221041483,-0.880030423000747,0.47491731342742805,0.0,-1,False,56000.0
-163.8816240649549,-78.14081289997029,-0.6788040109378922,-0.5563277722429084,0.0929768654791911,0.995668269297391,0.0,3,True,56000.0
74.86611475324379,76.58220354969141,0.5617508880121835,-0.7590697283348405,-0.6988824367968781,0.7152365619407606,0.0,5,True,56000.0
-99.68134100541285,30.635888188661077,-0.969396495850391,-0.05300682407676764,0.8994046732191738,0.43711695665061695,0.0,3,True,56000.0
233.58838427797227,-53.614811992256904,0.706101649984758,-0.5090468744870605,-0.6014678377113163,-0.7988970147640173,0.0,5,True,56000.0
-91.85736180630772,-99.9735773366983,0.4953783993872994,0.8660254037844385,-0.44693924607418123,-0.8945643131260277,0.0,1,True,56000.0
-137.9364784378857,148.7857488791346,-0.9391226246512868,0.1054427071354126,0.8546414173945311,-0.5192186896423043,0.0,2,True,56000.0
152.2902667706642,176.5650467416581,-0.9199480272279987,-0.13865408408722615,0.18586021079663206,0.9825761965581199,0.0,3,True,56000.0
92.12497749945997,-98.94467841518764,0.7806512027529112,-0.379923261411082,-0.9187647242272893,-0.3948054983350078,0.0,5,True,56000.0
171.21957702176272,-84.4868189276127,-0.7313648770245159,0.46528968169105184,0.9400683381473807,-0.3409860988556932,0.0,2,True,56000.0
36.388972405411685,187.8261290819184,-0.528495371096222,-0.8166699732652524,0.4334397423985632,0.9011825507129284,0.0,3,True,56000.0
186.50962505924824,-41.50744842719135,0.5307255054866974,0.8128072671932425,-0.7768150256222306,-0.6297288432075564,0.0,0,True,56000.0
-69.75921839728464,-75.96893256624186,0.7638787743063036,0.09529853491471879,-0.9074789963864451,0.42009745430965373,0.0,-1,False,56000.0
-7.384824644770707,130.40167023277928,-0.037987140151479845,-0.7688625168231991,0.17837108168292914,0.9839632905852093,0.0,-1,False,56000.0
-274.37098943324236,-34.63564608546758,0.4682620173720712,-0.6110018622551248,-0.8953534985288825,0.4453561638420181,0.0,-1,False,56000.0
-127.59025549417383,34.426881440508176,0.7310784466259579,-0.24107446457799875,-0.9196389297052514,0.39276486473533206,0.0,-1,False,56000.0
-118.08763739599587,49.48763353655908,-0.6962664535172749,-0.5260819344711631,-0.014993764824577427,0.9998875871898638,0.0,3,True,56000.0
-41.39213529884201,-24.04461415678828,-0.5231077244246873,-0.8260016510335805,0.9539911690245287,-0.29983470350047037,0.0,3,True,56000.0
68.12082762605228,-176.20389136877992,-0.6701094911350379,0.5713871222888659,0.7282503258054586,0.6853112161377837,0.0,2,True,56000.0
-246.90280752928362,63.064939831283766,-0.7380017346214842,-0.4537943071305035,-0.2526790283528061,0.9675501581988731,0.0,3,True,56000.0
-213.51991212421248,-66.03477103191977,0.8568920000460215,-0.24787032688985514,-0.9057421367007327,-0.4238291894204475,0.0,5,True,56000.0
-185.07355409466126,125.2159659218888,0.5106843240098873,0.8475196117547857,-0.5733230873271135,-0.8193293828111471,0.0,0,True,56000.0
29.807218868855422,-180.87798927420445,-0.8137003124072919,0.32268052434477973,-0.29418208109784744,-0.9557493934923067,0.0,2,True,56000.0
-79.20656712032219,145.06952020923492,0.2923932532529676,0.8660254037844386,-0.968476721922195,-0.2491040728186398,0.0,1,True,56000.0
52.414281855948936,-36.70043448559753,-0.032535036176703475,-0.8660254037844387,0.5111150780802698,0.8595122901733262,0.0,4,True,56000.0
96.41800724458376,-140.42498851804925,-0.9659133021930941,-0.059039892463807114,0.4307440710716012,0.9024741244139118,0.0,3,True,56000.0
133.56140787252872,-84.55618998423732,0.2893057583147383,0.7133686079429951,0.3272378877541454,-0.944941990186809,0.0,-1,False,56000.0
-163.73488565045878,-100.07430557210193,-0.5111512817445262,-0.8467108172334044,0.9969948149445668,-0.07746830947972241,0.0,3,True,56000.0
-162.2281933089312,249.5867658171844,-0.7886458196052394,-0.3660761788358033,0.9918030555055521,0.12777597227112975,0.0,3,True,56000.0
30.42345949572927,0.28137241455304923,-0.3331105962449183,-0.8660254037844388,0.4846701804649121,0.8746969853429866,0.0,4,True,56000.0
173.40057695886236,-72.50855484619315,-0.10383915511161623,-0.7627647228721961,-0.061888732837304734,0.9980830550348907,0.0,-1,False,56000.0
29.881175739292733,-38.2766733825573,-0.5274799601044097,0.8184287166936355,0.8902441557357479,-0.45548363656485,0.0,2,True,56000.0
88.55121167434076,5.313543016541276,0.43027103271526573,-0.6383254898550825,0.3901431950739387,0.9207541948519691,0.0,-1,False,56000.0
94.84270620408694,6.019559872944706,0.4548724239520687,-0.6210343553464348,0.6814527364146384,0.7318621236496606,0.0,-1,False,56000.0
18.66334955942437,-169.36538638435417,0.14364393799915154,-0.8660254037844386,-0.9747785547135985,0.22317430244196101,0.0,4,True,56000.0
136.73280498416545,-54.69628624971284,-0.7098738464726466,-0.2977779620568346,0.6345111558757511,-0.7729137035071985,0.0,-1,False,56000.0
-54.3884989406336,-271.93729245282174,-0.4381715629688443,0.8660254037844386,0.5589602232229988,-0.8291944698648717,0.0,1,True,56000.0
10.30798442724722,234.04683773831243,0.6802530848822725,0.5538179025473174,-0.8580217813680586,-0.513613300740922,0.0,0,True,56000.0
-73.22494360577636,-61.85848055752001,0.9076438726434579,0.15996550497183268,0.3855706806282173,-0.9226783026818666,0.0,0,True,56000.0
107.35437489428703,-27.51249485920731,0.5314865030130449,0.5568794211564626,-0.9998718176052968,0.016010882508043,0.0,-1,False,56000.0
-107.61554103523093,-159.31685785370988,0.4252967452075863,0.8660254037844386,-0.4132135810686798,-0.9106341397182509,0.0,1,True,56000.0
92.72885184827618,67.45336050773595,0.5328410730322509,-0.555583462211063,-0.8737306384024832,0.48641008574738315,0.0,-1,False,56000.0
33.72474456501375,24.542172612487917,0.33710355983138074,0.8660254037844386,0.877408769385513,-0.4797435266946318,0.0,1,True,56000.0
79.65866711398928,102.03556357692355,0.6525145886997185,-0.40843274125200807,-0.9909646157832572,0.13412356342390575,0.0,-1,False,56000.0
2.874540617164123,190.1784648602741,-0.241704717721247,0.7308703181987107,0.5279883755338997,-0.8492515971731037,0.0,-1,False,56000.0
245.3456204563783,-75.59192742388773,0.7191860319086442,0.4863840602092537,-0.7931961363738754,0.608966246389375,0.0,0,True,56000.0
-181.11867536439883,-156.29050981289978,0.6810564867548081,-0.5524263696851893,0.23732849671008166,0.9714294542833946,0.0,5,True,56000.0
-48.29678583319611,-171.40411448092078,-0.9981181351262908,-0.003259485574243323,0.5333525647116544,0.8458930438982726,0.0,3,True,56000.0
172.78977030739122,198.96316146296948,-0.7592033873562658,0.12729025579110215,0.9218198525288406,-0.3876185747402891,0.0,-1,False,56000.0
-60.314627947863976,76.29805854107259,-0.2917633556206253,0.7123669959435129,0.36157621528263384,-0.9323425553635722,0.0,-1,False,56000.0
-135.58141073239665,-182.7949565749703,0.6548636126799424,0.5977937583791106,-0.45814954219035875,-0.8888751301452619,0.0,0,True,56000.0
113.66242720741037,-190.21414101188856,-0.5909919980747725,-0.7084226400367238,0.39616299875154937,0.9181801993182844,0.0,3,True,56000.0
145.6447007467552,-13.701713852466389,-0.182373848317548,0.8660254037844385,0.8051809635693893,-0.5930291863858427,0.0,1,True,56000.0
53.05639815927843,67.64450079189713,0.3559896329323408,0.8660254037844386,0.9715718356065209,-0.23674494346482083,0.0,1,True,56000.0
1.4276324618245793,74.7843987804865,0.7465653351121355,0.4389617159849736,-0.7720104694974131,0.635609813475518,0.0,0,True,56000.0
-9.261477189019509,99.49314687006193,-0.44360272409518287,-0.6291337026164832,-0.3757897828676777,0.9267049363698532,0.0,-1,False,56000.0
207.89434588090222,237.41792005478138,-0.9169105201077715,-0.14391520074781217,0.44213678889403857,0.8969476349857107,0.0,3,True,56000.0
118.8424050630059,-50.606410048666824,0.9718558932406783,0.04874702284078813,-0.7551526205986917,-0.6555490215101748,0.0,0,True,56000.0
-199.08599396609074,74.56751831353904,-0.7098525008644241,-0.29782884280928057,0.9702643894674814,0.2420475460137837,0.0,-1,False,56000.0
-103.47724710804115,-75.946159852502,0.6309989050160244,-0.6391286445607945,-0.9662269884205721,-0.2576924656401498,0.0,5,True,56000.0
61.938052839059566,125.00703442268137,0.0216241300235388,-0.7694965819243886,0.9877113851323773,0.15628889813376873,0.0,-1,False,56000.0
143.95291180157983,76.26592447184882,0.7686226873728677,0.04256473949530608,-0.9974419570215199,-0.07148106303839642,0.0,-1,False,56000.0
58.211702089780296,157.32192957853547,-0.3518930739740771,0.8660254037844385,-0.9827148431847682,-0.18512573290694076,0.0,1,True,56000.0
-25.706130439319193,-176.4013070827208,0.5380882590300615,-0.5505030591073856,-0.6930749004254851,0.7208655785929773,0.0,-1,False,56000.0
127.98047720897964,205.26290738999768,-0.8479385513328291,-0.2633781549640664,0.9992880198986838,-0.03772867989935402,0.0,3,True,56000.0
30.211756190389142,192.71176490353247,0.4187722721363237,-0.8660254037844387,-0.03530001471132688,0.999376760266805,0.0,4,True,56000.0
47.933490686913416,256.7970939392322,-0.9723540672770256,-0.047884160098822605,0.9964948662203514,0.08365393951555208,0.0,3,True,56000.0
-211.97676108674702,69.81648418602268,0.49931880586632515,-0.8660254037844386,-0.1529563402421084,0.9882329472243558,0.0,4,True,56000.0
-43.21935936716164,-207.08909397178414,-0.7963420764121226,-0.3527458710181838,0.2862312550122673,0.9581605651737621,0.0,3,True,56000.0
38.21137811584312,169.0693121743405,0.6027494337774537,-0.688058164032955,-0.481538328645575,0.8764250327582044,0.0,5,True,56000.0
80.81706095588561,-286.7507589137922,0.6744159559249167,0.563928106471789,-0.7719264013136599,0.6357119087723038,0.0,0,True,56000.0
-5.6421318980221615,-162.00177095340734,0.7085655810956982,-0.30087773244144844,-0.3002155345176193,0.953871392187792,0.0,-1,False,56000.0
-141.27037937108815,217.8986346052026,0.5128454006797883,0.5740924904526967,-0.08304210878777901,-0.9965460391613001,0.0,-1,False,56000.0
-51.00645092054902,82.40656086083337,-0.48893170958915116,-0.8660254037844388,-0.6586906602643819,0.7524138582458897,0.0,4,True,56000.0
-101.99802688447704,215.21766016569566,-0.02973755551537456,-0.7692257603490424,0.3675974721722157,0.9299849990470818,0.0,-1,False,56000.0
-272.3915063434557,74.60855433123946,-0.35736361860798416,0.8660254037844385,0.07705515215561393,-0.9970268318988529,0.0,1,True,56000.0
42.57610299774467,51.9197914089211,0.6674805425196321,-0.5759405948612359,-0.7768864276405947,-0.6296407535633518,0.0,5,True,56000.0
104.48618353749079,85.62721520211085,0.5374095593181326,0.8012301463566713,-0.6209403180274403,-0.7838578451785617,0.0,0,True,56000.0
188.3777465799052,-46.253977027517955,-0.39273176839165563,-0.6620833411954687,0.8389397417870377,0.5442243192382131,0.0,-1,False,56000.0
120.56607282698589,68.45962502389703,0.045923617287944266,0.7684293161819002,-0.20676663253992583,-0.9783902900520227,0.0,-1,False,56000.0
121.10696299794593,-115.88159562151523,0.12850714168172073,-0.8660254037844387,-0.8111317385505039,0.584863490667725,0.0,4,True,56000.0
-58.10122294317235,47.73859193903588,-0.8063829769125546,0.335354521197692,0.9249887912321473,-0.3799943895571053,0.0,2,True,56000.0
55.811627223262306,-127.38477194410984,-0.8962930169378526,-0.17962576376332395,0.13037542926189394,0.9914646980325472,0.0,3,True,56000.0
-33.461946819183495,129.8738982366914,0.15937635335450268,-0.7531213518311728,-0.9405429737453369,0.33967471872113986,0.0,-1,False,56000.0
-31.564513432943677,105.28649354341778,0.36715810103484187,0.676599971502424,-0.5868215386236483,-0.8097162971111452,0.0,-1,False,56000.0
-90.66944710143312,127.61041884204728,0.7429015094917796,-0.20171747516620298,-0.9587699322296697,-0.2841834214944773,0.0,-1,False,56000.0
-171.29695170259782,13.840807303029736,-0.7695808595278834,-0.018381872617244,0.6456553528807212,-0.7636289447738754,0.0,-1,False,56000.0
231.72810777298426,-42.816078030712745,-0.14800246362410396,-0.8660254037844387,0.080191155471283,0.9967795034932091,0.0,4,True,56000.0
9.825166981335457,-51.4901770406319,-0.36888391655510955,0.8660254037844386,0.569957447650623,-0.8216742102972321,0.0,1,True,56000.0
279.55366135383804,-197.64794601513987,-0.29142754862851167,-0.8660254037844387,0.24186574514698933,0.9703097244305448,0.0,4,True,56000.0
71.25185512322105,-63.57165473058964,-0.7599939566838895,-0.12248174719752575,0.553668303039069,-0.8327372996388605,0.0,-1,False,56000.0
18.912687831608025,-164.9798367143128,-0.12653834440351852,0.8660254037844386,-0.9598587795248121,-0.28048373102395463,0.0,1,True,56000.0
171.73687858705821,302.6623834465613,-0.5199681220980005,-0.8314396017789635,0.4461711450908258,0.8949476572897045,0.0,3,True,56000.0
126.62359858573555,36.408915775852044,0.768589897804802,0.04315277030500342,-0.6922704677058676,0.7216381361473956,0.0,-1,False,56000.0
-31.98337531881769,166.13579901499355,-0.8934976368332156,0.18446750413102309,0.31763349593545426,-0.9482135636341685,0.0,2,True,56000.0
56.573975007135154,-102.9140025715821,0.7237986839845933,0.4783947124560724,-0.6196016700332434,0.7849164098756028,0.0,0,True,56000.0
36.2399798072875,-120.30711509597062,0.7240330180840244,0.26147424599132335,0.19563286674496894,-0.980677205531533,0.0,-1,False,56000.0
-57.64084309450702,76.54290487704846,0.8213221056338916,-0.3094791912315247,-0.5981616681026771,0.8013754543362432,0.0,5,True,56000.0
-139.19222904021763,98.14687133839058,-0.9513023145147219,-0.08434686547151035,0.9950309038872367,0.09956656220504262,0.0,3,True,56000.0
-190.40938430956507,-7.988754280291276,0.32272559907476317,0.6988853842329426,0.6202041719158979,-0.7844404280365147,0.0,-1,False,56000.0
199.47532356769636,-128.9130473698257,0.6636450262931541,-0.39008700525517515,0.43068240441979805,0.9025035548534837,0.0,-1,False,56000.0
-192.1027367251393,27.774291023023277,0.28258969268878026,0.8660254037844386,-0.9489571163256012,-0.31540512262010034,0.0,1,True,56000.0
275.58633048708,106.51447830553151,0.2996592097924347,-0.709081765792328,-0.5324271662911908,0.8464758192619177,0.0,-1,False,56000.0
-280.91531710423664,23.91165907460696,-0.5467234954481024,0.5419280506834843,0.5829802794713366,-0.8124863037291856,0.0,-1,False,56000.0
-98.80963085877356,49.83424905950259,-0.8943627827059909,-0.1829690275234171,0.6651551172590381,0.7467052095600397,0.0,3,True,56000.0
-210.22136997884976,239.1839541921049,0.6109051429538404,-0.46838819253386427,-0.37598495258959486,0.9266257688118807,0.0,-1,False,56000.0
-421.4145534757618,5.306146019488614,0.6747112434966738,-0.37061749890117773,0.2531297118982673,0.9674323485155498,0.0,-1,False,56000.0
-52.88599803978261,127.12301551886084,0.3809078113601344,-0.8660254037844387,0.5134092987067577,0.8581438643965396,0.0,4,True,56000.0
-210.42678852176945,184.9745285653389,0.9904867776463291,-0.016477384460257434,-0.08390681490403246,0.996473605477163,0.0,5,True,56000.0
132.85148173173195,-129.1767656321233,-0.5686659847654316,0.7470924294189607,0.282539442837398,-0.9592556818914962,0.0,2,True,56000.0
31.123449551001038,-134.3782115633415,-0.9721499554481683,0.0482376921568294,0.9967376624810154,-0.08070955452648076,0.0,2,True,56000.0
-90.38554118844303,22.78893863098144,0.607315548155298,-0.6801494219373577,-0.7813226372970923,0.6241273399292107,0.0,5,True,56000.0
-130.56189883918807,135.01415121013434,0.9442442551775423,0.09657178284634284,-0.7682431200433562,-0.6401581902202338,0.0,0,True,56000.0
-203.9172843202296,108.91759440970212,-0.6441815276911439,-0.616295672310479,0.23983916922826848,0.9708126353235678,0.0,3,True,56000.0
-46.96951689598061,47.95188726560332,-0.25643221986019193,0.8660254037844386,-0.4940107749195327,-0.869455780510658,0.0,1,True,56000.0
-93.52564038181065,-49.42241365756709,-0.40630839928104956,-0.8660254037844388,0.6008502877833608,0.7993615775546354,0.0,4,True,56000.0
115.65495603493306,-260.2623590512928,0.7723924197696533,-0.39422789314676976,0.14429722444910636,0.9895343910225058,0.0,5,True,56000.0
9.13317912999319,-167.3050302876456,-0.6872786080683877,-0.5416493394392127,0.7268452362946678,-0.6868012831057717,0.0,3,True,56000.0
31.108982053748758,-448.77914331115943,0.5188844009786304,0.5686401067579037,-0.9981366076965651,0.061018950957907825,0.0,-1,False,56000.0
-104.70220414199217,36.323249109833675,0.1608564496628919,-0.8660254037844388,-0.6049330582177177,0.7962763308521447,0.0,4,True,56000.0
165.97998157674235,39.00062259126839,-0.506196086231666,0.8552934676231153,0.5419851877040097,-0.8403880391280288,0.0,2,True,56000.0
-33.36129419720902,-209.90208470010495,-0.3263582075633537,0.8660254037844385,-0.7064447437492498,-0.7077681993626527,0.0,1,True,56000.0
-39.5509985782912,58.92430338684898,-0.4036029596358033,-0.8660254037844388,-0.5394759167244387,0.842001030447295,0.0,4,True,56000.0
-57.99033906930166,58.26069160785856,0.2696747642584161,-0.7210188028857223,0.9319037981108333,0.36270554319803877,0.0,-1,False,56000.0
57.15689099459705,-67.80168008140294,-0.40563085624853473,0.6542600408489524,-0.49777374011217357,-0.8673069258657709,0.0,-1,False,56000.0
278.19030094047014,58.264882139861264,-0.6219986083543717,-0.4535529999876722,0.22843962569768222,0.9735580811698462,0.0,-1,False,56000.0
-88.0231985395098,-49.536452965978,-0.15363782566244855,0.7543129397791791,0.31556779837977456,-0.9489030322565883,0.0,-1,False,56000.0
-89.8743762034934,-1.6851688904130062,0.21864680119011537,-0.7380963141229757,-0.9999226667664762,0.01243625693773523,0.0,-1,False,56000.0
-3.2135620105405542,298.0560025293275,0.9742093747595961,-0.04467067327534786,-0.9927948310415695,0.11982663917988211,0.0,5,True,56000.0
168.28690177529373,-39.89521205282095,-0.4867097991926087,-0.8660254037844387,-0.3561387864600508,0.9344330713211989,0.0,4,True,56000.0
-44.53696006785242,80.50078860166902,0.2961163109253333,-0.7105685913383476,-0.6755652281342415,0.7373002255092153,0.0,-1,False,56000.0
84.5450104085377,-270.5318070038662,-0.24618390900123768,0.7293737557257339,0.17214810554151222,-0.9850710785311236,0.0,-1,False,56000.0
-105.80673329978929,-72.41180277163801,-0.8914081882252309,-0.1880865352798561,0.16306393119238238,0.9866155048163763,0.0,3,True,56000.0
-17.426988914177215,-336.0519077107721,0.8707587660501792,-0.22385238363398505,-0.9818716660679677,-0.1895469107448498,0.0,5,True,56000.0
-28.21908267686495,-206.10604223596573,-0.3599556427168646,0.6804590567175084,0.4605511855648351,-0.8876331480261531,0.0,-1,False,56000.0
-72.85639929779087,-60.06412702409154,0.5238544419330251,-0.5640648156547536,0.5167458530427604,0.8561388458440107,0.0,-1,False,56000.0
238.3519250201538,41.021131756587465,0.628003024770591,-0.4452019693033497,-0.3935531255378715,0.9193018750004585,0.0,-1,False,56000.0
-2.046698061290591,31.37771634762278,0.5742740113274782,0.5126421290787948,-0.7308865787518067,-0.6824989443218747,0.0,-1,False,56000.0
28.71205895799268,5.988098890621539,0.5971805114995216,-0.6977038203617357,-0.4538722582867859,0.891066761335885,0.0,5,True,56000.0
195.64025134231755,91.98307392467963,0.7565557845342208,-0.14218276084111675,-0.7176169815996815,0.6964379855520186,0.0,-1,False,56000.0
243.0174648645766,-47.91331072548164,-0.10519529675832084,0.7625788760072765,0.7503497267914037,-0.6610410634023056,0.0,-1,False,56000.0
-244.96955350126393,126.64305196381339,-0.4567010400185749,0.6196908524728637,0.12902271513875108,-0.9916416383846676,0.0,-1,False,56000.0
-20.357250479141832,155.83620731902178,-0.3587720699763032,0.6810838380093239,0.9640451153485274,0.2657386226588971,0.0,-1,False,56000.0
-63.50694087460729,-86.41629987363646,-0.9202464911272151,-0.13813712944955847,-0.28065352835029506,0.9598091461454817,0.0,3,True,56000.0
3.545752159549284,-138.66544051481378,0.43677643440224656,-0.8660254037844387,-0.4934134517489025,0.8697948986015142,0.0,4,True,56000.0
-5.924523034316827,15.683991187454298,0.5103597046918396,0.8480818689067626,-0.9279713311350308,-0.37265159142484194,0.0,0,True,56000.0
12.76771090113473,-41.58800682048229,0.7184985848257994,-0.4875747534842557,0.02915437264716697,0.9995749209316692,0.0,5,True,56000.0
-59.506822317522946,41.34065330652331,-0.7889483013667873,0.3655522650564396,0.9281105012562907,0.3723048447949491,0.0,2,True,56000.0
19.063564354340382,-3.0317012740759277,0.31861132368872946,0.700770588002884,-0.9502374122789093,-0.31152666066560863,0.0,-1,False,56000.0
43.108968012620416,-98.4832307384509,-0.8344163427511496,-0.2867993072580794,0.4271672176802897,0.9041726428836916,0.0,3,True,56000.0
-20.56733866900547,-13.721979000151695,0.3755662942119091,-0.6719691594444838,-0.21028704174091667,0.9776396882675358,0.0,-1,False,56000.0
38.69609781775165,-13.739627939385096,0.5466243801582216,-0.7852696084789927,-0.999876301632742,-0.015728363971444892,0.0,5,True,56000.0
76.31550244945284,-256.6179521344968,-0.09778412791499425,-0.7635645728558236,-0.6496934926218444,0.7601962678445756,0.0,-1,False,56000.0
0.7760659001391954,-12.976673443976306,0.048190980528778016,0.7682904541827051,0.49440433198905326,-0.8692320498638162,0.0,-1,False,56000.0
-288.021765140017,-31.289869020813693,0.7311205582565714,0.24094672001750023,-0.9971811621594311,0.07503152560332904,0.0,-1,False,56000.0
-187.7459718075175,-70.31365706642026,0.3286741910519675,0.8660254037844386,0.5341194491694425,-0.8454090217279016,0.0,1,True,56000.0
-67.28438708635338,-6.571485367274705,0.5041758921131844,-0.8587925464774775,-0.9923638679455384,-0.12334485638306877,0.0,5,True,56000.0
-49.177149626572486,-46.196133620844726,0.7173072863087196,-0.2793972970538777,0.02542445931171,0.9996767461878276,0.0,-1,False,56000.0
-267.825267407841,167.37785044105937,0.7684491947945694,-0.04558977530291608,-0.8968209953214809,-0.4423936056845448,0.0,-1,False,56000.0
94.39852071101059,-147.8122496671736,-0.5640598025124094,-0.7550705711101175,0.3514922859276143,0.9361907780646935,0.0,3,True,56000.0
111.79265912462492,-52.74331016608363,0.7547820752908676,-0.15131626288077352,-0.9705832599488148,-0.24076572743460126,0.0,-1,False,56000.0
136.61717625873857,-20.218710816100433,0.4808825059654147,-0.8660254037844387,-0.4711124151056626,0.8820731785590744,0.0,4,True,56000.0
-42.162693110946236,25.659926769189898,-0.949663082661313,0.08718609832700072,0.6470105512321065,-0.7624810467115412,0.0,2,True,56000.0
-60.436839310161965,-26.060352503037254,-0.6828173684776999,0.35546171931416365,0.7885513510624204,0.6149689152612806,0.0,-1,False,56000.0
-334.4309067444687,-107.24710125612427,0.9817689156797965,-0.03157716431966443,-0.16641388363300708,0.9860559919873608,0.0,5,True,56000.0
-123.6147537566244,-192.7493289013211,-0.9610663145703809,0.06743512129000452,0.9846269345954178,0.1746705460838384,0.0,2,True,56000.0
-11.445157656708862,49.72884326252763,0.51256498496531,0.8442622114281825,-0.6072678334072575,-0.7944971859665997,0.0,0,True,56000.0
30.358783828772523,-242.03616103686406,0.28508069693326127,-0.7150675414453087,0.03765413894408681,0.999290831450159,0.0,-1,False,56000.0
-28.649358297435377,11.305387012695872,0.47270372922088255,-0.6075720343903781,-0.9985223517110644,-0.05434255361509238,0.0,-1,False,56000.0
-84.45218467174652,312.9736271113203,0.7675382480930493,0.058971436364100335,-0.9067010039402719,-0.42177397910930237,0.0,-1,False,56000.0
-1.3968635416997495,-320.55048809857414,-0.3714477304578335,0.6742545336371992,0.18931048751469448,-0.9819172772270279,0.0,-1,False,56000.0
77.5506233816207,143.29981114787566,0.037234609825051466,0.8660254037844386,-0.4265012178069947,-0.9044869878606008,0.0,1,True,56000.0
124.0911396630186,-115.41130740974172,-0.8041912842617818,-0.3391506442234058,0.7652968837092833,-0.6436774656494242,0.0,3,True,56000.0
71.12440218710624,146.32190846902247,-0.6103974197984592,-0.4690496588805667,0.8405537493808467,-0.5417281554449602,0.0,-1,False,56000.0
-1.5450260932167952,203.32925860223142,0.4884514721671944,0.8660254037844386,0.9910477835857213,-0.13350764266451517,0.0,1,True,56000.0
335.30033859773334,-84.56725038892053,0.7163158161852926,-0.4913554196707816,-0.7761827270503027,-0.6305080286790369,0.0,5,True,56000.0
53.31250530288066,-0.6987726287360846,0.9454841958705291,0.09442414256771713,-0.950810375013032,0.30977351527781527,0.0,0,True,56000.0
89.81337259898753,62.32733456263532,0.706846572765801,-0.5077566303825786,-0.5413596612219218,-0.8407911257867031,0.0,5,True,56000.0
-164.50223623748732,75.71027486735787,-0.2686597526374539,-0.8660254037844388,0.7053820941224999,0.7088272718309766,0.0,4,True,56000.0
49.68882469044046,-20.981005115296696,-0.755447881378313,-0.14795638247000492,0.9821407403036377,0.18814772450344291,0.0,-1,False,56000.0
217.85517709717803,-70.84791566710915,-0.8992418913185183,-0.174518163510873,-0.2916027107055112,0.9565395230251624,0.0,3,True,56000.0
-52.45008229608054,200.21216336709207,0.644693476051516,-0.4206696025733328,0.26477129080582423,0.9643112379128491,0.0,-1,False,56000.0
174.23109539350665,-190.55809258324402,0.475802076772328,0.8660254037844385,0.44412001430567966,-0.8959673057054677,0.0,1,True,56000.0
-26.999364865047603,-63.06343923733015,0.5853278588564514,0.7182332169439989,-0.5962227926758281,-0.8028190216317933,0.0,0,True,56000.0
70.66747575321324,-240.15065288405697,0.36564596919331743,0.8660254037844386,-0.6272052364791934,-0.7788540244057824,0.0,1,True,56000.0
55.84773829691878,77.47881193447544,0.17192408449760982,0.7503563831688587,-0.536407436762963,-0.8439591588373201,0.0,-1,False,56000.0
83.9685630698499,141.39538467488927,-0.3278355458292967,0.8660254037844386,-0.10982053578131573,-0.9939514323751981,0.0,1,True,56000.0
175.57272322563068,-52.25610399926665,0.5102292664380909,-0.8483077945895067,-0.8826368401948123,0.47005553749627804,0.0,5,True,56000.0
9.666907709940167,-65.26357771198477,0.19699984878613064,-0.7441664142991364,-0.9187996305169435,0.39472425687044665,0.0,-1,False,56000.0
-28.21137250299599,49.86152644433848,-0.295766752307182,-0.8660254037844388,0.8708937854119119,0.49147127538739954,0.0,4,True,56000.0
265.0417800194111,12.354771515326679,0.5275171806967585,-0.5606408981356389,-0.563833376117022,0.8258885663190139,0.0,-1,False,56000.0
299.1778412114566,-215.4472353035156,-0.6304409179850161,0.6400951064484658,0.19907768915520263,-0.9799837109261642,0.0,2,True,56000.0
68.81114980613785,-111.86938871167095,0.933073505048585,-0.11592008962835211,-0.8699579469505849,0.4931259175276953,0.0,5,True,56000.0
3.054053832640314,-70.49189469541533,-0.9848133560505933,0.02630403891683109,0.9956527827600626,-0.09314255838298369,0.0,2,True,56000.0
39.97947801762248,-135.06565388033087,-0.7275447871748874,0.2515376219320684,0.8819749596188815,-0.4712962662755431,0.0,-1,False,56000.0
91.01028036259106,317.9894683643461,-0.7949546206843908,0.3551490148318678,0.8952067764872071,-0.4456510151804607,0.0,2,True,56000.0
-82.4746324460949,226.39733622465457,-0.3086596802918915,-0.7052104610360652,0.6104565456938504,0.7920497495861832,0.0,-1,False,56000.0
44.33153734261804,-42.14866981119641,0.6529523430769498,-0.601104174438456,0.19277991510186143,0.9812420212838963,0.0,5,True,56000.0
-107.95424930530784,122.84499368924402,0.4009969918535702,0.8660254037844386,-0.5349922280853189,-0.8448569795464168,0.0,1,True,56000.0
36.780580176570524,6.449222630889291,-0.8191335099426127,-0.31326995016604625,0.8716787714283876,-0.4900776667438473,0.0,3,True,56000.0
-54.489935766889786,94.04783774336572,0.7107612141581514,-0.29565366400743764,-0.4645599593346238,-0.8855416671072036,0.0,-1,False,56000.0
119.08274980601689,58.46051785347898,0.5929082634343679,0.7051035710731198,-0.8633299970012334,-0.5046397886392341,0.0,0,True,56000.0
47.55986181543402,202.3237200360945,-0.25105448947466524,-0.8660254037844387,-0.9799670978878752,0.19915945133788301,0.0,4,True,56000.0
-34.82684485165698,188.33620350553383,0.5317296492078896,0.8110680392500363,-0.8936632647284692,-0.4487381968084059,0.0,0,True,56000.0
195.96337485874542,15.14544060527376,0.73069040730537,0.24224805729768958,-0.9988472965398663,0.04800081452442795,0.0,-1,False,56000.0
134.94135066318657,1.8881025270007021,-0.7151063190084835,0.28498341198520527,-0.07883732568040369,-0.9968874941935766,0.0,-1,False,56000.0
-193.80257532086782,98.37945498286426,-0.9183077737965502,0.1414950863677848,0.7688387251135437,-0.6394427376753636,0.0,2,True,56000.0
-43.05366433291204,92.98635608558567,-0.1825235244683049,-0.7478487518263706,0.46431679082052485,0.8856691920588218,0.0,-1,False,56000.0
-150.88314398456635,79.56437217351531,0.3334724029142484,-0.8660254037844386,-0.9475605701462306,0.31957622862808294,0.0,4,True,56000.0
44.730436772694574,-59.15355507417212,-0.8459059283185997,-0.26689876129734597,0.9275436056858224,-0.3737149442440676,0.0,3,True,56000.0
225.81149656641006,-111.00661207393875,0.7797628485749113,-0.3814619359824938,-0.996186141156703,0.08725349372559416,0.0,5,True,56000.0
152.67380934473988,43.588340270896346,0.04944747094540215,-0.8660254037844387,-0.36678960248155706,0.930303922119769,0.0,4,True,56000.0
-5.130877184531094,47.58130620249228,0.3132771072481621,0.8660254037844386,-0.7514942201914924,-0.6597396736734689,0.0,1,True,56000.0
53.65158867930163,-124.272543875109,-0.20129784402657824,0.8660254037844386,0.5223953887875116,-0.8527033820582305,0.0,1,True,56000.0
73.21985375606019,-152.14415058935802,0.32841975851207317,0.8660254037844386,0.0970316581020903,-0.9952812955772595,0.0,1,True,56000.0
-182.27919062646808,5.532263433312081,0.3478531496612423,-0.8660254037844387,-0.44065170660786246,0.8976781569491141,0.0,4,True,56000.0
-37.42409273611113,47.488346530862955,0.5552936443997484,0.7702540023484282,-0.47968293964320086,-0.8774418940392872,0.0,0,True,56000.0
225.16060571639986,-119.9825827832969,-0.8386356923001594,0.27949117946430196,0.9439884559170391,0.32997847671532754,0.0,2,True,56000.0
-118.4026888976567,84.80624327126687,-0.7062592815717297,0.5087738485695479,0.6642595844974155,0.7475019761868892,0.0,2,True,56000.0
142.2059416693342,-181.96613411911187,-0.6402763875167897,0.4273625395153887,0.1873602445561166,-0.9822912698175913,0.0,-1,False,56000.0
-134.38528591537744,188.53087279332343,0.7496802712468197,-0.433566488337368,-0.7694135929585446,0.6387509083912287,0.0,5,True,56000.0
40.980204817698485,85.23256140618561,-0.662317025706679,0.3923375460641647,0.9544456037982252,0.2983849684388267,0.0,-1,False,56000.0
69.98668674271117,179.15577293946478,-0.5161942717478019,0.8379761023256687,0.5663705855735301,-0.8241506899815645,0.0,2,True,56000.0
-247.13848386416882,-35.4251870412506,0.9292117632478638,0.12260882263291473,-0.9983886557640973,0.05674585484029051,0.0,0,True,56000.0
-8.39096021709686,133.3656098510925,0.7415243173657622,-0.20672271125310032,-0.7527878837768388,0.658263170805407,0.0,-1,False,56000.0
-217.5175612764239,83.90859816457287,-0.5891742341436973,-0.7115710995215121,0.7776582581522083,-0.6286872302883804,0.0,3,True,56000.0
-63.79010464742295,32.01776341373025,-0.7618232454442722,-0.11053476961277256,0.8315854241808635,-0.5553968691754747,0.0,-1,False,56000.0
-155.57055952380918,119.21170833509802,0.6957271131896476,-0.32947894707460684,-0.9544060281135128,-0.2985115299290388,0.0,-1,False,56000.0
-235.0798163474578,-78.65644844686312,0.31925987755719043,0.7004753551516001,-0.48378552690993837,-0.8751865880784868,0.0,-1,False,56000.0
-120.97234968144788,173.96291381229702,0.6593247062598915,-0.5900669176413198,-0.6297705044131244,-0.77678125091381,0.0,5,True,56000.0
-108.02281710248894,-38.52192567565278,-0.7615163423507436,-0.4130658118233745,0.7105556252299481,0.7036410330943268,0.0,3,True,56000.0
-164.95561870215525,-175.87449568266194,0.037269570556992426,0.8660254037844386,0.5090870656018877,-0.860715028123047,0.0,1,True,56000.0
-100.95914730573615,10.111100849123533,0.039777241092103344,0.7687719841953744,-0.9911308829168487,-0.1328893258635135,0.0,-1,False,56000.0
206.638304896311,89.50447821385946,-0.9175120584571785,0.1428733057639385,0.9284693216589557,0.371409098889831,0.0,2,True,56000.0
40.37632913307462,-98.21451758152264,0.11822623998847126,-0.8660254037844388,0.9509696709095823,0.30928414930305625,0.0,4,True,56000.0
66.3908713496932,108.80645275822924,-0.7880943833514145,0.3670312944445639,0.7729314596825669,0.6344895260230761,0.0,2,True,56000.0
111.7265604212883,106.31030458642519,0.9036936696442769,-0.16680745726662471,0.21619417456023998,0.976350387353946,0.0,5,True,56000.0
-218.42103700369665,197.63314751740566,-0.9900040179520252,-0.017313548778638506,0.9879650952914777,-0.15467698757634654,0.0,3,True,56000.0
182.69794020478338,-128.35860999260652,0.7609108830049962,0.11664999235811938,-0.4010547558285815,-0.9160540829161118,0.0,-1,False,56000.0
-107.76947355913661,11.339409805925387,-0.8624654393305232,0.23821684687619815,0.5952272839357431,0.80355739089282,0.0,2,True,56000.0
170.13223562959465,-94.84575473495565,0.7556831019695649,0.14675027083534933,-0.999965879597374,-0.008260728844335985,0.0,-1,False,56000.0
204.92465057817458,-73.96544455530646,0.7365081996161293,-0.4563811856426604,-0.7526666969449327,-0.6584017339816202,0.0,5,True,56000.0
-22.67057447525437,10.877674344843035,0.36669872949363924,0.8660254037844385,0.16862930943243004,-0.9856795402159553,0.0,1,True,56000.0
80.2185692282889,79.10262713019081,-0.9169753028882103,0.14380299368063698,0.8533971004940744,-0.5212613441147416,0.0,2,True,56000.0
-115.75147280768024,18.717532538983786,0.17171340617930475,-0.8660254037844387,0.026221579216358176,0.9996561552770854,0.0,4,True,56000.0
-84.63636547859524,50.89275136790084,-0.8029435048987404,-0.34131186147682907,0.25647949859155506,0.9665496711510584,0.0,3,True,56000.0
-40.642885749667016,19.256830642729533,0.7599355656522603,-0.12284351285017656,-0.4490323832042369,-0.8935154832647987,0.0,-1,False,56000.0
99.3711013468666,-95.1376087365181,-0.6421099346369598,-0.6198837767329328,0.24451057694854955,0.969646625199249,0.0,3,True,56000.0
216.3510710584467,93.40828412639291,0.5855915961378264,0.7177764105728069,-0.2991102442580927,-0.9542185608024215,0.0,0,True,56000.0
131.28867986893593,-75.42514004173817,0.22472841303000413,-0.8660254037844387,0.5858642770482816,0.8104091860774317,0.0,4,True,56000.0
187.86324861091782,-16.63250938926561,0.5818989180553158,-0.7241723166277114,-0.9700065332356654,-0.24307884622096324,0.0,5,True,56000.0
-1.6322264898238954,116.73163106087748,-0.7491814835499674,0.17697371923102664,0.9995709452649933,-0.029290363296374078,0.0,-1,False,56000.0
-77.77182659302869,285.37912208749646,-0.4944876689143465,-0.8660254037844388,-0.7440848915654579,0.668085080019026,0.0,4,True,56000.0
-21.020095233491123,46.9658755255564,-0.6580130201496202,0.5923388246278921,0.20168112886465217,-0.9794512352638384,0.0,2,True,56000.0
170.45058085220128,-59.63737667431154,-0.9981280535776096,-0.0032423063126265734,0.861993468761481,0.5069193819657526,0.0,3,True,56000.0
-153.71838750285642,187.30311982132474,0.4374201780447485,-0.8660254037844387,0.5953456247651641,0.8034697175830374,0.0,4,True,56000.0
180.93037974564228,101.01090294689374,-0.7669503184236279,-0.06618006997947411,0.9975100010973188,0.0705251565813868,0.0,-1,False,56000.0
-208.62584688605745,-171.69508804202258,-0.7631581342740824,-0.1009071587346207,0.23951984450743097,-0.9708914687477388,0.0,-1,False,56000.0
-35.030072576381556,-7.034014502787665,0.5562375962741815,-0.7686190297420099,-0.6787560050902551,-0.7343638645480222,0.0,5,True,56000.0
-12.981654828457168,184.3372557492228,0.6035260925821935,-0.6867129515230002,-0.6636967817727595,-0.7480017258432421,0.0,5,True,56000.0
225.78240823074648,21.535705849179013,0.29857838620437815,-0.7095375535404602,0.020375879918504758,0.9997923902078552,0.0,-1,False,56000.0
-121.25932689496477,69.82847684237784,-0.6309518750339925,0.639210102879153,0.2603455530307149,-0.9655155063576815,0.0,2,True,56000.0
68.76748458813509,-62.285178524027856,-0.7143823300289284,0.4947043159293356,0.5449299408068171,0.8384815797692182,0.0,2,True,56000.0
20.493401548805284,-7.16490769797804,0.7487703193039076,-0.17870534833103527,-0.5998172170768591,-0.8001370545713679,0.0,-1,False,56000.0
152.98867927393138,1.0584481008154063,-0.6486530585075005,0.4145380589058833,-0.22475286378546222,-0.9744157994512626,0.0,-1,False,56000.0
114.80979640220608,-213.75854308839243,-0.3304809550426557,-0.6952517033036931,-0.11253844946046893,0.9936473707472951,0.0,-1,False,56000.0
89.27445427066608,92.59660245733812,0.8792045499767902,0.20922385676334673,-0.41569523642621464,-0.9095039694319915,0.0,0,True,56000.0
70.80971502684295,110.17124482302017,0.3431334315661493,-0.8660254037844387,-0.8069512209895106,0.5906180889064498,0.0,4,True,56000.0
-55.51172414648929,85.63859673540854,-0.3773964827225149,0.6709429837335411,0.8080705169126927,-0.589085765993751,0.0,-1,False,56000.0
-293.5413965395273,-19.639803487953778,-0.8595895123231024,-0.24319809857191052,-0.0028052016281368553,0.9999960654141689,0.0,3,True,56000.0
-143.76675720296652,-46.13943698955241,-0.3569951332749125,-0.8660254037844388,0.6548293549671689,0.7557767632530644,0.0,4,True,56000.0
92.49642662894647,138.70749538373005,0.19736045154419965,-0.8660254037844387,0.8596703290478925,0.5108492197847383,0.0,4,True,56000.0
4.821539787023002,255.30555329388048,-0.6524829249264694,0.4084833231259161,-0.16309806347377992,-0.9866098629605846,0.0,-1,False,56000.0
-55.84871785423962,73.50427417480185,-0.7601019353398871,-0.1218098538097406,0.9350642361567167,0.3544783128213092,0.0,-1,False,56000.0
108.47307309451821,220.2080095138336,0.7641236784479736,-0.09331450384441994,-0.8998192460481811,0.4362629074781469,0.0,-1,False,56000.0
188.6450576706833,-38.62931762257496,0.5198448645419804,0.8316530901284067,-0.795000722109271,0.6066084831633423,0.0,0,True,56000.0
-62.76824718494942,-36.535869974669744,0.5917390017340697,-0.7071287917453812,-0.5715097599133574,0.820595268280147,0.0,5,True,56000.0
-173.33284321577636,176.9857887835106,-0.07357655378101909,0.8660254037844386,0.6978482850121644,-0.7162456080881549,0.0,1,True,56000.0
160.58947998805036,17.06574227099389,-0.8434757113533915,0.2711080205545026,0.9930664664452622,-0.11755421396918658,0.0,2,True,56000.0
-1.0708591008980144,-93.12059018725198,0.7654585393057588,0.4062377264038449,-0.6873044579194758,0.7263694529122233,0.0,0,True,56000.0
194.30078316965427,-58.04874382279066,0.30552937011760256,0.8660254037844386,0.8906103204872431,-0.4547672559030633,0.0,1,True,56000.0
-83.52221532455005,33.20332018063404,-0.6299567908640623,-0.4424330844736235,0.9953289632393589,-0.09654146744717651,0.0,-1,False,56000.0
-54.22380219841249,55.679826797403045,-0.76944942856242,-0.0232415463676056,0.7595090670073636,0.6504967156977767,0.0,-1,False,56000.0
174.29296305149558,160.90959901179963,0.12957213310667648,-0.8660254037844388,-0.6507006634465984,0.7593343444031406,0.0,4,True,56000.0
90.82252941372558,-124.36322168998724,-0.002875657394021458,-0.7697949877643686,0.9726730313841955,0.23217918515204752,0.0,-1,False,56000.0
70.73272472830531,189.87621170441975,0.2639120433553848,0.7231479972761993,0.42567013542560395,-0.9048784094046773,0.0,-1,False,56000.0
122.50262613308712,-213.15426141395383,0.3681851029730616,0.6760416574008649,0.8096556599353891,-0.5869051987626068,0.0,-1,False,56000.0
21.853217776885813,-255.0399343120185,0.816220266698543,0.31831583547958187,0.04914952754163987,-0.9987914316524906,0.0,0,True,56000.0
54.87920918983451,-177.32109979117757,0.689052706825796,-0.5385765102537365,0.01266668090505979,0.9999197743793536,0.0,5,True,56000.0
-86.97128501065774,34.92985190530578,0.8891666419933587,-0.1919690072409733,-0.6836528854189416,0.7298073254348305,0.0,5,True,56000.0
88.9799596352059,147.97953345880455,0.5154361453455454,0.5717675862305576,-0.6176662628640774,-0.7864403268649945,0.0,-1,False,56000.0
-207.1012464258365,73.4508527065995,-0.4183457685926603,-0.6462038459288282,-0.3232874863446511,0.9463007984636542,0.0,-1,False,56000.0
-18.489190881388613,-18.829030797857904,-0.8788761850877559,0.2097926014345759,0.5947788957692532,0.8038893363812623,0.0,2,True,56000.0
-317.41567912882647,-22.579824160200733,0.7675129297892598,-0.059300043835558036,0.042267014813111,0.9991063504246125,0.0,-1,False,56000.0
-43.07758325351577,27.549102976839997,0.737483574349619,0.4546917870478375,-0.8852912118153058,0.4650370633428912,0.0,0,True,56000.0
16.21708799708695,30.040664551815624,0.6967263952956967,0.525285291942413,-0.7741445903563636,-0.6330088097506694,0.0,0,True,56000.0
77.38533335970612,1.2396691544633185,-0.569712167323024,-0.745280388075219,0.8781826244896579,0.4783254938265855,0.0,3,True,56000.0
86.40260110447709,-32.97143220767163,0.04486220182946879,-0.8660254037844387,-0.5439436523450912,0.8391217450843913,0.0,4,True,56000.0
89.57784629528156,-173.17841887377085,0.11166540793039402,-0.8660254037844387,-0.5658317704453176,0.8245207138421081,0.0,4,True,56000.0
-138.13138126860807,9.859267973659737,0.3651126993866176,-0.6777059165591,-0.8929185208405774,0.45021829720689477,0.0,-1,False,56000.0
-54.26153063388,122.12037217100259,0.8680915434987285,0.22847214860819173,-0.6957324318352944,-0.7183010394622453,0.0,0,True,56000.0
-13.310370427155444,146.0962049329485,0.7477466937629704,-0.18294117786638095,-0.6091268174379448,-0.7930728341570615,0.0,-1,False,56000.0
103.73101991909732,-38.755139428373624,-0.7786622266260249,-0.3833682691178911,0.8065039522554793,-0.5912286994017493,0.0,3,True,56000.0
43.16707904117544,-142.84545882838196,-0.246898028257728,-0.8660254037844388,0.7017365779418567,0.7124365060680407,0.0,4,True,56000.0
-205.0231460916144,181.52974739789954,0.9289913731721701,-0.12299054944149941,-0.32282831282813035,0.9464575428599644,0.0,5,True,56000.0
-213.26070303148472,-223.55083989075908,-0.953817239237947,-0.07999088807367381,0.6082265511219676,0.7937634802069669,0.0,3,True,56000.0
39.23286483197525,196.27563710855742,0.8315370143391598,-0.2917864503593222,0.1417254390110681,0.9899060056071554,0.0,5,True,56000.0
-15.51396251916713,-107.71184658143585,-0.5009530623587509,-0.864374651356301,0.9506365597404941,0.3103065118310635,0.0,3,True,56000.0
-98.3087723842922,109.08473715099304,0.43390342622895367,-0.6358619420120749,-0.3644774871400308,0.9312121999673775,0.0,-1,False,56000.0
281.8557028975959,282.50640529385436,0.42048230169680556,-0.8660254037844386,-0.8938473648007408,0.44837137334888955,0.0,4,True,56000.0
25.082594856552905,-173.9971453184436,0.9554404937125887,-0.07717932884998088,-0.10428321342647351,0.9945476415926181,0.0,5,True,56000.0
-34.986965603876506,31.656166995439158,0.0072629481928408735,-0.7697660957564579,-0.8751020916779003,0.48393835262454965,0.0,-1,False,56000.0
35.466907446581125,103.65211139319035,0.4328544454661779,-0.8660254037844386,-0.3226333819428182,0.9465240096564504,0.0,4,True,56000.0
-126.7979182366707,-71.23352464285657,-0.9750361638428175,0.043238632576065535,0.6230027847210251,-0.7822196176457371,0.0,2,True,56000.0
166.80487589506518,-174.63962505179867,0.7391761823987597,0.45176010390942606,-0.9999062208447183,-0.013694871887425353,0.0,0,True,56000.0
-111.61082651226194,38.41618713006238,0.6256539169991834,0.6483864353718102,-0.3838143281493,-0.9234102888246855,0.0,0,True,56000.0
96.88961790709853,-37.247265616236724,0.7038820557796046,0.31167714729198537,-0.3116184335104437,-0.9502073204814228,0.0,-1,False,56000.0
20.538280992795993,120.37012307810295,-0.8610604927936658,0.2406502856599533,-0.44578673693562526,-0.8951391987687045,0.0,2,True,56000.0
26.329359501085584,126.13684310309189,-0.9640194046264753,-0.06232021927352181,0.981079312941469,0.19360625433670675,0.0,3,True,56000.0
-125.85855109423632,-210.58958731069762,0.7318187142210835,-0.46450361260823236,-0.9041644403966131,-0.4271845792187179,0.0,5,True,56000.0
-199.58763585838906,-167.42210266744559,-0.6412029085564659,0.42597115236987665,-0.21834804079396208,-0.9758709612860852,0.0,-1,False,56000.0
251.7120421475452,122.11146761124789,-0.6405558643856122,-0.4269435292796854,0.9528080680287772,-0.3035733609842197,0.0,-1,False,56000.0
-56.84088480371722,-236.09376811679266,0.4400256578757333,0.6316407309567842,-0.15179652638405056,-0.988411763678348,0.0,-1,False,56000.0
-8.370219538328811,-121.63866079691135,-0.46131665114203335,-0.8660254037844386,0.516002197722873,0.8565872588038889,0.0,4,True,56000.0
70.40272398422536,-178.43634993933745,0.7697976151402666,0.0020553143191397033,-0.9619624902106281,0.2731815649486061,0.0,-1,False,56000.0
-45.269542430439124,88.44674171085009,-0.5289274960658904,-0.8159215108625681,0.9865176375384472,-0.1636549749490158,0.0,3,True,56000.0
255.98563692524453,12.080948441839093,0.761665333901862,0.11161770345584715,0.05434737115116178,-0.9985220895147746,0.0,-1,False,56000.0
-126.67732576027797,-49.27254476928596,0.5909160855948106,-0.7085541243089457,-0.9210359577505804,0.38947755330758427,0.0,5,True,56000.0
-46.052067377850726,-313.278692077186,-0.2448479892526153,-0.8660254037844388,0.8968023917945709,0.4424313167843323,0.0,4,True,56000.0
-99.16277662882388,206.59458856196886,0.5454308523353247,-0.5432290289678503,-0.9943516089012527,-0.1061361289829248,0.0,-1,False,56000.0
53.531091390138435,-133.09623495148773,0.037666597023067225,-0.7688782868967586,0.4459592528372168,0.8950532636714151,0.0,-1,False,56000.0
281.6201323679163,-41.85496320973329,0.48671773333239743,-0.5964045947612793,-0.03464749136001943,0.9993995954283945,0.0,-1,False,56000.0
101.6251692788641,169.8012769982715,-0.38764688716078427,0.8660254037844385,0.8377685780777571,-0.5460254660595643,0.0,1,True,56000.0
23.656660702223647,215.12840804659996,0.6604847163620309,0.5880577212071209,-0.6947167828217315,0.7192833875920012,0.0,0,True,56000.0
114.45494500778132,-76.24396031524157,-0.7116584069496182,-0.4994222890986103,0.7805558532065376,0.6250860420974116,0.0,3,True,56000.0
-0.43332229039799103,50.42798840821276,0.695656742716351,0.5271379845562869,-0.12294617777408909,-0.9924133399802353,0.0,0,True,56000.0
-3.2296092374317342,-148.52463051133276,0.6001422446865198,-0.6925739480033919,-0.3091105469763222,0.9510261141251629,0.0,5,True,56000.0
-165.84974843681093,77.97178271728086,0.951590423261879,-0.08384784648332934,-0.9169181852604156,0.39907523293076697,0.0,5,True,56000.0
156.79737174668395,116.01133246131587,0.347052926788471,-0.6871294336587166,0.12838379576193032,0.991724559031263,0.0,-1,False,56000.0
56.6170148088259,57.54826184328849,-0.6305045298579691,0.44165215998698976,0.9731818970487975,0.2300369432428111,0.0,-1,False,56000.0
222.36993971901668,-256.83813433512375,-0.682321767883867,0.3564121177294993,0.44679625658366035,-0.8946357387802187,0.0,-1,False,56000.0
91.01918293407647,-168.84813455208442,-0.7415479518976966,-0.20663791430645947,0.9856074262446389,0.16905029231388013,0.0,-1,False,56000.0
9.634008912525204,101.58615476614996,-0.2608297445707673,-0.7242654464626492,0.9708639267192873,-0.2396314582753744,0.0,-1,False,56000.0
95.1417138949174,109.6591076030673,0.5490266100441311,0.781108824265137,-0.9285176423696534,0.3712882812697964,0.0,0,True,56000.0
-196.10153681363113,77.76558857375487,-0.06866167594285597,0.7667321350049902,-0.11878789781063451,-0.9929196520029843,0.0,-1,False,56000.0
-58.42227407238017,53.35902431722381,0.7551901844997004,0.14926613088005194,-0.99147891765993,0.1302672477481927,0.0,-1,False,56000.0
-134.04516971395762,9.239732588813476,-0.8367341663969778,0.28278471894052054,0.875503081674922,0.48321253499646927,0.0,2,True,56000.0
-303.00897054041485,100.56737374693465,0.38525245124401375,-0.8660254037844387,-0.6223285239814049,0.7827561614188088,0.0,4,True,56000.0
-114.09593982617083,112.59705674936897,-0.9283526015466278,0.12409693435137273,0.6162273330042105,-0.7875683297711464,0.0,2,True,56000.0
-71.56537996100535,257.64520365447436,-0.7666027693443277,-0.07009127353814942,0.9937316246777632,-0.11179203064304308,0.0,-1,False,56000.0
-33.954614557775834,58.45642931816489,-0.8285464657873514,-0.29696623239355613,-0.2249627235677571,0.9743673706590196,0.0,3,True,56000.0
235.60696792535006,10.559548667755285,0.7234105164689342,-0.2631915979942035,-0.9993762099042736,-0.035315592552818076,0.0,-1,False,56000.0
-78.51769946159399,195.6786249817917,-0.008973409768418941,-0.769748056515715,-0.5874908162916913,0.8092308328115796,0.0,-1,False,56000.0
144.5241012258074,365.0813934460408,0.39026937859482136,0.8660254037844385,-0.5805476040413098,-0.8142263072646859,0.0,1,True,56000.0
3.6774391199663774,-32.378885261875986,-0.36070720761418706,-0.8660254037844386,0.5585658706788221,0.8294601666824111,0.0,4,True,56000.0
108.32342977898706,-158.6406697343012,-0.6138670196222639,0.6688019404922352,-0.1980063963252181,-0.9802007279196969,0.0,2,True,56000.0
34.73452819657031,-127.61423574238009,0.3924814068414303,-0.6622317856131371,0.7189040065803592,0.6951093650086249,0.0,-1,False,56000.0
8.118936133751241,-117.43683246386702,0.029708977125406655,0.8660254037844386,-0.9941109062255219,-0.1083674587847678,0.0,1,True,56000.0
358.1120235347638,-42.591511438924,-0.2736850868677087,0.7195061263247222,0.8819991975681654,-0.4712509050273679,0.0,-1,False,56000.0
-150.54760175158012,5.1499828648413795,0.7929693366714783,-0.35858762760968643,-0.5426804194395514,0.8399392611117279,0.0,5,True,56000.0
-158.63060078017435,-33.64128635987209,0.7247947761774982,0.25935521012388124,-0.27861484844654727,-0.9604029186883467,0.0,-1,False,56000.0
168.19557050338398,229.6283234501833,-0.7518864704967911,0.16510399170362447,0.9685587007625099,-0.24878513455838552,0.0,-1,False,56000.0
78.8670883884493,-34.59300913992523,0.3444262706817537,-0.8660254037844387,0.6044242075085917,0.7966626496689874,0.0,4,True,56000.0
19.095323478789645,89.311322607414,0.5677742391671273,-0.5198317092394249,-0.9776725868157147,0.21013403577015172,0.0,-1,False,56000.0
-147.61513097823442,-155.787360405597,0.5175694505960929,0.8355942226909345,-0.5837310569482979,-0.8119470753405162,0.0,0,True,56000.0
-168.36715861305774,-17.851896983695386,-0.7681996259503163,0.04961781214832517,0.18316355829570324,0.983082453771024,0.0,-1,False,56000.0
-128.89800027266688,69.90346454399652,0.3436471657566742,0.8660254037844386,0.9346314715237605,-0.3556177898212342,0.0,1,True,56000.0
29.556587437694407,170.79374898232498,-0.35306305865649873,0.8660254037844385,-0.14695979586473962,-0.9891424661793561,0.0,1,True,56000.0
-86.39159140807364,90.3060857887217,0.06216009055140295,0.7672865929593934,0.8653489123928109,-0.5011698911751975,0.0,-1,False,56000.0
-83.30608218737657,107.72743543213717,0.7492516152678519,-0.434308942271909,-0.999464761154901,0.03271377706075629,0.0,5,True,56000.0
73.22719985763204,127.87508934396436,0.5841227327159233,-0.7203205566489231,-0.9725571592279169,0.23266407551344204,0.0,5,True,56000.0
-45.785105615451734,-159.69243431762155,0.8679695792805515,0.22868339683077976,-0.9534847241059528,-0.30144133906382536,0.0,0,True,56000.0
38.73573634337107,38.48695798245438,-0.21188167925565266,-0.7400667176602371,0.7469531194274975,0.664876708403529,0.0,-1,False,56000.0
25.7188883583716,-39.0016435462803,0.09155435286445811,0.7643365705395513,-0.15785130014765916,-0.9874628940075045,0.0,-1,False,56000.0
-74.18965596913057,-7.907282616171199,0.5185190692740929,-0.5689732571850111,-0.9794738256236853,-0.20157138913567824,0.0,-1,False,56000.0
117.67797650515355,74.48890326790672,-0.10385323520420993,0.7627628059431132,0.10804695958594787,-0.9941457913828408,0.0,-1,False,56000.0
-83.31474010137792,-22.12935221170448,0.9626148240455387,-0.06475302420302882,-0.9096744341651648,0.41532207240439406,0.0,5,True,56000.0
-99.42931085610691,-168.35581931593632,0.9430881321489383,0.09857424667168527,-0.8991433029753865,-0.4376543393073009,0.0,0,True,56000.0
67.77538742047162,-17.3973011124093,0.7901710001013181,0.36343448872588185,-0.09473142124191336,-0.9955028668112791,0.0,0,True,56000.0
-99.39765068349716,-69.62796336489188,0.3690030498049922,0.6755955460386094,-0.9917668377787041,0.12805678225859835,0.0,-1,False,56000.0
75.66507921075443,-73.74278950726125,-0.5497173178843215,0.7799124831927412,0.5465990053559222,0.8373944872901377,0.0,2,True,56000.0
11.19282242861801,34.85040575287227,0.6594352757686983,0.39716206977058266,-0.9119208817056004,-0.41036606281375826,0.0,-1,False,56000.0
88.96975602827149,206.81485889354528,-0.40814297691624535,0.8660254037844385,0.5529637214459423,-0.8332053304946097,0.0,1,True,56000.0
23.08711416965513,136.0916104067076,-0.40374271116865945,0.8660254037844386,0.5082198502234268,-0.8612273705815883,0.0,1,True,56000.0
26.95877161086015,112.33457570421557,0.9573236312050344,0.07391763903542717,-0.9998547590885433,-0.017042908436577756,0.0,0,True,56000.0
-76.23998918930484,2.2950499365033554,-0.0311126014054236,0.8660254037844386,-0.9782533452835322,-0.20741357824785528,0.0,1,True,56000.0
-40.336678846300345,-27.417636107654683,0.7363961131258356,0.4565753251386911,0.24910945076909574,-0.9684753386315548,0.0,0,True,56000.0
86.89755476815424,-188.97580424328143,0.6811755876296346,0.5522200809187645,-0.7092340410682489,0.7049731023166721,0.0,0,True,56000.0
-60.24653951312811,-9.37644054051979,0.7247744543495356,0.2594119945471396,0.031698424212002196,-0.9994974786874031,0.0,-1,False,56000.0
42.90351645329564,-49.2901306742245,0.6538039216934249,0.5996291970080818,-0.2557091845320652,-0.966753749900117,0.0,0,True,56000.0
101.33401514681131,99.08287886604545,0.9892966824996982,-0.01853868972006319,0.15963759353528956,0.987175687874388,0.0,5,True,56000.0
-110.80022051218167,116.51276086820377,-0.6742646846761362,-0.5641901159604016,0.6145963030447834,0.7888417992751697,0.0,3,True,56000.0
102.15418668164885,88.68689529192457,-0.9825718399019221,0.030186458772315974,0.20852663688020545,-0.9780166878491465,0.0,2,True,56000.0
67.70819204875383,20.616474726641037,0.4659870307328846,-0.6127386716874836,-0.5706654952528827,0.8211826182572179,0.0,-1,False,56000.0
-14.306950241617617,12.974330613547325,0.6945646505172762,-0.529029543731634,-0.3459473359661652,0.9382539319064446,0.0,5,True,56000.0
180.4536945056026,-19.349594878337026,-0.05436495146668138,0.8660254037844386,-0.03486699737985993,-0.9993919613913801,0.0,1,True,56000.0
294.87123578645867,165.6307958660907,-0.9553717891794044,-0.07729832859216655,-0.3935491388374184,0.9193035816966597,0.0,3,True,56000.0
-137.55397384587187,126.92474547487065,-0.5969498258649987,-0.698103379601306,0.7293037150367012,0.68419009875448,0.0,3,True,56000.0
231.0098150947004,-87.26023832473724,0.5108266687764151,0.8472730633869681,-0.4946694960122763,-0.8690811755612724,0.0,0,True,56000.0
-144.87763910025595,135.26181664201613,-0.7286524171812153,0.2483107881840105,0.6075211441814694,-0.7943035058291218,0.0,-1,False,56000.0
30.194464920091114,-14.249477349086108,-0.7039240963019456,0.5128185081019002,0.8898230135424365,0.45630582351120297,0.0,2,True,56000.0
-43.80986061552407,-209.57185602726386,-0.7697002801431334,0.012412547690707154,0.712527601847303,0.7016440811449272,0.0,-1,False,56000.0
-215.46952171769246,-168.96494526649275,0.4400258966149523,-0.8660254037844386,-0.6603909835307333,0.7509219326077177,0.0,4,True,56000.0
26.661856706651644,7.073278503444588,-0.008354618600106792,0.8660254037844386,0.6954418955563502,-0.7185823334211612,0.0,1,True,56000.0
-65.93251528905998,-76.18466572248015,0.5607588888045884,0.7607879213634637,-0.672950903013528,-0.7396871515264193,0.0,0,True,56000.0
66.72315143557203,163.65241123823586,-0.6677100908728753,-0.3830872317620741,0.7553254074743354,0.6553499285295774,0.0,-1,False,56000.0
-111.85761739988568,-21.867334124108694,0.19390577711521995,-0.8660254037844388,0.9778164547069665,0.20946355507410305,0.0,4,True,56000.0
146.50693048927283,168.50928262468545,0.7055198441838699,-0.5100545916943368,0.07625441173915343,0.9970883936192882,0.0,5,True,56000.0
102.64199407092819,-56.304500768383065,0.5963609574251214,0.699123329658147,-0.916082706531317,-0.40098936992674095,0.0,0,True,56000.0
-67.94719209849683,7.626845941050675,0.12073543590677299,-0.7602733371025147,0.7862400036231062,0.6179212382680612,0.0,-1,False,56000.0
-81.68855556837136,-70.37013037802389,0.46348610731034123,-0.8660254037844388,-0.05001043833511715,0.9987486951468479,0.0,4,True,56000.0
-10.501838920684573,59.472185593589096,0.6113448571169108,-0.6731704540964517,-0.9750882391290139,-0.22181732554577044,0.0,5,True,56000.0
104.70210911582059,-80.69375637061093,-0.5191866018365842,-0.568364201077067,0.9976712180402637,0.06820660300924014,0.0,-1,False,56000.0
-40.10657218600299,123.07196947355501,-0.7431813980834525,0.20068383625822273,0.9604565016671389,-0.2784300781261305,0.0,-1,False,56000.0
-92.30662661674307,67.19993155079948,0.7165595240134777,0.28130951128280496,-0.7563110907007977,0.6542121476118956,0.0,-1,False,56000.0
-90.43725605898459,102.02487415444405,-0.02063547344449502,-0.7695237292171788,0.3677248343974125,0.929934646180783,0.0,-1,False,56000.0
5.1015877703877335,201.5767695185582,-0.26978386872445,0.7209779863273642,-0.4194299621578798,-0.9077876992139924,0.0,-1,False,56000.0
-35.31392627604722,-134.18831326318468,-0.436762463356427,0.6339015248407422,0.22773227526055745,-0.9737237856828955,0.0,-1,False,56000.0
-53.353638261007205,110.5138354297174,-0.7695072140209148,-0.021242414231021252,0.9420377170970624,-0.33550698884904145,0.0,-1,False,56000.0
-14.09189725717583,-17.1876181030866,-0.39838831402646774,-0.6586951827968236,-0.7583051826081626,0.6518997239066676,0.0,-1,False,56000.0
-163.905103892726,-167.28023461987027,-0.8547783128768763,-0.2515313404581211,0.2797498963353508,0.9600729115543012,0.0,3,True,56000.0
-93.63232274452139,99.40265999327146,0.7472636265388346,0.18490447545860383,-0.8626685277027576,-0.5057697216235393,0.0,-1,False,56000.0
-171.3723001861078,-66.99260188756567,0.8970891617450393,-0.1782468005070945,-0.5739399817039439,0.8188973668303409,0.0,5,True,56000.0
-62.527260499075275,131.5575043917165,0.8928060686910485,0.1856653352901526,-0.9369153523062328,0.34955632251881713,0.0,0,True,56000.0
190.39498870606607,-51.77611031755603,-0.49496939877744195,0.8660254037844385,-0.6311224182525521,-0.7756832428118182,0.0,1,True,56000.0
-13.457250667180581,-304.5934662686734,0.5263925863729996,0.8203121032432534,-0.5069089375235322,-0.8619996108228603,0.0,0,True,56000.0
-10.99657185634469,28.2929823071146,0.5836990410840849,0.7210544120820088,-0.9740204779511837,0.22645994906769107,0.0,0,True,56000.0
58.66927955959305,118.82754162802931,0.9862882323305856,0.02374947826500674,-0.9830761925720242,-0.1831971604531375,0.0,0,True,56000.0
276.60517966787006,12.56574983339278,-0.7676704056802137,-0.05722535133459934,0.9083267296152335,0.4182613444564199,0.0,-1,False,56000.0
114.45916084475199,28.68106110881826,-0.12250347623927002,-0.7599904544807697,-0.716547181983675,0.6975386268811482,0.0,-1,False,56000.0
-112.78618943790977,140.79182362832375,-0.49648878016810716,-0.8660254037844387,0.36868276514132553,0.929555280060169,0.0,4,True,56000.0
-103.93883885227902,170.4859190414381,-0.5011648348789974,0.8640078505915864,0.9185985612375073,0.3951919575249042,0.0,2,True,56000.0
53.843716937705054,-96.09229695457017,-0.7085768926126713,-0.5047596284944543,0.061979906357985906,0.998077397403554,0.0,3,True,56000.0
17.03276482464375,120.0019483958128,-0.7674770981660363,0.0597619978182857,0.8937290371365929,-0.44860718694522156,0.0,-1,False,56000.0
-149.81656836762303,125.43148133475239,-0.8001329024528729,-0.34617996771294884,0.3450489243685332,0.9385847003824994,0.0,3,True,56000.0
-223.02059143151587,-6.916108735792631,0.5608419502577647,-0.7606440547064116,-0.27446382355111326,0.9615974259333755,0.0,5,True,56000.0
136.22005332212572,24.42450330851433,0.8670939855757457,0.23019996961429093,-0.8942345929272615,-0.4475985844618046,0.0,0,True,56000.0
111.64664678238651,9.12975759742707,0.4145791754455386,0.8660254037844385,-0.5366101725166895,-0.8438302689235588,0.0,1,True,56000.0
-106.74676742333337,-1.5037171052612641,-0.6291693356304788,0.6422975516925327,0.10578972778709284,-0.9943885224069762,0.0,2,True,56000.0
206.12826558321726,0.2567842421788351,-0.010012891667495832,-0.8660254037844387,-0.7107172633993838,0.7034777690205298,0.0,4,True,56000.0
220.77188366950014,-48.456612091071285,0.5043941274724725,-0.5815317332389313,-0.7425997989154107,0.6697354243660547,0.0,-1,False,56000.0
125.99084439851033,-65.70424527547257,-0.9580790974278159,0.07260913315416768,0.9366587216731863,-0.35024339981437663,0.0,2,True,56000.0
-29.852720959493425,34.69598219945324,-0.350083870135324,0.6855901665453392,0.12269162506246778,-0.9924448423663269,0.0,-1,False,56000.0
-14.346127959696714,22.06594490466264,-0.9817223126808511,-0.03165788308162283,0.9651700419008573,0.26162337475287645,0.0,3,True,56000.0
11.032130509744176,149.55625885125315,-0.03893581867407522,0.7688150587864235,0.8877248887062613,-0.4603743280977227,0.0,-1,False,56000.0
70.11451998532455,73.09697827172496,-0.532516403316299,0.5558946597977582,0.3023801975131985,-0.9531873982338791,0.0,-1,False,56000.0
117.45702418655469,-28.21509702266423,-0.17175582590524963,-0.8660254037844387,-0.9977974819890868,0.06633388980180836,0.0,4,True,56000.0
-29.95623390905738,290.7337838452905,0.35480190633659703,0.8660254037844386,-0.6156803202535065,-0.7879960299725783,0.0,1,True,56000.0
-152.1958468215689,-137.89439456591091,0.15255358129841307,-0.8660254037844387,0.7954239759492173,0.6060533792374523,0.0,4,True,56000.0
-76.2405522926965,-19.220540457739723,-0.7069449232887955,0.304666158325455,0.9901818574845918,-0.1397851533903277,0.0,-1,False,56000.0
268.8426524342692,-143.87927024439117,-0.4565598090216489,-0.8660254037844388,0.3017915771084991,0.9533739266344338,0.0,4,True,56000.0
-155.66495126024256,-72.3660359494536,0.5959480654463288,-0.4872766112624025,-0.9556503700992942,-0.29450359951803606,0.0,-1,False,56000.0
-100.21312250881975,83.37103315583613,-0.5140471554954518,-0.8416950167644965,0.5182063040895901,0.8552556497339182,0.0,3,True,56000.0
81.70951043426105,105.98562270262025,0.4601408295534598,-0.6171409965076425,-0.9520980255707239,0.3057929850476289,0.0,-1,False,56000.0
218.0329284522554,1.2031644312895593,0.8471253226551698,-0.26478670835194423,-0.9966304145268259,-0.08202327011334859,0.0,5,True,56000.0
24.242947169597297,-115.12290451833817,0.9331682677592649,0.11575595579879272,-0.15798549216132368,-0.9874414333349291,0.0,0,True,56000.0
35.321277086731534,-10.89066473500608,0.7316659906947796,0.23928533313435466,-0.961721319695205,0.2740293839056385,0.0,-1,False,56000.0
238.30078864346305,-245.46225534741038,0.19533744573002543,-0.744604509043735,-0.915469836003503,0.40238660435917456,0.0,-1,False,56000.0
47.18704637365473,-37.24963404131631,0.573253394113327,-0.7391468033532897,-0.15105071085671612,0.9885260152113695,0.0,5,True,56000.0
-186.41718579876957,-74.67357964604899,-0.6555796259773516,-0.4034946673699519,0.07192929553626481,0.9974097334815081,0.0,-1,False,56000.0
-77.41203422292377,-151.222920332331,0.08846618725754754,0.8660254037844386,0.8943285626024721,-0.44741079794009436,0.0,1,True,56000.0
135.140636647685,-76.62105459334505,-0.7215464663294509,-0.48229566786448225,-0.3825587377179385,0.9239311728671443,0.0,3,True,56000.0
-78.49288443804882,226.43819655177973,0.060074925948301744,-0.7674526668563335,0.8120397294118786,0.583602157172737,0.0,-1,False,56000.0
10.050966583093743,52.89280108743729,-0.35134317367948853,-0.8660254037844388,-0.8212330054850272,0.570592981644563,0.0,4,True,56000.0
175.99382780423542,-104.50701905550304,-0.7490269830726343,-0.4346980166470412,0.7112108832097689,0.7029787191686435,0.0,3,True,56000.0
-86.8101885671486,169.82994936650877,-0.5757486399631458,-0.734824910764028,0.7318434021546909,-0.6814728422487799,0.0,3,True,56000.0
-87.09993646088992,105.74233445934483,0.45312724218415407,-0.6223088421219606,-0.32158127044116,0.9468819812951554,0.0,-1,False,56000.0
-61.50488456514739,-63.956321151805646,-0.7435803831899325,-0.19920041748878314,0.99964339642217,0.026703557619564722,0.0,-1,False,56000.0
164.13497119309574,34.63492747146931,0.5738575764155869,0.5131082484067286,0.036623350674713506,-0.9993291400661497,0.0,-1,False,56000.0
-46.296573996699955,-68.50033839629289,-0.7568577391830997,0.14056655089757042,0.5358512830027023,0.8443123844314686,0.0,-1,False,56000.0
-203.8673422510156,138.96859544982027,0.23727555911440623,-0.8660254037844386,-0.7818506534044748,0.6234657615065782,0.0,4,True,56000.0
217.0305558351629,11.579729792437476,-0.6888491513738295,-0.5389290786387001,0.6926254018342316,0.7212974786687956,0.0,3,True,56000.0
62.53928602435007,28.841863344131188,0.6291871202564662,-0.6422667478167289,-0.4024761236921077,0.9154304833562091,0.0,5,True,56000.0
110.70729117853543,72.50364809785597,-0.14356388766229944,0.8660254037844386,-0.5446325232552288,-0.8386747966957336,0.0,1,True,56000.0
103.45903129421959,12.015937651961947,-0.9645481447469101,-0.06140441452092896,0.41556994353920307,0.909561225001827,0.0,3,True,56000.0
76.49643141732153,225.81897647531474,-0.5364752610432166,0.80284839843825,0.9889837907816121,-0.14802385473710475,0.0,2,True,56000.0
-71.18407301554907,141.775840003621,-0.2523148503466918,0.7272756072405556,0.6249222572006625,-0.7806869875021767,0.0,-1,False,56000.0
-91.43483483559848,119.11089012398999,-0.32450975247289565,-0.8660254037844388,0.7868660527081786,0.6171238247673162,0.0,4,True,56000.0
-71.58347653382145,-300.31377510659854,0.8844137682690348,0.20020122601346166,-0.9978266363250944,0.06589388317700534,0.0,0,True,56000.0
20.980232546220773,-205.41117690515688,-0.3093557853808923,0.7049053770854381,0.6486437660872568,-0.7610921525782036,0.0,-1,False,56000.0
26.52767056683546,-136.77439550994453,0.7697731330518987,-0.0064742740176942926,-0.23411309730244229,0.9722093692571832,0.0,-1,False,56000.0
307.77239031821773,-136.81646977379714,0.8116519958271549,-0.32622831273156255,-0.7835485120515475,-0.6213306118821278,0.0,5,True,56000.0
2.9121724555175508,-198.44418074289044,0.9238955781956681,0.1318167252457559,-0.5878102087042895,-0.8089988618922893,0.0,0,True,56000.0
186.93060062751226,-162.63239972642884,-0.47666857162406545,0.8660254037844384,0.20507029342084915,-0.9787472476366346,0.0,1,True,56000.0
165.35987953180037,135.5021535770968,0.6557983965250571,-0.5961746652652774,0.3345114440008931,0.9423916881172227,0.0,5,True,56000.0
36.9429322838247,61.74915042888711,-0.8103357181896889,0.3285081724765212,0.81461545700296,0.580001428629148,0.0,2,True,56000.0
-70.85873279070293,-122.6877594053593,0.570998844720528,0.5162876251862082,-0.5703999775145957,-0.8213670711998009,0.0,-1,False,56000.0
240.74846728281668,-230.48775506386764,-0.8274037845614147,-0.29894541433373356,0.7581649212810561,0.652062843703644,0.0,3,True,56000.0
97.48078647480516,87.00636455077124,0.7315385472859195,-0.46498887597453725,-0.04238736821477371,0.9991012516336021,0.0,5,True,56000.0
-112.09806906169102,148.39447131559143,-0.9230325958848287,0.133311454454163,0.9190597523027706,0.3941182204582323,0.0,2,True,56000.0
-82.55617974784833,-43.83921207293012,-0.9535062490674021,-0.08052953884971191,0.36787386974519165,0.92987569919785,0.0,3,True,56000.0
76.36046649877497,-96.32272252888853,0.05739811408887202,0.7676575076761988,-0.9903801197696925,-0.1383734742101752,0.0,-1,False,56000.0
-45.63799922211456,105.5220962600408,-0.6099642221078925,-0.4696128621970506,0.5574244461248327,0.8302276717036172,0.0,-1,False,56000.0
-78.57669616719825,-233.0434654686004,-0.6506096167452556,-0.6051618954731801,0.9914070744524521,0.13081289204674726,0.0,3,True,56000.0
5.234259428326981,-38.98725531625694,-0.5467768504216551,-0.5418742182790829,0.695770056896073,0.7182645946493781,0.0,-1,False,56000.0
77.7442984858974,82.89385592009226,-0.30520581495858423,0.8660254037844386,0.6377972885926895,-0.7702042707384993,0.0,1,True,56000.0
-210.7168598646515,-11.932885008115386,-0.31904072856745086,0.8660254037844385,0.7107741687703653,-0.7034202733848258,0.0,1,True,56000.0
-45.536705904116744,41.02375146145365,0.7438656702605226,0.19813242339520226,-0.6851996113248512,-0.7283553340508122,0.0,-1,False,56000.0
-27.857196342495076,195.86762348109426,0.19049656232828774,0.8660254037844386,0.19515942917724383,-0.9807715316031611,0.0,1,True,56000.0
244.4923421796767,20.773813495582814,-0.3513486623188103,-0.8660254037844387,0.016702521633590317,0.9998605031558462,0.0,4,True,56000.0
79.07537458544678,123.92869315859586,-0.5797895889769796,0.7278257817612723,0.9618509810275112,0.27357392108241396,0.0,2,True,56000.0
18.26366374719708,138.42505778871464,0.02737141773921241,-0.7693135889112696,0.12245318262690218,0.9924742908834145,0.0,-1,False,56000.0
96.61425646963578,15.403061582790237,0.740507799688837,-0.2103349500025843,-0.7251983409911043,-0.6885400251428756,0.0,-1,False,56000.0
-105.62331632717672,240.5427171626945,0.5108304242236504,0.847266558761551,-0.6293830823433214,0.7770951908614551,0.0,0,True,56000.0
170.87002543033142,-11.199605578604132,-0.735673139724718,-0.22666632762756764,0.9982786353149036,-0.058649520661378796,0.0,-1,False,56000.0
92.87345536006349,-53.34552189021608,0.6025242667296089,-0.688448164800013,-0.5422666593474708,0.8402064449646447,0.0,5,True,56000.0
88.20091688789145,118.25152696964615,-0.7676737804898803,-0.05718006069398213,0.7348437318060663,-0.6782364556888174,0.0,-1,False,56000.0
12.42336172229979,-124.19209947187942,0.681076895669719,0.5523910204076367,-0.3898841947250335,-0.9208638958628035,0.0,0,True,56000.0
106.30119675023775,191.89951366154304,0.01848201500870751,0.76957846105112,0.19172548686122665,-0.9814485914645873,0.0,-1,False,56000.0
220.56064709161552,217.80659551429784,-0.5808706088688637,-0.7259534003845369,0.3901425679168174,0.9207544605915725,0.0,3,True,56000.0
-2.731618855968811,-210.2912971929176,-0.7687501302928842,0.04019738507995262,0.9954066725807439,-0.09573691128154628,0.0,-1,False,56000.0
-221.3513194440516,6.840870237378951,-0.6446008341515682,-0.42081154594865233,0.49052703149504584,0.8714259758422763,0.0,-1,False,56000.0
-136.8464510213604,132.96525668798103,-0.5558641059194809,0.7692659340124886,0.8499526562187887,0.5268590724156051,0.0,2,True,56000.0
280.74673540036594,-181.95084786826806,0.6315612185160934,-0.4401397730937977,-0.9330755826875652,-0.3596803539147648,0.0,-1,False,56000.0
221.2765782186717,-106.02601499727041,0.8391388692321511,0.2786196514528958,-0.8365567378891913,-0.5478803010623652,0.0,0,True,56000.0
242.1886908807774,101.76520727149068,-0.19175117534918015,0.8660254037844386,0.6282904441644164,-0.7779788671755012,0.0,1,True,56000.0
252.894875709683,152.84040579458167,-0.7318969204091597,-0.464368155517018,0.7331210266554262,0.680098198994586,0.0,3,True,56000.0
112.24833690394124,199.3117955669696,-0.42552859286631484,0.6414966946491668,0.9922888576434878,-0.12394685553323201,0.0,-1,False,56000.0
-2.0721206057932795,119.8565216105132,0.6782917269086647,-0.364023248982608,-0.9141231856154075,-0.4054365567142787,0.0,-1,False,56000.0
133.55101982300275,-98.19619972070431,-0.9378291022608016,-0.10768315363646076,-0.3504107110597407,0.9365961421950182,0.0,3,True,56000.0
399.1387193139735,53.83656384842366,0.7692848988816452,-0.028166237683603032,-0.9999780639177632,0.006623570281137671,0.0,-1,False,56000.0
65.81963632446259,72.25972355845234,0.3125139158114094,0.7035109416468316,0.26336831338645383,-0.9646953568375745,0.0,-1,False,56000.0
64.45263131649322,-12.984549284359097,-0.5614159393743319,0.5266922589226358,-0.023650441332940364,-0.9997202891933038,0.0,-1,False,56000.0
-150.78789678434842,-151.96780357413317,-0.09453553737687642,-0.7639735759602275,0.9406418415163137,0.33940083380684466,0.0,-1,False,56000.0
-164.81515800090662,-104.10186236144133,0.6592771259535837,-0.3974245384811749,-0.9960740987429257,0.08852338568684842,0.0,-1,False,56000.0
-115.22531207504932,194.39453086348783,0.2676654833526049,0.7217671242265116,-0.870243426377967,-0.49262194312264074,0.0,-1,False,56000.0
242.60114153512342,333.0943342497768,-0.9264461721517229,-0.1273989669243903,0.8670897710158585,0.49815191357623445,0.0,3,True,56000.0
5.121294890126774,-126.63920048039903,0.9658707923740204,0.05911352163026419,-0.03757911002162956,-0.9992936557839114,0.0,0,True,56000.0
-113.79827109067864,-8.833279544097918,0.6250863603064037,0.6493694723998805,-0.3828878647210282,-0.9237948273558158,0.0,0,True,56000.0
118.95766502167918,58.80931397414345,-0.08373047244881018,-0.8660254037844387,0.7869204294056408,0.6170544852636917,0.0,4,True,56000.0
-157.27112052864194,-29.049550823029218,-0.22079948305431107,-0.7374552060129085,0.6023221724652577,0.7982530930455065,0.0,-1,False,56000.0
108.88355691947048,-76.48543525595503,0.3035582722565519,-0.8660254037844387,-0.38023971883476376,0.9248879695511425,0.0,4,True,56000.0
1.7051398254931973,-121.82373210384745,-0.740936265066683,0.20882060171742262,-0.19303389168083912,-0.9811920895841704,0.0,-1,False,56000.0
30.224338839299044,119.19267156035562,-0.49944636954857125,-0.8660254037844387,0.36991384736248456,0.929066060907113,0.0,4,True,56000.0
-2.2004001467957166,-43.02530938217177,-0.6317740745046898,-0.6377860116219494,-0.29821033521639506,0.9545001812310566,0.0,3,True,56000.0
18.814084325052516,146.45893837508305,0.8473210381700723,-0.2644477191363039,-0.8584303783464907,-0.5129300980951506,0.0,5,True,56000.0
172.70197664401397,136.6286455212154,0.5817170686839945,-0.7244872889781648,-0.9001497672443306,0.4355805281804579,0.0,5,True,56000.0
-126.47834319131012,-57.13018799480813,-0.5724736629392938,-0.7404973373629609,0.988570661283322,-0.1507582423944497,0.0,3,True,56000.0
-138.78542530905773,-10.870544516573498,0.6731321533541786,-0.5661517177511949,-0.9128535406827334,-0.40828717009353793,0.0,5,True,56000.0
-92.87234766308055,33.393173332960416,-0.048009185823637335,-0.7683018356538944,-0.012105561467085378,0.9999267250061666,0.0,-1,False,56000.0
129.41782225491193,48.77411516191132,-0.9511953532002598,0.08453212790260403,0.6643706154860138,-0.7474032949343575,0.0,2,True,56000.0
19.996986179175984,-239.39462468695865,-0.6376734087288672,-0.6275680650148442,0.9996558256236803,-0.026234143718384617,0.0,3,True,56000.0
31.53355420684316,-308.05843111540855,0.43801014335022387,0.633040051588293,-0.10186540101524244,-0.9947981906276269,0.0,-1,False,56000.0
-125.36950921005916,142.87651562125524,0.7840756432290582,0.3739919565189001,-0.8648326864117533,-0.5020601801714796,0.0,0,True,56000.0
-153.62981343428072,-6.939713590144792,0.7141785929827897,-0.49505719884463173,0.18174863453692974,0.9833450227890241,0.0,5,True,56000.0
174.25445155588727,-200.82452463191672,-0.5321690680663423,0.8103069434613921,0.617822913865569,-0.7863172687297644,0.0,2,True,56000.0
-188.7556717246792,204.33903295616494,0.9710605333569983,0.05012462656962389,-0.5370639826444795,-0.8435415096757423,0.0,0,True,56000.0
-97.00593730040877,-125.22415255286585,0.6325722892084672,0.6364034631996582,-0.6022705225392314,-0.798292062894467,0.0,0,True,56000.0
14.543907242887384,-78.84421650047354,-0.6950711048396103,0.5281523391136383,0.5977594124996597,-0.8016755483161883,0.0,2,True,56000.0
66.9987037057559,-107.35025510372462,0.6185344283563006,0.4582660292128763,-0.2732396956066619,-0.9619459801593723,0.0,-1,False,56000.0
18.777278479164845,32.23511286863554,-0.5042932403363103,-0.8585892933928454,0.9843273391247126,0.1763510404042793,0.0,3,True,56000.0
85.95006172130094,94.03433027973225,-0.9306643012544126,0.12009295300564753,0.9854000387216664,-0.17025499607156414,0.0,2,True,56000.0
-131.98861354908578,-43.87530688199442,0.8964134767966738,0.1794171211675738,-0.3503746953602594,-0.9366096160360455,0.0,0,True,56000.0
-155.6177958639655,223.9810191926174,0.5385417198482907,-0.550059459127318,0.14503692465748214,0.9894262430751972,0.0,-1,False,56000.0
-104.28897563762858,73.98211697888746,-0.3258160023224304,-0.8660254037844387,-0.3454522653515395,0.9384363230200968,0.0,4,True,56000.0
147.18059731411057,-215.78388933977027,-0.4792828217610957,-0.8660254037844389,0.4511599331646101,0.8924431156700724,0.0,4,True,56000.0
103.78435172635959,-217.35721566278116,-0.3087843947931011,0.7051558622920542,0.5263772790667567,-0.8502511158959315,0.0,-1,False,56000.0
-224.4295732471804,88.70546719899414,0.8264429239478763,-0.30060967373537356,-0.9405937003999943,-0.3395342262097033,0.0,5,True,56000.0
110.79970318922456,-90.78387381440109,-0.3268607004139632,-0.6969610284065284,0.40503933841416373,0.9142992586330874,0.0,-1,False,56000.0
96.81754677674968,-13.332878623632398,0.7356159348477461,-0.2268519098237194,-0.9297164825016984,-0.368276067868469,0.0,-1,False,56000.0
69.26291728411387,228.45608371255275,-0.3847798259044428,-0.6667361383407524,-0.34549632299313804,0.9384201035773947,0.0,-1,False,56000.0
39.48452299643022,95.84745583657062,-0.7541122222063457,0.15462001458931324,0.7400110011764855,0.6725947651727431,0.0,-1,False,56000.0
31.31081986562379,124.94578320043333,0.4166284744590352,-0.8660254037844387,0.2089466302798591,0.9779270451800998,0.0,4,True,56000.0
132.88551057213255,-4.551641388938888,0.5744742901743065,-0.7370321493449126,0.10281691996794096,0.9947002970585225,0.0,5,True,56000.0
109.582062990649,208.0471737468209,0.3418415693611799,0.8660254037844385,0.38447716038564267,-0.9231345043609712,0.0,1,True,56000.0
65.93119586258307,8.560650281523174,-0.26659449480617353,-0.8660254037844388,0.7985254413211046,0.6019610615006017,0.0,4,True,56000.0
31.641225122903517,25.18830880550134,-0.6626941859387846,-0.3917001512835091,-0.2247657754242271,0.9744128212405331,0.0,-1,False,56000.0
-6.586091540647772,-81.61371873156438,-0.9493751496184789,-0.08768481298636711,0.8772720942860497,0.47999340889949893,0.0,3,True,56000.0
71.81150350408967,149.04284108894572,0.3095844836368302,-0.8660254037844388,-0.6205763810637783,0.7841460037937955,0.0,4,True,56000.0
245.15888538619618,-66.759841739383,-0.17273732730882543,0.7501695863915013,-0.3350204649664224,-0.9422108511653193,0.0,-1,False,56000.0
-65.47742834899802,-40.90614769774231,-0.4521680853691884,-0.8660254037844387,0.098229921925717,0.9951637465454786,0.0,4,True,56000.0
129.66304846842655,-198.26444922753464,0.5848337081147132,0.719089111135287,-0.9756472840271642,-0.21934533769926845,0.0,0,True,56000.0
-84.93425328821175,254.02533442926486,0.7190847776239871,0.48655943777476424,-0.9530633977270138,0.3027708042612835,0.0,0,True,56000.0
-68.91825958564974,-28.75334741965233,0.9646090553954402,-0.06129891418295259,-0.793848888513336,0.6081150731614201,0.0,5,True,56000.0
4.998333870156116,67.97452150695077,0.5912891386434763,0.7079079774747384,-0.4867579339138871,-0.8735368989183449,0.0,0,True,56000.0
-268.7380108974809,-139.26851700899206,0.9970364856077127,-0.005132957496403039,0.04067405174925193,0.9991724683528369,0.0,5,True,56000.0
-78.03161453859205,-145.1214995837303,0.724390613043791,0.4773694612510651,-0.7594169426080346,-0.6506042631891065,0.0,0,True,56000.0
-124.70829069917419,16.612851357673723,-0.6456641768387629,-0.4191781999814818,0.6618087117082085,0.7496727480088261,0.0,-1,False,56000.0
53.25077498848287,143.79793979841637,0.474174070177217,0.6064252169593247,-0.36003548136131114,-0.9329386111427241,0.0,-1,False,56000.0
98.5723516987977,-240.70303897400333,0.34269740699467965,-0.8660254037844388,-0.6239525034597782,0.7814622661563833,0.0,4,True,56000.0
-98.00374693601462,0.06153664491780114,-0.4829141657895519,-0.5994885328948115,0.41105774639581716,0.911609307284642,0.0,-1,False,56000.0
21.510167717909805,-131.16690253947525,-0.6107974044543703,0.46852867927630304,-0.20718466782490974,-0.9783018518935184,0.0,-1,False,56000.0
99.70179964976228,-166.8349783861267,0.8757832469418507,-0.21514972744795124,-0.9611223508013327,-0.2761228472801677,0.0,5,True,56000.0
31.97119435769593,-211.28058690676644,0.9304877750768508,-0.12039870531404957,-0.9746819351398619,0.22359589735055163,0.0,5,True,56000.0
54.77011973302057,-117.3753948856281,-0.7648016072523591,-0.08758478256409924,0.8298249854463782,-0.5580237392162778,0.0,-1,False,56000.0
-209.70969935448312,-158.73652849240258,0.40289677701269266,0.8660254037844386,-0.38155899283088646,-0.9243444893490038,0.0,1,True,56000.0
-14.493522002359908,86.23417894536887,0.12222999941403047,0.7600344859516827,0.5862688983281594,-0.8101165217751606,0.0,-1,False,56000.0
-62.81814594622096,-54.32055654190907,0.8497540389020597,0.2602336382536501,-0.8033323149537386,-0.5955310166154721,0.0,0,True,56000.0
-49.68828310160806,-57.88957435315431,-0.8462637612712062,0.2662789764428093,0.8748499723968187,-0.48439397787058264,0.0,2,True,56000.0
109.51078247263946,188.9886962066329,-0.5228116272005069,-0.8265145064698407,0.23493436889233038,0.9720112356928562,0.0,3,True,56000.0
-5.749480399053418,231.57447327013278,0.42414034586735694,-0.8660254037844387,0.5254770386186279,0.8508077819840356,0.0,4,True,56000.0
-69.14903392404207,-155.95534143489766,-0.5587396387379411,0.7642853650720836,0.7346628220442752,-0.6784324121870526,0.0,2,True,56000.0
118.25734757010017,-86.80432091759323,0.974873035491583,0.04352117916855861,-0.9952127848933454,0.09773184120246901,0.0,0,True,56000.0
-100.48508895670096,25.135216918119387,0.2499227600923974,0.8660254037844386,-0.8164911160910908,-0.577357997558114,0.0,1,True,56000.0
-125.79269512651823,56.93152419418314,0.9305828607566515,-0.12023401208556275,-0.9908158626639932,0.13521806940420678,0.0,5,True,56000.0
-152.84487915284922,272.24439553289545,0.5107474458724489,0.8474102814817606,-0.7638101270870254,-0.6454410040889128,0.0,0,True,56000.0
-94.23623299722864,56.50538276765188,0.9397406787506382,0.10437220603351,-0.19705625395665088,-0.9803921831474244,0.0,0,True,56000.0
68.41116099606202,-247.44460190115922,0.7204937989623167,-0.27107430392687737,-0.8224156653036596,-0.5688870480711768,0.0,-1,False,56000.0
-51.35026856391808,-118.30068823812555,-0.022060217033585072,-0.7694842034876501,-0.8334618765119409,0.5525769633283587,0.0,-1,False,56000.0
-107.2318207900538,51.106173862057155,0.41176720025051944,-0.650415532863754,-0.09079848971630688,0.9958692857324317,0.0,-1,False,56000.0
167.0825162986712,-8.323516035359193,0.30481081536650967,0.8660254037844386,0.6402659018948315,-0.7681533537457129,0.0,1,True,56000.0
42.56262964420059,112.61281928924086,-0.99638831534039,0.006255621331362014,0.99991023267867,-0.013398753094020228,0.0,2,True,56000.0
19.634171451409603,-56.389150833683026,-0.529511634529874,0.8149097533642927,0.541298720676604,-0.8408303604139572,0.0,2,True,56000.0
243.0481389149409,-37.558606298281326,0.3321783749677658,-0.8660254037844387,-0.45359468142363973,0.8912080929750279,0.0,4,True,56000.0
137.17486465776926,66.42494566587858,0.6707723504765618,-0.5702390162310744,-0.11840936243957945,0.9929648648802416,0.0,5,True,56000.0
13.622703778037852,-10.629862329944338,-0.5458567092974795,-0.5428011104516269,0.9911316295067727,-0.13288375743951802,0.0,-1,False,56000.0
-210.84591688111394,92.10205093460196,-0.6570253489630122,0.4011362404627937,0.9997421160742461,-0.022709058707735597,0.0,-1,False,56000.0
-55.33173601428911,35.141857436640855,0.36642358063668656,0.8660254037844387,-0.9953420937947698,-0.09640599732503499,0.0,1,True,56000.0
-0.32671483848434985,101.33765190437578,0.47976695708069766,0.8660254037844386,0.04639253011677469,-0.9989232869191493,0.0,1,True,56000.0
116.9607654302697,103.32759363875542,0.729962116940805,-0.24443383649546319,-0.9670458776038545,-0.25460218107742383,0.0,-1,False,56000.0
128.4764545253401,61.241055397685045,0.7686982231266428,-0.04117808099625754,-0.9702112342401698,0.24226052289666206,0.0,-1,False,56000.0
-108.14111505307378,-305.70002356214144,0.747031269262086,0.18584099477044652,-0.989386882477141,-0.1453051849802791,0.0,-1,False,56000.0
101.45613163430451,-38.36780647881171,-0.26825579348003786,-0.7215479345525061,0.8330433006663831,0.5532077902694856,0.0,-1,False,56000.0
-67.28089958914487,70.22081648849738,0.7201479708068874,-0.2719917144607804,-0.4686762114903047,-0.8833700293665654,0.0,-1,False,56000.0
160.99372103118318,2.7690981855748076,-0.5080393430550216,0.8521008531536651,0.9990841706167497,-0.04278808272220539,0.0,2,True,56000.0
125.60257509202276,170.4434042618992,0.4666786289087087,0.6122120955293844,-0.10523150075734988,-0.9944477518946695,0.0,-1,False,56000.0
146.52404419072417,80.28711028390639,-0.4431415780890787,0.8660254037844385,0.42611471364596154,-0.9046691388648187,0.0,1,True,56000.0
-145.67666264676828,-111.56897439329484,-0.4152298386609983,-0.6482104393467863,0.24690520808036687,0.96903963707518,0.0,-1,False,56000.0
-114.50211228208356,-92.35286042576662,-0.8831219307593328,-0.2024387542153887,0.6611317958016774,-0.7502697838644741,0.0,3,True,56000.0
-162.43184058169498,-43.70578658665359,0.4150710352033974,0.8660254037844386,-0.41725860843985113,-0.9087877935375375,0.0,1,True,56000.0
214.99946329325127,215.20193741370912,-0.7639164200624081,0.408908755284658,0.2878472021423686,-0.9576763483655669,0.0,2,True,56000.0
-48.169001412712056,86.14311557193368,0.7931171049813982,-0.35833168538915655,-0.8402129989006271,-0.5422565043209777,0.0,5,True,56000.0
100.57813698533616,-58.80618134659422,-0.4540225028161833,-0.8660254037844388,0.371939834512323,0.9282568391899689,0.0,4,True,56000.0
-72.93744326285615,-182.08364379145655,-0.7824988497390334,0.37672304295666714,0.7142393233818376,-0.69990155660283,0.0,2,True,56000.0
-143.05865419000799,149.44174040211473,0.76245143206404,-0.10611506177770924,-0.933784650885127,-0.3578354730477853,0.0,-1,False,56000.0
-135.54178273284407,315.58609974850935,0.5147259338399124,-0.5724070279313686,-0.6316817759820335,0.7752277948398,0.0,-1,False,56000.0
7.771075820774614,11.156692481078988,-0.9217443687171712,-0.13554272936023548,0.9907917773102762,-0.13539443863884001,0.0,3,True,56000.0
15.890173092565323,110.06701753954889,-0.5139338173568196,0.8418913241790417,0.7683943523647427,-0.6399766552413944,0.0,2,True,56000.0
32.012703852781335,183.34606437344468,-0.018687086194640656,-0.8660254037844387,0.5477622216594464,0.8366340589067048,0.0,4,True,56000.0
292.9604897607612,56.61098684166403,-0.7212527983015499,-0.2690483107822389,0.49726066647596223,-0.8676011927008156,0.0,-1,False,56000.0
215.17450485931488,67.78615605310239,0.5849568642580188,-0.7188757984378177,-0.9518306633427046,0.30662418091299815,0.0,5,True,56000.0
113.71758972309493,233.02147200786584,-0.18198209616821265,-0.7479806877632709,0.9989215979046949,-0.046428883677430255,0.0,-1,False,56000.0
51.84512612208394,73.75109961548759,0.8172239109086447,-0.3165774727149626,-0.9414745030664988,-0.3370842032425839,0.0,5,True,56000.0
-214.930530596951,42.16312770763701,0.49943639539395945,-0.8660254037844386,-0.4404347991297654,0.897784599843152,0.0,4,True,56000.0
-7.043411683733213,-18.62587492544223,0.7460911517994003,0.4397830255747324,-0.7950983872158748,-0.6064804651814467,0.0,0,True,56000.0
72.86602205408133,37.36473457349912,0.8811329108914159,-0.2058838376838844,-0.42912417507806633,0.9032455050336805,0.0,5,True,56000.0
25.95293054961251,-55.18292741413917,0.6729924364316171,0.37372954539135395,-0.9671613797889591,0.2541630686089582,0.0,-1,False,56000.0
187.4268780605632,-214.21214166310196,0.9103233902432498,0.1553244443492186,-0.3428030873467655,-0.9394072829744835,0.0,0,True,56000.0
37.00653999866726,19.79753094385168,0.198962738324754,0.8660254037844386,-0.41771362081192104,-0.9085787423158134,0.0,1,True,56000.0
51.20298947066723,-65.57467674694128,0.7370446986217493,0.22216593984264837,-0.8449144163820992,0.5349015133552122,0.0,-1,False,56000.0
205.08560616887553,85.5094840433226,-0.0961924208854783,0.8660254037844384,0.9241791485307081,-0.3819592928847903,0.0,1,True,56000.0
-48.97986979120157,-87.68250349416101,0.9781102441139168,-0.03791416935997583,-0.3257963635709771,0.945439966091935,0.0,5,True,56000.0
-6.795059049358228,178.56698441985506,0.11455565616344668,0.8660254037844386,-0.3567920056151319,-0.9341838495334398,0.0,1,True,56000.0
82.64197340699205,128.49339843026584,-0.5897438166545216,-0.7105845536736618,0.6176352752090599,-0.786464663425774,0.0,3,True,56000.0
-11.385485030402018,76.18032593201603,-0.3168395080417375,-0.8660254037844387,0.46668969274039335,0.8844211274556242,0.0,4,True,56000.0
111.96746319995444,23.837860513536956,0.2949798962143772,-0.8660254037844387,0.5592206305183336,0.8290188697506692,0.0,4,True,56000.0
120.60994210043074,183.23515073851337,0.17430111630199946,0.7498077843344049,-0.9997822137582786,0.02086923699124038,0.0,-1,False,56000.0
-137.7407321679079,-91.711377398606,-0.6827002053933435,0.5495793654898985,-0.24108985455249304,-0.970502798569818,0.0,2,True,56000.0
117.53868040208064,124.77059009966987,-0.5908682623968363,0.7086369565176178,-0.2863472768490304,-0.9581258983250275,0.0,2,True,56000.0
-163.02271656387262,-106.72583098780038,-0.11920490211099508,-0.8660254037844387,-0.7684931776155471,0.6398579810851395,0.0,4,True,56000.0
212.51500141963513,118.17508777619169,0.6721860099248631,0.3751780386081841,0.2256249724308882,-0.9742142330183654,0.0,-1,False,56000.0
-189.99244255694626,-22.140344728938192,0.09254479350468592,0.7642172817908317,0.6289775213126109,-0.7774234867068543,0.0,-1,False,56000.0
48.04840356359487,-55.9511684307845,0.6368124289572767,-0.6290593257235276,-0.8627491632329201,0.5056321601133638,0.0,5,True,56000.0
352.5111695649386,-232.74391190513393,-0.22478480683206342,-0.7362502177996719,0.9691930401470419,0.2463023567295554,0.0,-1,False,56000.0
-53.59018801741707,26.787689454817382,0.20435992020929133,0.8660254037844385,-0.5003896732978589,-0.8658003088800877,0.0,1,True,56000.0
292.871168055941,28.57778025305539,0.7525464423692987,0.16206925886763396,-0.6372289847263009,0.7706745234044529,0.0,-1,False,56000.0
6.629233321763482,148.3038219540736,0.5300807461195507,-0.5582176951565874,-0.3729272937704776,0.9278605679524415,0.0,-1,False,56000.0
-73.37096630890088,-70.65416385049838,-0.9767236068696373,0.04031589551873623,0.9997695836794672,-0.021465776235137818,0.0,2,True,56000.0
-106.83445034827513,-293.5205422441633,-0.5850245672168709,-0.7187585334732634,0.7327974932687928,-0.6804467898807194,0.0,3,True,56000.0
160.8972073182134,-80.67079366013208,0.9336949082456815,0.11484378771899637,-0.939180803385358,-0.34342308971941127,0.0,0,True,56000.0
32.280990980997984,19.376807347827242,-0.3588215233405456,-0.8660254037844388,0.7502700806701377,0.6611314589786464,0.0,4,True,56000.0
-56.34805602742572,11.130224819880608,-0.7352336452781915,0.2280878765816694,0.47949670866069094,-0.8775436777639938,0.0,-1,False,56000.0
294.2013692705787,-114.78267556660411,0.7601041424659228,-0.1217960803915154,-0.13513938540033582,0.9908265976010222,0.0,-1,False,56000.0
-21.647573811999745,230.83934923003952,0.4867077315700742,0.8660254037844385,0.4884838741811727,-0.8725729222620588,0.0,1,True,56000.0
90.02373309627,57.12700822665727,-0.44295450581360907,-0.8660254037844388,0.2928261525884999,0.9561656992175652,0.0,4,True,56000.0
2.374179616094349,-68.82926514148541,0.5585630570270025,0.7645912135671163,-0.5820947559149331,-0.8131209597202151,0.0,0,True,56000.0
24.092599513705743,-141.9573579682949,0.8214757701412021,-0.3092130364975425,-0.837085959403865,-0.5470713816028883,0.0,5,True,56000.0
12.698626815902967,-50.32535236910688,0.26642202517426705,0.8660254037844385,0.9858999462354822,-0.16733587784115384,0.0,1,True,56000.0
94.27801319950004,-1.3613827853843306,-0.49416330498417227,0.5902501339260434,0.9826769671726769,-0.18532667964515853,0.0,-1,False,56000.0
-12.997668418867814,-43.21277105102536,0.19383978533983648,-0.8660254037844386,-0.8137652568139756,0.5811936912961793,0.0,4,True,56000.0
-118.95861722695582,-305.78379009322595,-0.7649583298022522,-0.0862052565609609,0.3383962568932505,-0.941003705264031,0.0,-1,False,56000.0
-128.91068833391725,39.9136911314085,-0.7295879553444237,0.46836740032204277,0.7714780631495815,-0.6362559218419626,0.0,2,True,56000.0
18.933408866016183,-25.938233622568102,0.15126074089408098,0.7547932040345662,-0.26172058616391003,-0.9651436860789228,0.0,-1,False,56000.0
1.9795802030826775,77.22771242489529,0.6577557036626133,-0.592784509857013,-0.8569144089557543,-0.5154587235889966,0.0,5,True,56000.0
45.97470993552368,-47.54552933104617,-0.587666901735808,0.714181875835871,0.48353273293258336,-0.8753262798424081,0.0,2,True,56000.0
411.3708111335288,166.9444228132056,-0.36172072616717954,-0.6795224123262459,0.12864037319279775,0.991691310027878,0.0,-1,False,56000.0
157.27165999560881,-69.8861195733994,0.388156084199639,-0.6647762382120732,-0.9794727461729891,0.20157663432140133,0.0,-1,False,56000.0
24.297789928274074,-93.72958098269493,-0.18929369989561956,0.8660254037844386,0.17673724894618406,-0.9842580682092147,0.0,1,True,56000.0
-87.31666608444304,-53.92906686284051,0.6691453072626332,-0.5730571377437088,-0.13581213502272133,0.9907346082481292,0.0,5,True,56000.0
39.00179267485831,141.76263066872272,0.31983520057636267,0.8660254037844385,0.14010270459659627,-0.9901369764657363,0.0,1,True,56000.0
-103.67168095518188,142.84329956133627,0.732853740934405,-0.2356225519576602,-0.8779457913290417,-0.4787600521008528,0.0,-1,False,56000.0
63.838705049763625,96.78893952415939,0.9069742692166841,0.16112529212792784,-0.8078141677291442,-0.5894372489214331,0.0,0,True,56000.0
33.088210896924906,11.261023240644992,0.16098877689606128,0.8660254037844385,0.9727570430117702,-0.23182695113163268,0.0,1,True,56000.0
-201.61863438386243,-243.32495820730563,-0.4050856389646009,-0.8660254037844388,0.8620651109536913,0.5067975379541619,0.0,4,True,56000.0
0.1510312547136065,-271.2495789239685,-0.24762091228084865,0.8660254037844385,0.3662916571778925,-0.9305000923599442,0.0,1,True,56000.0
317.0253284368577,28.48255047561268,0.0993188999815332,0.8660254037844386,-0.8496035093669543,-0.5274219154257366,0.0,1,True,56000.0
-6.947357659536319,-44.93541203077083,0.9771758482089166,-0.039532590541820185,-0.9998448559635545,-0.01761431245374277,0.0,5,True,56000.0
184.83270612112133,-27.840182591974536,-0.6896687485455314,-0.5375094946955724,0.9999320839877996,-0.011654501782444704,0.0,3,True,56000.0
19.036185967786434,-190.388698945549,0.3421564830287291,-0.6895806941279631,0.683610007764871,0.7298474890576087,0.0,-1,False,56000.0
-30.80225628777178,-4.186795390827408,-0.525622292683447,0.8216462910503082,0.9453606267871253,-0.32602651015009804,0.0,2,True,56000.0
37.32811274204854,0.04589194409203101,0.4125416194678613,0.8660254037844387,-0.4874399025106181,-0.8731565389095104,0.0,1,True,56000.0
67.54159238151448,-106.41843722988168,-0.35376874700473404,-0.8660254037844387,-0.0776267057960045,0.9969824946042215,0.0,4,True,56000.0
-1.2763570590990723,131.91556859424327,0.9547862811697594,-0.07831245821311,-0.9089311448051768,-0.41694624833799865,0.0,5,True,56000.0
25.788452384444042,30.79435265485291,0.07890843777116169,-0.8660254037844387,-0.3094963015828913,0.9509006463908333,0.0,4,True,56000.0
-256.69993265992866,-26.697773887315666,-0.41141337614949874,0.6506393982213676,-0.15538065147686536,-0.9878546720781551,0.0,-1,False,56000.0
-145.06442209713154,18.73557182349936,-0.8392903145272042,0.27835734050729666,-0.17771495363382186,-0.9840820063668043,0.0,2,True,56000.0
-36.48405416124699,-31.147377152321337,0.8909530716313497,0.1888748203438262,-0.9882238369014947,0.1530151893757607,0.0,0,True,56000.0
245.9925376718779,91.01696874330922,0.3172012275891787,0.701409989812314,-0.8507091108951845,-0.5256367649241414,0.0,-1,False,56000.0
-186.21209064588868,43.096013851192524,-0.9344224620909809,0.11358362749369547,0.4744919421585252,-0.8802598461969195,0.0,2,True,56000.0
-82.71533565518985,41.659298109983496,0.2544237226033801,-0.8660254037844387,-0.42971155937170585,0.9029662096348534,0.0,4,True,56000.0
6.985546041366777,297.7060359689024,-0.8801173821843432,0.20764278500107955,0.9005511142297788,-0.4347501473944408,0.0,2,True,56000.0
19.100519044013748,122.53740968545037,0.46666525478408216,-0.8660254037844387,0.860772290498987,0.5089902395028079,0.0,4,True,56000.0
112.4176291853898,-234.07668178263654,-0.1332324889874205,0.7581831549637654,-0.2582732117146376,-0.9660719166348773,0.0,-1,False,56000.0
196.10956819844827,-68.7597920364176,-0.011670218236051272,0.7697118932424751,-0.7983800663296661,-0.6021538588163575,0.0,-1,False,56000.0
-128.6746322600999,89.04282735975194,0.7601908142968017,0.12125394200337548,-0.7137705533114204,0.7003796093730229,0.0,-1,False,56000.0
246.9426247827333,169.0437320435945,0.9800598496147633,-0.03453735357779334,-0.9969383725525565,0.07819131238339824,0.0,5,True,56000.0
162.82788185558752,189.99907157190898,0.11005901889945924,-0.7618921215969363,-0.9986826374975069,0.05131266472331415,0.0,-1,False,56000.0
-156.24737102497934,-8.17150927757379,0.6898518997403832,-0.5371922675206222,-0.6151998803026879,0.7883711735442661,0.0,5,True,56000.0
194.89495167263487,-12.316155260112641,-0.27154500439049334,-0.8660254037844388,0.7264031156984372,0.6872688800634044,0.0,4,True,56000.0
-47.83542825076866,134.79063500928714,-0.8161970093648864,0.3183561183631235,0.9975402619948512,0.07009583225305671,0.0,2,True,56000.0
-35.969533389562706,-3.7086333550413215,-0.6946290919080086,-0.33178760867104085,0.9383071448566684,0.34580298135054355,0.0,-1,False,56000.0
2.4442111079052484,-50.984687118333994,0.763710152810432,-0.09664054577070111,-0.9617831447118954,0.27381231263054634,0.0,-1,False,56000.0
20.944083751316395,161.78781305572616,0.39885551448937123,-0.6584123868473399,-0.19627377362216514,0.980549134815847,0.0,-1,False,56000.0
-41.460799956730824,-136.53326223530945,-0.9375552500002975,-0.10815747966542132,0.8476003224176216,0.5306351792310191,0.0,3,True,56000.0
316.6836157563516,122.40961509765597,-0.516553130555054,-0.8373545406387644,0.9226627576527218,0.38560787808427377,0.0,3,True,56000.0
68.1171063550818,-206.66324446079264,0.824341613879917,0.30424924953553595,-0.9731975928316005,0.229970531387797,0.0,0,True,56000.0
39.688650931486364,-120.76291012176823,-0.8920481119140948,0.18697815493777725,0.427520046879971,-0.9040058680759475,0.0,2,True,56000.0
-46.998987702297605,-189.51098611383404,-0.3926827035247782,-0.6621124428260381,0.2204135585877814,0.9754065117635022,0.0,-1,False,56000.0
-96.321055708889,-122.30237328528972,-0.7641071727482701,-0.09344956472470878,0.6027520665500874,0.7979285345628466,0.0,-1,False,56000.0
38.28147498998265,-178.546647887565,-0.09222585334849098,-0.8660254037844387,-0.9414729111299031,0.3370886494804546,0.0,4,True,56000.0
176.89591798881492,-106.53571591104874,0.44926977540549873,-0.8660254037844386,-0.9572036940319467,0.2894150793092547,0.0,4,True,56000.0
117.54040941960216,-230.8908653943669,0.5462152176833373,-0.5424403456268134,-0.9987499207644286,-0.04998595575794873,0.0,-1,False,56000.0
42.23800445173482,-156.99402262909447,0.4406483164190673,-0.6312065064855035,-0.906205163695935,0.4228382684795893,0.0,-1,False,56000.0
-137.12881112291808,-58.128831153904066,0.40596116134025184,-0.6540551414642853,-0.6410852975024899,0.7674696354424406,0.0,-1,False,56000.0
-60.32277496163203,-26.66426262446423,0.8974948742523265,-0.17754408583120668,-0.9066605685349488,-0.42186089349912426,0.0,5,True,56000.0
-84.52307679545156,157.97723799612868,-0.899286860085085,0.17444027532242642,0.9816585154816354,0.19064773531927276,0.0,2,True,56000.0
-90.3822413893847,-185.64779893047094,0.28990224854577124,-0.7131264115713974,-0.6077252531413603,0.7941473520035645,0.0,-1,False,56000.0
227.2603507581193,-9.154802752779357,0.2713786720809721,0.7203792118961794,0.5129606405404341,-0.8584121278595371,0.0,-1,False,56000.0
-95.21022478883404,-180.45474285082867,0.6354853684012538,0.43445476075250367,-0.900932715899428,-0.433958801526226,0.0,-1,False,56000.0
-145.68814018266283,-47.52308308009743,0.7544642888295648,-0.15289286926960122,-0.9521159548683156,-0.30573715587933875,0.0,-1,False,56000.0
-82.67670208779734,93.67301896029532,-0.4025912698428223,-0.8660254037844388,0.39635164676452467,0.9180987812360091,0.0,4,True,56000.0
27.665301049326313,-207.0320361919036,0.7263424162517453,0.4739888389285124,-0.5931585453551678,0.8050856725045819,0.0,0,True,56000.0
-27.924135825623452,12.196167304627506,-0.5609224203855071,-0.7605046763566704,0.9188562670917908,0.39459239783115063,0.0,3,True,56000.0
-115.11744616845537,122.07152768233219,-0.49808236196090155,-0.5869468061894891,-0.6278773891537714,0.7783122665032574,0.0,-1,False,56000.0
17.937297085001603,-49.890602334417515,-0.4161464455534309,0.6476223656158253,-0.4448573636604387,-0.8956014325563988,0.0,-1,False,56000.0
-112.74200107984144,-114.73118770756095,0.4365610861972028,-0.8660254037844387,0.9953865803793807,0.0959455866658076,0.0,4,True,56000.0
144.50112698799396,86.72810579387642,0.9729949178999833,-0.04677417425979776,-0.660346933901564,0.7509606693341537,0.0,5,True,56000.0
1.1858324374682625,-63.276452003409226,-0.2552557096902342,0.8660254037844384,0.8633896641316039,-0.5045376971750599,0.0,1,True,56000.0
167.32132390427458,-97.52702187341215,-0.46098337176610965,-0.8660254037844388,-0.7370024158323532,0.6758901087138844,0.0,4,True,56000.0
-29.77399495191381,-253.46922541962962,0.685797843593954,-0.3496768655694495,-0.07195332385047215,0.9974080003623709,0.0,-1,False,56000.0
-118.58739320486684,74.50767188193137,-0.6158937218812277,0.46180896043697683,0.021632774762831875,-0.9997659841463208,0.0,-1,False,56000.0
27.07091280414292,5.326685439427044,-0.7854130306165067,0.3716755336144378,0.32458234766752314,-0.9458574414691816,0.0,2,True,56000.0
-95.75242991679991,-169.77283937493098,0.1939560502699051,-0.7449655315222916,0.5090899711707897,0.8607133095597558,0.0,-1,False,56000.0
-147.42724733777308,85.47314673144352,0.463718584851459,0.6144572130392421,-0.46567526382074753,-0.8849556761021785,0.0,-1,False,56000.0
15.712666745840083,83.96696939194513,-0.6278360977177236,0.6446067874960013,0.6297161451532849,-0.77682531918913,0.0,2,True,56000.0
-200.81213920581078,-120.57038506547406,0.7845201489919751,0.3732220499532712,-0.6784258517986561,0.734668880252355,0.0,0,True,56000.0
-148.77381730008088,160.897169174239,0.32495032340857183,-0.6978537668518074,0.1287139923581739,0.9916817575065124,0.0,-1,False,56000.0
-90.69835224088027,25.22836577875389,-0.5726618229091558,-0.740171434735209,0.381895199457461,0.924205635468279,0.0,3,True,56000.0
-45.998028756226184,72.00688577760577,-0.03252979216780161,-0.8660254037844387,-0.9467165061857028,0.32206809360060995,0.0,4,True,56000.0
264.5644015236308,62.75359493701463,-0.45118162743494483,-0.8660254037844388,0.35768211519536597,0.933843404682694,0.0,4,True,56000.0
16.948580643164316,79.00306290139031,-0.604647330793435,-0.6847709099737425,0.15831580126876726,0.9873885289330742,0.0,3,True,56000.0
223.1360474813392,119.09827991014745,0.11683324991455601,0.8660254037844386,-0.8195572531517609,-0.5729973026169699,0.0,1,True,56000.0
102.40557115146225,-203.52079208682585,-0.7591854704833363,-0.1273970721782393,0.8720010001087156,0.4895040917187377,0.0,-1,False,56000.0
45.80473331721615,-22.104936725004272,0.7390054334941546,-0.21555408105324508,-0.3948307194186524,0.9187538859799973,0.0,-1,False,56000.0
272.87781131925675,106.36568372748073,-0.4729126136676797,0.8660254037844385,-0.7476060790508162,-0.6641424173821766,0.0,1,True,56000.0
-20.74456600664172,-144.80078273169877,0.8824040624731958,0.20368213856012096,-0.5895550298655311,-0.8077282134234479,0.0,0,True,56000.0
-79.46195580135608,87.45772763928429,0.8620178957116367,-0.2389920151627127,-0.8632794134402704,0.5047263162647708,0.0,5,True,56000.0
133.8278269624733,-83.65188460519612,0.028761008511252545,-0.7692628919829736,-0.7929939049095348,0.6092295682058712,0.0,-1,False,56000.0
-17.642002577930732,-62.239995123503775,-0.8307208160584606,0.29320014725054416,-0.06181936501344526,-0.9980873539472064,0.0,2,True,56000.0
123.14003574408879,-177.03672739838143,0.19126687341631537,-0.8660254037844386,-0.9732557146606897,0.22972443030794382,0.0,4,True,56000.0
-264.28993965087534,1.712251084526984,0.14617283868609832,-0.7557950078050532,-0.9333232735084555,0.35903713892501365,0.0,-1,False,56000.0
-55.14780612935016,-24.476358574050316,-0.8099305575775801,0.3292099312419187,0.8266953741899433,0.5626497652118442,0.0,2,True,56000.0
-133.01133513492152,-102.81823967308506,-0.8022720622763995,0.34247483421309166,0.758160594423803,0.6520678745828119,0.0,2,True,56000.0
-31.935938232120737,-44.732330640807774,-0.12849838859383333,0.7589998397373879,0.928745554468308,-0.37071781054509084,0.0,-1,False,56000.0
-279.17108818285095,180.53058075235427,0.3426853243538001,-0.6893180405771513,0.7063795121641658,0.7078333029709027,0.0,-1,False,56000.0
-183.27965953331116,-43.642763891289825,0.5564883612268091,-0.7681846921033014,-0.7836515793246588,0.6212006135073758,0.0,5,True,56000.0
-109.05363025654279,-159.4290256557957,-0.3598666780926696,0.8660254037844385,-0.9835822605838545,-0.18046034651624415,0.0,1,True,56000.0
43.14076188226825,5.386333740884679,-0.5181704331591097,-0.8345532903573268,0.8570722085229808,0.5151963017894613,0.0,3,True,56000.0
-59.831347009181094,-153.12412556972038,0.6330253549536148,0.6356187303098937,-0.5751889037444566,-0.8180206140490762,0.0,0,True,56000.0
194.93140883177077,103.72002143160462,0.07745744691745436,0.8660254037844386,0.7639350374311171,-0.645293157088391,0.0,1,True,56000.0
251.7603383415083,-50.99291592216181,-0.7390344910866714,-0.2154544350364065,0.7235999249171017,0.6902196379848646,0.0,-1,False,56000.0
-278.93102538437165,62.23342962187717,0.9202930314745219,-0.1380565192034214,-0.9163361255076903,0.40040992131757275,0.0,5,True,56000.0
-67.12298703305241,8.433151218356914,-0.677819682360963,-0.36490145354146714,0.9583137013998652,0.2857181298225021,0.0,-1,False,56000.0
-40.386967186365794,123.9249163958437,0.6227585266840974,-0.6534013985052821,0.18556474658747063,0.98263203938398,0.0,5,True,56000.0
44.86025381799472,53.26031750140119,-0.6626908353548424,0.5842366110240288,0.8854214188228899,0.46478910388438965,0.0,2,True,56000.0
139.52680705016436,97.33427647916035,0.9892888142019033,-0.018552318011613493,-0.4025306002310738,0.9154065303883295,0.0,5,True,56000.0
150.23613601214095,-41.012324138967166,0.6625244281312214,-0.3919872124470269,-0.5257876425679977,0.8506158680172652,0.0,-1,False,56000.0
59.9285394563397,3.8975151322127726,0.6693389864165395,0.5727216756087764,0.014287138563136459,-0.9998979336270579,0.0,0,True,56000.0
-167.7988945167836,-86.69482157273538,-0.7528169640573041,-0.42813357702187327,0.9073238338887449,-0.4204324683672768,0.0,3,True,56000.0
-140.8505508251338,164.20028860009933,0.7129050910355673,-0.2904460772125558,-0.9707206806892188,0.24021107402085312,0.0,-1,False,56000.0
-25.471431503324364,301.62911490207796,-0.6961586026741403,0.5262687376111116,0.30087490291338176,-0.953663616164977,0.0,2,True,56000.0
-206.0694966522155,-16.28016242404217,-0.36788484843792446,0.8660254037844384,0.6186735040201061,-0.7856482008020456,0.0,1,True,56000.0
-156.6402661473345,186.82745535708244,0.5523067415528968,0.7754274698364472,-0.03835857279333016,-0.9992640391274282,0.0,0,True,56000.0
-146.00747638285833,-49.206597716062404,-0.4320335550218421,-0.8660254037844388,-0.6691394011418517,0.7431369065249807,0.0,4,True,56000.0
-96.96546152378167,36.6529900778262,-0.6681177017156282,-0.3823759004524463,0.8663339202515613,-0.4994652526668441,0.0,-1,False,56000.0
24.823954857238977,-143.29555920815002,-0.7703141889314519,0.39782749454839167,0.9351102624372849,0.3543568781390631,0.0,2,True,56000.0
-136.30704521506271,-77.65910990006952,-0.942127388142485,-0.10023830410392862,0.9998166071865737,-0.019150770060867003,0.0,3,True,56000.0
-186.47723668643695,-16.017592511440867,0.04961635499288758,0.7681997200662156,-0.9160104858519703,-0.4011543216883527,0.0,-1,False,56000.0
-107.81358239487338,-25.228072183014945,0.35398875321849954,-0.6835821495529302,-0.944018884294909,0.3298914156121437,0.0,-1,False,56000.0
-266.4098181581889,-9.63799496752404,-0.41184114222470003,-0.8660254037844387,-0.8764217967009778,0.48154421839268,0.0,4,True,56000.0
-77.37180551277278,173.69261978289381,0.7482858902783023,0.18072304502470343,-0.5821014481099633,0.8131161688887202,0.0,-1,False,56000.0
218.8386217728501,5.70148642191821,0.7647063644042983,-0.0884124925118214,-0.9903407272360871,0.13865512604118396,0.0,-1,False,56000.0
-162.77874909353346,-62.67494393665603,-0.9524135310813745,0.0824221819198573,0.18048965021661534,-0.9835768837079746,0.0,2,True,56000.0
-144.45868303377705,49.11473632284691,0.7652578870183828,0.40658526636023506,-0.5282382956801086,-0.8490961682736347,0.0,0,True,56000.0
144.07033024719684,107.82264465453989,-0.7148295988276604,0.49392962364529186,0.4301603096478236,-0.902752517583689,0.0,2,True,56000.0
-33.247325354888204,146.43477346041414,0.4307822700807628,-0.8660254037844387,0.7513439737099665,0.6599107766734202,0.0,4,True,56000.0
100.863170453988,-116.70344447940185,0.37840675439148536,-0.8660254037844387,0.6341467095700548,0.773212746106452,0.0,4,True,56000.0
-8.118504929760809,60.48462841378116,-0.7880127218873471,0.3671727362493491,0.9984564912106565,0.055539491888973946,0.0,2,True,56000.0
-29.311337602752563,-44.386082788013525,-0.7427615679362419,-0.20223215814871745,0.18492729794011764,0.9827522040049306,0.0,-1,False,56000.0
92.73611102582447,-105.4211404564281,-0.9382177495440613,-0.10700999679563118,-0.25857301767891894,0.9659917155588911,0.0,3,True,56000.0
-12.673809314432507,46.75967683691061,0.3837599277832122,-0.8660254037844387,-0.5781558563012507,0.8159263482843002,0.0,4,True,56000.0
92.31058609374779,-78.8605262677991,0.0064677007648800845,0.8660254037844386,-0.10774069820758282,-0.9941790291238967,0.0,1,True,56000.0
-62.3892521768974,26.746535790584552,0.3296352681046605,-0.8660254037844386,-0.9503875019967088,0.3110684748547283,0.0,4,True,56000.0
50.08728137501147,-214.37936678378614,-0.24007783776570574,0.7314063333102441,0.9622036835206528,-0.2723308124676387,0.0,-1,False,56000.0
51.943422639638655,20.49469386825464,0.41266325534060183,-0.6498473899957509,-0.897340119592568,-0.4413396761787736,0.0,-1,False,56000.0
200.12888588423925,15.71212023230463,-0.6566597221928498,-0.5946828054467974,0.1901229094511684,0.9817602962545484,0.0,3,True,56000.0
119.5184801279267,-24.313660090326554,0.3950412863295892,-0.66070793448214,-0.17937963988698247,0.9837799270131566,0.0,-1,False,56000.0
170.3719506455831,6.9509625101124035,-0.8719809472529236,0.22173550369477663,-0.2251869512975799,-0.9743155736029749,0.0,2,True,56000.0
149.0351274767614,26.185317847544383,0.18132821938377022,0.8660254037844386,-0.43583975663932184,-0.9000242810794461,0.0,1,True,56000.0
-89.16039653440309,-284.66394345046666,0.7214030612905366,0.2686451483895338,-0.5721762293960005,0.820130698434194,0.0,-1,False,56000.0
96.63677994845642,356.8610692322098,-0.24710332155179113,0.8660254037844386,0.01825483478379586,-0.9998333666201655,0.0,1,True,56000.0
-24.192276011631222,-175.19198455743785,-0.5562439070370935,0.7686080991800119,0.30237620899414414,-0.9531886635049305,0.0,2,True,56000.0
-67.96470789257208,-80.62684648592169,0.9297140889964893,0.12173876891434508,-0.9894683154058886,0.14474962109742284,0.0,0,True,56000.0
129.4050036205998,-66.80373628543036,-0.4603220828169036,-0.6170058125039829,0.07753581801264176,0.9969895671094662,0.0,-1,False,56000.0
-17.336259491231225,72.5971424927782,0.4656319400003652,-0.8660254037844387,0.9747637904086283,0.22323878002754166,0.0,4,True,56000.0
55.34337729349529,70.88755544103968,-0.06711269656003216,0.7668692708363228,0.8853196235988208,-0.464982971807387,0.0,-1,False,56000.0
114.91581220277628,-15.451073406016558,-0.32447818710327836,-0.6980734192667433,-0.2539932361953104,0.9672059945880398,0.0,-1,False,56000.0
-75.87563893409451,104.16254212133035,0.7015324667021147,-0.31693026165931004,-0.6881587387992393,-0.725560163056267,0.0,-1,False,56000.0
-116.04729048622394,166.8300030190892,-0.40615363437389096,0.6539356374120255,-0.37677284163065816,-0.9263056870221348,0.0,-1,False,56000.0
-83.2055229094947,54.89770510094418,0.5726675017953788,0.7401615986157399,-0.159737430000012,-0.9871595379962527,0.0,0,True,56000.0
104.0451265076922,-99.66016940766634,-0.7311700050653266,-0.24079662847590422,0.9966136326391879,-0.08222692525995168,0.0,-1,False,56000.0
-165.06644278581584,-106.28460004630838,0.06259967912320519,0.7672508538713164,0.9860378629835491,-0.16652126819966132,0.0,-1,False,56000.0
85.41283594587208,8.132003951647874,-0.6548948068507043,-0.5977397284904513,0.9774351069385466,0.2112359148536115,0.0,3,True,56000.0
27.192585349901975,-354.79495016058894,-0.5839535395154152,0.7206136078684982,0.7388170285412639,0.673906075308321,0.0,2,True,56000.0
65.00822492220766,-197.29735976415645,-0.6096051755789403,0.6761836709092064,0.7010654848790091,-0.7130968979818633,0.0,2,True,56000.0
254.48182554555214,-188.0134307636677,-0.7254267860673577,-0.47557475692881546,0.7203591813732579,0.6936012181442888,0.0,3,True,56000.0
-324.80649936406957,183.97103977264058,0.5445147626295654,0.7889235732231626,-0.5440293254215502,-0.8390662030384626,0.0,0,True,56000.0
115.9413913925599,-84.85586475436641,-0.5965125450043922,-0.6988607722690536,0.5628886661388721,0.8265327274418077,0.0,3,True,56000.0
-9.900097638506608,68.3747972638628,0.06436034204216068,-0.8660254037844387,-0.9458977062117041,0.32446498945715513,0.0,4,True,56000.0
-152.50586371359537,-55.82956085215334,0.7381831221720676,-0.21835354527209003,-0.9976207300788806,-0.06894112645483114,0.0,-1,False,56000.0
125.96084618991475,-98.33027203079709,0.9781299483804131,-0.03788004056927856,-0.9896604851487469,-0.14342985789272952,0.0,5,True,56000.0
-115.6502137325855,187.60131023659568,-0.041761932063288904,-0.8660254037844388,-0.8350881807249718,0.5501161063025258,0.0,4,True,56000.0
91.78309032601224,18.02427244243132,-0.6548230321247519,-0.404721372294,0.44524537094532596,0.8954085992728344,0.0,-1,False,56000.0
35.815722294512085,-80.12163895810524,-0.6011520271263721,0.6908249535129771,0.7441748333144718,-0.6679848931385863,0.0,2,True,56000.0
31.0999149105196,-49.924917761858104,-0.4413866721029695,0.8660254037844385,0.00719429009255762,-0.9999741207601613,0.0,1,True,56000.0
37.360631937712604,-41.35231153852929,-0.7372286611834087,0.4551333096032323,0.07569687369597303,-0.9971308757192566,0.0,2,True,56000.0
194.06511237925562,203.03711603237988,0.4022193981099354,0.8660254037844385,0.1462185398510697,-0.9892523129130439,0.0,1,True,56000.0
144.16599206976096,62.40621676022405,0.584628673743457,0.5008012644049123,0.12963110133285033,-0.9915622913197226,0.0,-1,False,56000.0
251.9638009421243,19.774697897305987,-0.9855816615925269,-0.02497329468246461,0.8101394524021417,0.586237211085713,0.0,3,True,56000.0
-216.79637719115365,-98.12798552677657,0.019792730007071935,-0.8660254037844388,-0.8575402436763508,0.5144168839331497,0.0,4,True,56000.0
247.2163619855696,136.81034758736465,-0.33037521724259045,0.6953019548545103,0.3939353222628647,-0.9191381625597101,0.0,-1,False,56000.0
