xFrame,yFrame,pX,pY,vX,vY,vS,wall,isTorus,time
57.23190609727137,204.73223588190484,0.5748634470645686,-0.7363581098388626,-0.4426632155674855,0.8966879488334337,0.0,5,True,56000.0
152.59372726290826,-106.84035196201101,0.9102304665109873,-0.1554853929747257,-0.9256207397900295,0.3784524356773584,0.0,5,True,56000.0
110.70663726290782,-6.845640461576306,-0.26736249767343123,0.7218794133582261,0.7490167086578632,-0.6625511075766329,0.0,-1,False,56000.0
-123.86577251918669,-266.45833514375556,0.7751297585511502,-0.38948668329968855,0.42622676092237993,0.9046163541929612,0.0,5,True,56000.0
54.811048549929716,26.856472312131935,-0.45425809669833894,0.6214838486852211,0.94806931735588,-0.3180637821064529,0.0,-1,False,56000.0
-44.324116656829275,-29.462985140789225,0.5070688867420183,0.8537817327943127,-0.5756221882937793,-0.8177157796836133,0.0,0,True,56000.0
-26.206763040598894,107.72898809156884,-0.9528392938159088,-0.08168473923167327,-0.42822639623464837,0.9036714854235006,0.0,3,True,56000.0
-132.8381873475482,-146.74479514197884,0.8987084331305408,-0.17544214019616336,-0.8497511989662302,-0.5271839336086611,0.0,5,True,56000.0
199.37482608146428,5.392313045817861,-0.5373197412485531,0.5512531979564201,0.9295656039751624,-0.3686567345186874,0.0,-1,False,56000.0
-222.83434507494908,417.4756081695494,0.1437174301624202,0.8660254037844386,0.3305849892622178,-0.9437762260589392,0.0,1,True,56000.0
42.121541971659276,-100.82416642570443,0.1888322958808502,-0.7462807491989589,-0.7156595235982552,0.6984493154716156,0.0,-1,False,56000.0
-66.75381299749994,-21.982298818992067,0.735560636987266,-0.22703114743902367,-0.25426493353410834,0.9671346046826024,0.0,-1,False,56000.0
-146.5102321075716,-61.624446379856444,0.9710398592345622,0.05016043520008537,-0.9914819579371519,0.1302441057586872,0.0,0,True,56000.0
134.91154543931978,41.44592158850854,-0.4845994570530235,0.8660254037844385,-0.5696649760573628,-0.8218770072542513,0.0,1,True,56000.0
21.032760167151398,-17.757976532819217,0.15507675889350914,0.8660254037844386,-0.7854768229284804,-0.6188910733253347,0.0,1,True,56000.0
127.82018688084285,118.14792999377855,-0.3175965399542926,0.8660254037844385,-0.9272777569664976,-0.3743740929000825,0.0,1,True,56000.0
20.402223157053136,34.07002865674613,0.8212609611210692,0.3095850966343374,-0.9922884710495874,-0.12394995047076207,0.0,0,True,56000.0
-83.73972109160201,91.49477609062033,0.610155012322015,0.675231325734333,-0.901294387775988,0.4332071404804075,0.0,0,True,56000.0
89.18292851572488,-28.11842085380942,-0.9538919639644707,-0.07986146105075334,0.830378038757001,0.557200424218903,0.0,3,True,56000.0
65.62544134001165,167.85315547020497,-0.7665003825067287,0.07120222053862507,0.80691146071448,0.5906724088420671,0.0,-1,False,56000.0
73.5395435233351,-165.4504637406799,0.28874704344030255,-0.8660254037844388,-0.6491147435553137,0.7606905084847319,0.0,4,True,56000.0
-142.4666494369165,234.9004270067707,0.9786748539667695,-0.03693623640838067,-0.539376483046317,0.8420647300155496,0.0,5,True,56000.0
-81.17972103154796,-89.99794928175292,0.4640573094971641,0.8660254037844386,-0.5376905808059224,-0.8431422414470211,0.0,1,True,56000.0
260.2595372036552,-75.08171075673911,0.611760505909317,-0.6724505292699001,-0.9984905482709564,0.054923810986355265,0.0,5,True,56000.0
33.338545434255515,-27.487762275829187,-0.7294242719179238,0.24603419300901846,0.9339633920027268,-0.35736869252689013,0.0,-1,False,56000.0
-192.46931558627557,11.281886645975776,-0.16894846273355646,-0.7510319630565402,0.9139512950377053,0.40582389074407554,0.0,-1,False,56000.0
-158.40795838747948,-155.31369753877001,0.18896738703137161,-0.8660254037844388,-0.6832888025334845,0.7301482125787586,0.0,4,True,56000.0
138.77087812739398,-114.27764943516443,-0.1906336366157417,0.7458226392268137,0.30404274496075157,-0.9526583906293044,0.0,-1,False,56000.0
-172.07461586488262,-73.46748285911409,0.7405661569637909,-0.2101293881218762,-0.8989609753058045,0.438028726086487,0.0,-1,False,56000.0
362.18554323961155,163.08373028803035,-0.7807181342593644,-0.3798073326412778,0.5730162315920619,-0.8195440185442717,0.0,3,True,56000.0
-38.268968359772906,67.38104368952418,-0.03715142027820362,0.8660254037844385,0.9383236264015467,-0.3457582567867208,0.0,1,True,56000.0
136.8573792224052,-134.41212160956303,0.2455620311250558,0.8660254037844386,-0.4082953149312088,-0.9128498977405114,0.0,1,True,56000.0
42.33489689594302,96.87154802410109,-0.8403034227726234,0.2766025855526636,0.9566549456165072,0.29122382290445925,0.0,2,True,56000.0
102.85944611252145,-322.1688063677084,0.6354016664176995,-0.6315028381194907,-0.8776207147596233,-0.4793556936393544,0.0,5,True,56000.0
-141.0609391651923,2.914493607242593,0.7695879782231572,0.3990853283921586,-0.8615067362969521,0.5077461406201136,0.0,0,True,56000.0
66.05271553740562,73.49384093267923,0.9616812245310488,0.06637006599604804,-0.9897299692163206,-0.14294959963135806,0.0,0,True,56000.0
41.173639314110716,78.05548657913614,0.3673525036241736,-0.6764944424558443,-0.6724026031758131,0.7401856113449149,0.0,-1,False,56000.0
43.41140538075815,-32.56873781789666,0.7308224806465299,0.4662291397755652,-0.8207711478842998,-0.5712571424502189,0.0,0,True,56000.0
-276.1923072411791,0.9868597761440105,0.6603623365354703,-0.39561872690509303,-0.3339493835473154,0.9425910084591681,0.0,-1,False,56000.0
66.04833137347656,170.53627064863102,-0.19575248983588886,0.744495503892161,0.8553637641817786,-0.5180278283300869,0.0,-1,False,56000.0
-113.48638481287276,73.89365066278974,-0.768365882034841,-0.046973012649955834,0.9461991403723893,-0.32358489884135266,0.0,-1,False,56000.0
-106.55480319614213,-74.55410718899238,0.629143566288048,0.6423421855029003,-0.650669889401159,-0.759360714697683,0.0,0,True,56000.0
21.769749594030696,-133.9989414145317,-0.5300332110043866,-0.5582628304167955,0.3814150863706254,0.9244038792046372,0.0,-1,False,56000.0
-1.636635784176891,-0.0616826587833994,-0.7080675878410583,-0.30204781681306264,0.7221277924219116,-0.691759677497562,0.0,-1,False,56000.0
44.18525761742996,-81.8276940609204,0.9631400776150518,0.06384325833377602,-0.9978012958914259,-0.06627649596190359,0.0,0,True,56000.0
-139.8256286974391,-61.99057431321524,-0.51079413346214,-0.8473294162043331,0.5371393407178185,0.8434935261475631,0.0,3,True,56000.0
4.999516220421217,87.45790179686857,0.36578791116378856,0.6773417133463911,-0.964190854300693,0.2652093446366833,0.0,-1,False,56000.0
-4.4860583666087965,278.5031743925527,0.29784395848496303,0.7098461586756668,0.010534687678749322,-0.9999445086378952,0.0,-1,False,56000.0
-139.24831785898084,96.21694266877826,-0.7667191613837673,-0.06880639621114484,0.5677720265174118,0.8231858392270501,0.0,-1,False,56000.0
218.36757351299798,-68.30586255405821,-0.10235243334613742,-0.8660254037844388,0.8399587510682335,0.5426502524679135,0.0,4,True,56000.0
-66.3217953996305,138.37344433705448,0.05578271733489479,0.8660254037844386,0.7538063033354051,-0.6570966877494835,0.0,1,True,56000.0
-107.3200953818168,-122.6349786349086,-0.6673185535175067,0.5762211680431846,0.977111980152074,-0.21272559376540287,0.0,2,True,56000.0
-120.0273379154582,365.02978305299087,-0.4566341224216662,-0.6197401639661473,0.22951606001324437,0.9733048742278048,0.0,-1,False,56000.0
217.05899060894814,156.587581161733,0.6145735161427304,-0.6675782526234162,-0.9829339613098511,0.18395876631270627,0.0,5,True,56000.0
-31.582859460339698,79.18171857251912,0.37262371277561096,-0.6736053453394735,-0.07933087573751507,0.9968483395955138,0.0,-1,False,56000.0
39.56009698471133,-29.013273198657647,0.7654887638368616,-0.4061853759803395,0.2601828438870981,0.965559365210888,0.0,5,True,56000.0
-18.489690986028275,-121.11349242380956,-0.760857162096144,-0.41420754551568717,0.9846500523405384,0.17454017997393928,0.0,3,True,56000.0
-24.384623788373027,-18.43299828414711,-0.7692676529388577,0.028633384964645403,0.6713803526614949,-0.7411129617404905,0.0,-1,False,56000.0
10.949083186673064,1.9156519550698368,-0.7122591322212259,-0.29202657611946653,0.8621462099893787,-0.5066595628235999,0.0,-1,False,56000.0
6.47647539591028,-176.96087289742502,0.6647070188097111,-0.5807444788428162,0.24284185546116444,0.9700658911825919,0.0,5,True,56000.0
-159.59679404946374,-1.5253607039690884,0.9529518791633097,-0.08148973568978686,0.21826876008216262,0.9758886967128676,0.0,5,True,56000.0
81.7461929332059,-163.6871433567495,-0.598403964616309,0.6955847374027817,0.9866308227766432,0.16297122306314812,0.0,2,True,56000.0
53.42117367228352,-102.36383697701633,0.9989065874729085,-0.0018938460505545482,-0.9941998983391807,0.10754795275609955,0.0,5,True,56000.0
22.69923911039779,-70.47030135171332,-0.5460099692601359,-0.7863337993712014,0.7386123391949251,0.6741304120038825,0.0,3,True,56000.0
74.19375617372415,-110.82900110889769,0.7439079918521196,-0.44356436952447154,0.06559902008796309,0.9978460645626117,0.0,5,True,56000.0
-122.2040406614445,18.363832208476712,0.6860108945800141,0.5438450836105161,-0.4405715117990851,-0.8977175184826789,0.0,0,True,56000.0
82.44537021837778,34.091994532019655,0.8810820182534188,0.2059719863186272,-0.5950288340481561,-0.8037043527634515,0.0,0,True,56000.0
102.44671734305473,222.06012928176284,0.08448107978853694,-0.8660254037844387,0.47469511980118406,0.880150295822524,0.0,4,True,56000.0
-46.21337152047655,152.71938981549226,0.7151784743608972,0.28480228651366524,-0.8249240069569623,0.5652436490095365,0.0,-1,False,56000.0
142.5999911508968,309.6177703357259,0.5495802018720062,0.7801499750926022,-0.9989443227738144,0.04593734861272909,0.0,0,True,56000.0
-94.94438622955033,-190.2783208802458,0.9757451743300876,-0.042010590389013606,-0.9806821773733958,0.1956079420215164,0.0,5,True,56000.0
-72.94969177821652,30.69222552058181,-0.1645378107411959,0.8660254037844385,0.9441189610026254,-0.32960489601193493,0.0,1,True,56000.0
-26.959430704690337,-89.96247565196641,-0.5662805412804194,-0.7512241387335865,0.7615823097179737,0.6480681951186525,0.0,3,True,56000.0
-30.795518645113248,35.288401191494735,-0.7692379091286152,-0.02942162048610729,0.9017282372968335,0.4323033495835121,0.0,-1,False,56000.0
45.93149245955149,12.815231478670334,0.6887292342874014,-0.5391367811250889,0.1739236224459767,0.9847591449460622,0.0,5,True,56000.0
-87.07567562570767,-22.879886868943796,0.2640578355583493,0.8660254037844385,0.45355258594384695,-0.8912295168941499,0.0,1,True,56000.0
64.11560186699323,-89.09522652181043,-0.930151074010034,0.12098188866873999,0.9927079528269831,0.1205442673615453,0.0,2,True,56000.0
44.23080236389963,-83.84614018690189,-0.2823225668468896,0.716160988075709,0.9969857880232289,-0.07758439585001059,0.0,-1,False,56000.0
77.64960834504006,-53.20764903977588,0.9811427154809467,-0.03266177487978243,-0.7481286363587709,0.6635537231148271,0.0,5,True,56000.0
-37.89214833158765,-239.29787596918126,0.6931962404129017,0.3347709140143613,-0.14602020238865077,-0.989281608286535,0.0,-1,False,56000.0
-158.9863814293943,-56.435637788166225,0.733895311071348,0.46090684135673676,-0.0857346690828788,-0.9963180047138008,0.0,0,True,56000.0
12.019770117244533,-72.42352319381637,-0.32473831503971984,0.6979524477625649,0.5499399900345087,-0.8352041710626503,0.0,-1,False,56000.0
8.31912465218157,-195.4331877651732,-0.7829082977075964,0.37601385827206013,0.9756852310886153,0.21917648102649984,0.0,2,True,56000.0
-176.80846911582142,-108.92948032339785,0.8806135253617843,0.20678343980992311,-0.8426841675055485,0.5384082037220342,0.0,0,True,56000.0
-220.4713351316477,-77.85083145777762,0.9782306751109664,-0.03770557675427964,-0.44764346519166404,0.8942121269983578,0.0,5,True,56000.0
-7.414379227606199,-45.67159310911293,-0.5377640665346952,0.8006161218459348,0.9850733684622285,-0.1721350015135686,0.0,2,True,56000.0
37.942133326416965,403.4532173634843,-0.6303890452317805,-0.44181698048440443,0.0742138147738795,0.9972423525384052,0.0,-1,False,56000.0
56.91342873266496,-38.62098259119596,-0.7795266897730364,-0.38187097502599615,0.8807085582008963,-0.4736585642753358,0.0,3,True,56000.0
-53.36435218031199,59.62570213304027,0.7284905737898405,0.4702681209298695,-0.9851510594677126,-0.1716898075870425,0.0,0,True,56000.0
-102.1532765244961,-193.64258748268162,0.9459353134677119,-0.09364278396920717,-0.8558399844102067,-0.5172406800363065,0.0,5,True,56000.0
162.90533715268194,-86.37070844095278,-0.8513381883499215,0.25748981092317097,0.9975168231978728,-0.07042859814627367,0.0,2,True,56000.0
127.80634256606713,-126.15122491935047,0.16684936571972583,0.8660254037844386,0.7365540407849682,-0.6763786994007355,0.0,1,True,56000.0
80.43179132793328,146.58440545093092,-0.3678260464499653,0.6762370827938826,0.7245058374582798,-0.6892686642293153,0.0,-1,False,56000.0
187.96096939446466,-163.095531091372,0.7753181468802789,0.3891603851420852,-0.8627121351589567,0.5056953350083102,0.0,0,True,56000.0
254.88941023159515,-199.6014731616911,-0.8957557001067258,0.18055642381459805,0.9828248607654971,0.18454076259985824,0.0,2,True,56000.0
5.130647649881659,79.34110580341577,-0.8938320392404348,-0.18388830217154564,0.9475837781136542,0.3195074075128784,0.0,3,True,56000.0
130.25242655281008,36.190043146186525,0.9843260406336015,-0.027148093978371944,-0.9999916199219788,0.004093908332581005,0.0,5,True,56000.0
144.41726193950146,93.63095204941634,0.5740597529808278,0.5128820455038209,0.011083729806476816,-0.999938573580011,0.0,-1,False,56000.0
-133.71927549711796,108.46237993692387,-0.1404404024738038,0.7568811570818688,0.4943325343929289,-0.8692728831847536,0.0,-1,False,56000.0
15.147966044529994,28.392761754316822,-0.6519372414071187,-0.6028623821054515,0.5286325892215739,0.8488507440136374,0.0,3,True,56000.0
-30.352084070748656,-216.45486805863894,0.5062544962303528,0.5799129052186578,-0.29148822978387834,-0.9565744152428206,0.0,-1,False,56000.0
-189.20241342593891,102.00434626057906,-0.38065942219548443,-0.6690971505591639,0.9221028252029417,0.3869449311625115,0.0,-1,False,56000.0
-61.561351018574626,-91.59702742767142,-0.7134224864216199,-0.2891728695098932,0.8436335605343642,0.5369193752694114,0.0,-1,False,56000.0
160.9543447940527,-48.48778962446779,0.5547676601459345,-0.5336903932513657,0.20441452368149204,0.9788844173382134,0.0,-1,False,56000.0
137.90858662086976,-4.250131450311899,0.6114679631661245,0.6729572281644949,-0.6355829112979098,-0.7720326177473098,0.0,0,True,56000.0
111.2440961798489,95.85473890694755,-0.6101609427850527,-0.6752210538710394,0.8887972336552848,0.4583006408968357,0.0,3,True,56000.0
98.81475730504353,-24.467266704101263,0.7697584142180016,-0.008035940093089264,-0.916781059195433,-0.3993901469743247,0.0,-1,False,56000.0
-90.2854697181882,-62.81983041935379,-0.6177257905787779,0.6621183531407822,0.2858786343801962,-0.9582658328483425,0.0,2,True,56000.0
-99.07040912515633,-96.69679543201279,-0.8777342485608889,-0.21177049351812824,-0.3936515855623831,0.919259718025278,0.0,3,True,56000.0
-6.600983922745166,-69.68476382658521,-0.22185172570391323,0.8660254037844386,0.6299010589444447,-0.7766753864648552,0.0,1,True,56000.0
138.90613883373095,-115.25789783101058,0.8993975932591405,-0.1742484798388784,-0.5506781819300344,0.8347176408497748,0.0,5,True,56000.0
-25.669989466323436,-16.242227697751172,0.7666980687485352,0.06904103106022288,-0.95811445385476,0.2863855675732529,0.0,-1,False,56000.0
94.44585691622035,175.89519128240377,-0.4307634046140728,0.6379933242894357,-0.5171500420615558,-0.8558947563779679,0.0,-1,False,56000.0
-26.593679917342655,10.040723401200035,0.8691395710384857,-0.2266569116616003,-0.2894530307325274,0.957192218417692,0.0,5,True,56000.0
170.98328743041213,-101.38301375233482,-0.15182306596232176,0.7546802960422333,0.9027572981016861,-0.43015027690757246,0.0,-1,False,56000.0
-39.37538831750542,-23.97846459948411,-0.7696535677866522,0.015032570833682063,0.9383930456857636,-0.3455698074315233,0.0,-1,False,56000.0
-9.073529651959898,302.8227093072007,-0.4504336906948835,0.6242612296783923,-0.5129335586047715,-0.8584283106099415,0.0,-1,False,56000.0
175.44570632374933,304.9663736883202,-0.09477088485832219,-0.7639444168103874,0.11491577473651768,0.9933752386265245,0.0,-1,False,56000.0
88.46824348533151,111.67040561633499,0.7693862817104915,0.025245635430637348,-0.7267005986902954,-0.6869543215256693,0.0,-1,False,56000.0
91.78317728238223,-69.16149313282595,-0.6265409790042824,0.6468499989095149,0.9776126463160356,0.21041272243500359,0.0,2,True,56000.0
-114.8048574949981,-55.44129397029907,0.43691821590827223,-0.8660254037844386,-0.24089087004531512,0.9705522081415334,0.0,4,True,56000.0
253.51610784218798,3.134677539571225,-0.03057905447569606,-0.8660254037844387,0.8405488740228912,0.5417357200503289,0.0,4,True,56000.0
367.57582335666984,87.24737232838626,-0.26609222546805844,-0.7223486139933046,0.8355006035803916,0.549489528031513,0.0,-1,False,56000.0
-40.17877576032963,-9.91027636817722,-0.019412532736447552,0.8660254037844386,0.5562954870053153,-0.8309845552940364,0.0,1,True,56000.0
348.9088680006486,-62.14774682099147,0.9198995788997708,0.1387379990532594,-0.9831024414335365,0.18305624722208771,0.0,0,True,56000.0
87.35448674513076,-163.77068574886897,0.06019590731222796,-0.7674431870408714,0.848869001191196,0.5286032716662232,0.0,-1,False,56000.0
197.48315798629886,173.9653536638673,0.7600162662675424,-0.1223432368434659,-0.7316773150510297,0.6816511619878309,0.0,-1,False,56000.0
158.91972541076876,-134.6840074042938,0.5691111884091744,0.7463213140882835,-0.5780728216294272,-0.8159851793342013,0.0,0,True,56000.0
-17.637489122242993,-28.336582738777363,-0.8831524990764015,-0.2023858083371241,0.7508636124416751,-0.660457292722719,0.0,3,True,56000.0
42.263635598235254,-144.02779977059953,0.5662610837789237,-0.7512578401147647,-0.560314982020522,0.8282796151801145,0.0,5,True,56000.0
-92.69265235603274,103.44913903608014,0.6296962598110941,-0.6413848922399704,-0.9203122745282474,0.39118450551139056,0.0,5,True,56000.0
-110.30251793571698,20.47624834318095,0.6608290127728924,-0.5874613823306449,0.07524376751767475,0.9971651695929895,0.0,5,True,56000.0
122.75043204439393,-36.11625335455473,0.6142229733123048,-0.46402880476106656,-0.27782833958988234,0.9606307374429812,0.0,-1,False,56000.0
70.30729874287084,224.20972019919023,0.8948524422925939,-0.18212091224100763,0.23347290455214356,0.972363308048828,0.0,5,True,56000.0
34.58466254067191,13.905934830378639,0.8222098607994366,0.3079415541801193,-0.8574902348505723,0.5145002401705443,0.0,0,True,56000.0
85.63943331970526,-276.8271579909132,0.07182841164250164,0.8660254037844386,0.9410981981275199,-0.33813337824112266,0.0,1,True,56000.0
93.92233248491848,-104.58907879655548,0.9638837841196307,0.06255512088192575,-0.9752039593795773,0.22130801524141425,0.0,0,True,56000.0
-67.56372295989084,95.63926815402283,0.5158130030844239,0.8386364790219732,-0.9336608772065433,0.3581582979263763,0.0,0,True,56000.0
41.51794924143705,34.38744517572407,-0.511330314522203,-0.5754423533623654,0.9197351314527572,-0.3925395368255992,0.0,-1,False,56000.0
-148.50150267526038,273.28548246414493,0.21000623719993325,-0.8660254037844388,-0.6633257825097727,0.7483307465669113,0.0,4,True,56000.0
106.7514531802259,125.82541238393618,-0.762861814566711,-0.4107353855851469,0.8383202837357872,-0.5451780460333517,0.0,3,True,56000.0
252.9053542079227,-10.059503068416848,-0.7501429652531169,-0.17285289778841845,0.23669412842048454,0.9715842164068431,0.0,-1,False,56000.0
-308.1609143690136,-28.040295736638406,0.7556451230619574,0.14694570624986505,-0.9824490707589502,-0.18653102520624576,0.0,-1,False,56000.0
-60.020223654181954,31.375643215739103,0.4251277880658298,0.6417623831347918,-0.9976030511553455,-0.0691964762487583,0.0,-1,False,56000.0
175.89475909016753,-100.16283655215359,0.4728858454321816,-0.8660254037844386,-0.2264134584664106,0.9740312858552829,0.0,4,True,56000.0
212.19598133273703,84.99586190530442,-0.4409528791283645,-0.8660254037844387,-0.41881350011032464,0.9080722725229289,0.0,4,True,56000.0
50.51895903623514,23.339206814079013,-0.3015650713573603,0.8660254037844384,0.8329106562186586,-0.5534074798528703,0.0,1,True,56000.0
24.937690048327493,-112.16170044643862,-0.5120697826719006,-0.8451199269603925,0.37305991878472583,0.9278072520712295,0.0,3,True,56000.0
-21.49339630319404,108.22755386348886,0.44086695743021104,0.8660254037844385,0.26598627279857123,-0.9639768164652084,0.0,1,True,56000.0
-387.04138184758887,-211.0351228742803,-0.917721504993555,-0.1425105337214649,0.9722486978299623,-0.2339497158954984,0.0,3,True,56000.0
-97.69600190545962,-139.52005514490324,-0.4180793520601852,-0.6463762433548499,-0.3745871642076511,0.9271917042394395,0.0,-1,False,56000.0
-117.1163821784336,-183.748560581115,0.22482911627116037,0.7362366882119645,0.5098243484190811,-0.8602785210375787,0.0,-1,False,56000.0
76.37359697750263,-248.69439587004993,-0.7658520712759692,0.40555610903703787,-0.1834164080792225,-0.9830353102747709,0.0,2,True,56000.0
22.98781668360253,-1.6668797331524443,-0.10658471081943062,-0.7623859206544483,-0.24868469666955767,0.9685844938061886,0.0,-1,False,56000.0
-126.87867750134853,134.920859228442,0.6484033434335793,-0.608983272944386,-0.8865383374615559,0.4626551374517028,0.0,5,True,56000.0
72.62117545096774,-60.994338142610566,-0.5354195039693703,-0.8046770233306021,0.9795779644554541,0.2010646949441135,0.0,3,True,56000.0
-34.80234193197701,-263.49002189910146,-0.9797234512579763,0.03512001262333211,0.8297283225758721,-0.5581674575923135,0.0,2,True,56000.0
80.91413347280071,144.91067827415566,-0.36831908914858924,-0.8660254037844388,-0.8170428796466741,0.5765769097165554,0.0,4,True,56000.0
86.67583706665164,-59.212845476973456,0.7631670977674204,0.10083934489000257,-0.3921711893594542,0.9198922536014581,0.0,-1,False,56000.0
95.05468790805011,-217.0601195063056,0.392145399507871,-0.6624308101510712,-0.8486534481882938,0.5289492649372973,0.0,-1,False,56000.0
27.64858397742438,68.22634417577137,-0.7041043113366913,0.31117472800610935,0.09342398810820116,-0.9956264151003847,0.0,-1,False,56000.0
105.07088736717881,-51.823830338772254,-0.663734515933231,0.38993471883312975,0.9510231476876395,0.30911967352781716,0.0,-1,False,56000.0
400.7704568389098,0.7518988113264549,0.5856904511910092,-0.7176051885981097,-0.7601616264807494,0.6497340237556576,0.0,5,True,56000.0
28.190006561924967,-214.2291265016024,-0.2650552511570553,0.8660254037844384,0.6958712298986791,-0.718166576358805,0.0,1,True,56000.0
19.7714657717673,-108.01894736901629,-0.13206352046939218,0.8660254037844386,0.8063387215559038,-0.5914540270546977,0.0,1,True,56000.0
-85.64013251694408,-7.151335367868098,-0.9606492192475187,0.06815755158080136,0.7031344616857587,-0.711056909670104,0.0,2,True,56000.0
17.782845212399682,155.3994601916569,-0.7697839334079595,-0.005028763223947796,0.731162422540593,-0.6822034241076022,0.0,-1,False,56000.0
-85.65658806772755,237.05448181285107,0.8648329323260227,0.2341162287214299,-0.8688494055671114,0.4950764692905687,0.0,0,True,56000.0
-117.71381281999402,189.51244161012642,0.6228270697699687,-0.653282678398045,-0.9834217462054767,-0.18133303364186604,0.0,5,True,56000.0
313.20529911509294,304.344375405688,-0.4354915571092338,-0.8660254037844388,0.5199796549477569,0.8541786455069532,0.0,4,True,56000.0
7.024164441323799,-44.454329028416595,0.6087049963806369,0.47124390709466046,-0.5286832026885121,-0.8488192217396084,0.0,-1,False,56000.0
-193.42222942614274,-43.508198867828895,0.14570802219965634,0.8660254037844385,-0.4662086851037841,-0.8846747774936943,0.0,1,True,56000.0
-145.34686399026592,-34.60581495088425,-0.625088227285078,0.44928532215307343,0.050064680655563465,-0.9987459775891468,0.0,-1,False,56000.0
11.995627863615963,119.21894986317972,0.7533125109607124,-0.15847035502786957,-0.9125960042032942,0.40886248679952975,0.0,-1,False,56000.0
-78.14052641030418,-254.99421261818452,0.6088798801997862,0.4710179233112963,0.3513815445884959,-0.9362323483635218,0.0,-1,False,56000.0
-144.27975593833716,114.81915394717862,-0.5371378591038778,0.5514304243600412,-0.49572821994872096,-0.8684777095274423,0.0,-1,False,56000.0
-86.3595245286684,166.50062697787118,-0.7660717818112202,0.07567441909373829,0.5355940987739032,-0.8444755540323438,0.0,-1,False,56000.0
125.15107395326972,-230.36647984827692,0.9016764660892768,-0.17030135631309368,-0.9668866202942191,-0.25520631554816964,0.0,5,True,56000.0
167.05200777030683,-243.40595111328088,-0.6361738152912144,0.6301654370395555,0.980829786486539,-0.19486644128821,0.0,2,True,56000.0
-90.58186058454045,275.8173339152451,0.3167231055346497,-0.8660254037844386,-0.6855152219590648,0.7280582946866542,0.0,4,True,56000.0
225.16460079913864,-129.92972522991823,0.7696375590949129,-0.015830989325265374,-0.8804640831849642,-0.4741128538870187,0.0,-1,False,56000.0
145.6828940757124,36.97409670892992,-0.2881223112905376,0.8660254037844385,-0.6140756034369786,-0.7892472066869217,0.0,1,True,56000.0
121.81363198749787,128.61778442287346,0.23113391056612176,-0.7342817633436122,0.5737530469802866,0.8190283518172392,0.0,-1,False,56000.0
215.6876415892691,-121.6723035388919,-0.5469242455271517,-0.54172544914112,-0.0075106745091327864,0.9999717944862261,0.0,-1,False,56000.0
39.86042432179669,-156.86439656443588,0.6643684720458884,0.5813308590384954,0.031275590143140186,-0.9995107990716332,0.0,0,True,56000.0
164.4765174166465,104.10840288269813,0.1337084430667122,0.8660254037844385,-0.37018670504813195,-0.9289573743747894,0.0,1,True,56000.0
11.509423970938276,85.78949391351775,-0.15902818949796624,0.8660254037844386,0.20980222184798825,-0.9777438456504662,0.0,1,True,56000.0
-146.3711376437857,-50.16926209849277,-0.3627852148788383,0.6789546969112943,-0.13508252117011665,-0.9908343516824233,0.0,-1,False,56000.0
-108.60590197509865,-133.06017628397444,-0.4578154768194006,0.618867984126839,-0.3522169072123193,-0.9359183993668649,0.0,-1,False,56000.0
197.5059865072785,-201.75451301272562,0.711718320516363,0.4993185157569459,-0.98593354050842,0.16713782845347852,0.0,0,True,56000.0
-288.29784798716923,128.36706450358173,0.5536452364966238,0.5348546949379709,-0.43420881865458866,-0.9008122455884895,0.0,-1,False,56000.0
27.842782404283806,-67.54337759882362,0.9368227478747083,-0.10942621056359383,-0.9981909847161947,-0.06012285780714932,0.0,5,True,56000.0
-69.36704606356955,-32.692600299929154,-0.49150781162143,0.8660254037844385,0.4407402369883319,-0.8976346937919599,0.0,1,True,56000.0
22.923759570264043,-68.53724727137904,0.22117917965056322,-0.8660254037844388,0.9898559484829474,0.1420746326851801,0.0,4,True,56000.0
-6.367392562214688,-55.104559232523094,-0.9769257113904292,0.039965840220284335,0.9989629499258942,-0.04553048072453092,0.0,2,True,56000.0
140.10343626709457,63.96171387299514,0.6017954596641563,0.6897104956662915,-0.5999557931536507,-0.8000331532261068,0.0,0,True,56000.0
140.63879220414097,-28.666473144410606,0.21204050524839074,0.8660254037844386,-0.2759404743275657,-0.9611747263778142,0.0,1,True,56000.0
-11.00230656121531,-94.3675424055793,0.13707463823798333,-0.8660254037844387,-0.33610567091164645,0.9418242819023244,0.0,4,True,56000.0
-218.73525800039593,186.26083248070694,-0.38893998329429225,-0.8660254037844388,0.8094722034380066,0.5871582000285356,0.0,4,True,56000.0
-133.33170646916946,100.44261645172132,-0.3188829065897961,-0.7006470470054347,0.9156690502190855,0.4019330671523794,0.0,-1,False,56000.0
103.97814302232969,-15.93819474038035,-0.3726512052585135,-0.8660254037844387,-0.991462871819951,0.1303893162883848,0.0,4,True,56000.0
-3.069477815120861,-118.18446829919117,0.6436476299389329,-0.42226806777991965,-0.9154193771651521,-0.40250138373700495,0.0,-1,False,56000.0
20.090689243712042,-24.48898805274981,0.7770539045710796,0.38615396463198953,-0.9449598578642766,-0.3271862879535485,0.0,0,True,56000.0
10.35353843790845,89.21569115213005,0.053035508548074484,0.8660254037844386,-0.8917734286309373,-0.452482211791241,0.0,1,True,56000.0
91.36408859699227,152.02771782442534,0.7037480364739973,-0.5131234526690783,-0.08105000162816664,0.9967100366885493,0.0,5,True,56000.0
144.9307353982499,-38.68772092940515,-0.2867035964360183,0.8660254037844386,0.6936032952306783,-0.7203571814348191,0.0,1,True,56000.0
18.481390759705885,-101.86136113181445,-0.7475081842724263,-0.1839133139235239,0.998516024181066,0.05445869492867916,0.0,-1,False,56000.0
-31.194452798082438,90.43446657812738,-0.8570043987679454,0.2476756465927775,0.7366654571916544,-0.6762573505554611,0.0,2,True,56000.0
-100.5640086242013,-13.339119588486172,0.90604712905843,-0.16273114598776087,-0.9439043067167412,-0.3302191087161117,0.0,5,True,56000.0
-60.67126028410599,23.730564741053758,0.893961261245078,-0.1836644830940478,-0.9833354651823879,-0.1818003380475769,0.0,5,True,56000.0
65.54322894491752,-85.78250589970438,-0.5758926295140053,0.5108231316845753,0.4446338691228171,-0.8957124105585091,0.0,-1,False,56000.0
318.30532779626276,-136.6019491286821,-0.05947216536195876,-0.8660254037844387,-0.9827219663461283,0.18508791657052248,0.0,4,True,56000.0
-56.77537129617152,13.63604780506058,0.49347512358338036,-0.5908256045543049,-0.08903659223770688,0.9960283556416853,0.0,-1,False,56000.0
-120.03216249672182,83.33914501510961,0.5065411476914012,-0.8546958036431203,-0.6224504423069571,-0.7826592150300572,0.0,5,True,56000.0
124.21734673128546,-75.62962606756808,-0.5629331191477343,0.525070372387545,0.13751816641588555,-0.990499244777757,0.0,-1,False,56000.0
-17.42798998755295,-7.976516958212625,0.26593278448407676,0.8660254037844385,-0.3269359405776857,-0.9450465019024856,0.0,1,True,56000.0
55.61094434049095,-235.62436163565127,0.9211325826491126,0.13660237391347668,-0.922711320335017,-0.3854916592162794,0.0,0,True,56000.0
-228.0855259908116,238.53335095215238,-0.708390298956632,-0.30129018725595064,0.5627952691433454,0.8265963253181217,0.0,-1,False,56000.0
-209.73852205103597,-266.22209270302744,0.7454160953844194,0.44095225758345435,-0.7841856124358518,-0.6205263292144705,0.0,0,True,56000.0
233.17522199540943,-32.73056783689066,0.1548910794750623,-0.8660254037844387,-0.08540404028418769,0.9963464005569658,0.0,4,True,56000.0
133.37449728794093,106.24388347804101,-0.6710501605858344,0.5697578350069581,-0.0509288750973545,-0.9987022828055108,0.0,2,True,56000.0
-27.432353162589102,-116.75009213261265,0.9620847689157592,-0.06567110661861914,-0.8948982096665676,0.4462703153193559,0.0,5,True,56000.0
126.60586715030338,-12.330978593892652,-0.6982346043420653,0.3241311924080613,0.6933021788786419,0.7206469931677704,0.0,-1,False,56000.0
-82.15322155310518,-49.08457742930884,-0.7289660681377484,-0.24738848820505774,0.9673986284017007,0.2532585512202954,0.0,-1,False,56000.0
-31.379187906683573,-77.44790157004331,-0.597543670765312,-0.6970748100621473,0.5468129011721428,-0.8372548304496795,0.0,3,True,56000.0
-66.6006597703069,-98.76718149635649,-0.4727725556312462,0.6075184797473181,0.8751192593820979,-0.48390730709316054,0.0,-1,False,56000.0
-148.87718322457647,184.22453079816222,0.834935752977489,-0.28589966235608827,-0.7183533329239407,-0.6956784379845886,0.0,5,True,56000.0
-151.23135809977185,1.0600070480765813,-0.8696803571891337,-0.22572024257264836,0.7727635591835162,0.6346940062720018,0.0,3,True,56000.0
179.49351565258956,44.80711210135631,0.0453725659469158,-0.768462050365524,-0.9372590561441233,0.3486337070271097,0.0,-1,False,56000.0
-78.77595005564488,-66.58014884324545,-0.18846059284432942,0.8660254037844385,0.9465380914757877,-0.3225920665251715,0.0,1,True,56000.0
-199.6643817016299,-191.12308154266262,0.6582679293906841,0.5918973088710501,-0.8686916383570049,0.49535324511736056,0.0,0,True,56000.0
-78.7868096250111,-160.09436436882496,0.46473795920083405,-0.8660254037844386,-0.9448078875159213,0.3276248703735385,0.0,4,True,56000.0
255.03354364303323,98.16751667684532,0.04599674203488091,-0.8660254037844388,0.9785175932255832,0.20616333269443923,0.0,4,True,56000.0
200.3034221874553,88.82900658925809,-0.7670565080347839,0.06493770918407824,0.9733635446554447,0.22926711481483972,0.0,-1,False,56000.0
63.46601691933554,-47.02698147790681,0.5677986538533486,-0.7485946906256635,-0.943048588602831,-0.33265501579542955,0.0,5,True,56000.0
-135.46966979774737,58.90539331391846,-0.8476358647589757,0.26390242348875,0.6304213980031402,-0.7762530907761765,0.0,2,True,56000.0
-141.42555975413987,-101.88890325052596,0.048571762253335954,-0.8660254037844387,0.7999963867804512,0.6000048175956302,0.0,4,True,56000.0
-53.16869901188055,78.07953212732458,-0.12462856255984764,-0.7596448604360189,-0.9148428033821985,0.403810159727788,0.0,-1,False,56000.0
-27.232085321229466,-280.7258165044423,0.5502789783961318,0.7789396586496805,-0.38584104697068433,-0.9225652749113118,0.0,0,True,56000.0
284.7099692288611,-85.37422865882813,0.6372579956832196,0.4318504828414551,-0.7037644282958844,0.7104334095923457,0.0,-1,False,56000.0
-22.412600224074417,-182.02456539460866,0.38009717157989603,0.6694167108382905,0.2313159147714808,-0.9728786910879583,0.0,-1,False,56000.0
-18.401535147968094,264.2821724977014,0.4323498874726877,-0.6369192785549411,-0.9804134994348079,-0.19695017168191797,0.0,-1,False,56000.0
-52.36524500493104,-30.73288833525332,-0.16855153023786024,-0.8660254037844387,-0.7278568171631147,0.6857291401922706,0.0,4,True,56000.0
-70.03110615957632,148.32664362117563,0.6525730503399414,-0.6017611287298963,-0.21402442284172585,0.976828309595321,0.0,5,True,56000.0
208.91990290193164,-66.30902696826281,0.22972094489406897,-0.7347250370509831,0.522358048638852,0.8527262567916392,0.0,-1,False,56000.0
65.33536605285401,-44.3294828891209,0.6123482910019673,-0.6714324556254979,-0.9551939956177911,0.2959804566781638,0.0,5,True,56000.0
15.931519982665879,133.68276952185514,0.6002687079852168,-0.6923549071447561,-0.2900783168029755,0.9570029101943285,0.0,5,True,56000.0
-187.09711133081976,83.60914662358363,0.7206392285375975,-0.27068744870298034,-0.49778882712196043,0.8672982667987998,0.0,-1,False,56000.0
-111.78170022617226,-179.78845954948397,0.3139453531957957,0.8660254037844386,0.9005219281999832,-0.4348105988021227,0.0,1,True,56000.0
-88.60087274629309,7.524449119742917,-0.7638686574117498,0.0953795932920829,0.804163947306577,-0.5944075587104036,0.0,-1,False,56000.0
-103.0394843852036,140.06089436862948,-0.09752974123279222,0.8660254037844386,0.6012130970256723,-0.7990887384793153,0.0,1,True,56000.0
69.96705241286118,75.33237395915971,-0.35296716393061744,-0.6841102058728323,0.35091021271807704,0.9364091107041965,0.0,-1,False,56000.0
77.18065424575576,-8.073381678998256,0.698021362660439,-0.32459015675503183,-0.7575760994955939,0.65274685251848,0.0,-1,False,56000.0
133.15043538666026,-5.657971907076023,0.7691936597742717,-0.030556609033960597,-0.43416065133638027,0.9008354615748656,0.0,-1,False,56000.0
-39.42946294304648,-56.617141928784335,0.7811685894214312,-0.3790271214140463,-0.9921595935635256,0.12497736154829486,0.0,5,True,56000.0
-39.04340934426024,-27.00140679343597,0.843014344860413,-0.2719071307612505,-0.9901318364082607,-0.1401390257223048,0.0,5,True,56000.0
150.18324842158341,141.44718571426688,0.30775592003835595,-0.7056053332238479,0.5081600351950443,0.8612626652944604,0.0,-1,False,56000.0
-51.60285279779898,11.45574473416164,-0.1690588241362227,-0.8660254037844387,-0.590886858755171,0.8067544360895355,0.0,4,True,56000.0
-139.80463974499617,-1.6408321663069345,0.35843981648266143,-0.6812587544776716,-0.6506329839313783,0.7593923361610735,0.0,-1,False,56000.0
-270.24594178538433,-127.79857829445385,-0.2905550599738027,-0.712860680439181,0.999948451209199,-0.010153567058591662,0.0,-1,False,56000.0
-131.02222255050353,153.5727812187995,0.6356267236163343,-0.4342479255187713,-0.783864502057877,0.6209319144747641,0.0,-1,False,56000.0
167.29963926468525,154.60038515878037,-0.5815984086654408,0.5043172450258064,0.889257650029018,-0.4574066373201679,0.0,-1,False,56000.0
29.119528183863267,219.31300351637526,-0.7072140457315504,0.5071201485354925,-0.00981652060561955,-0.9999518168006197,0.0,2,True,56000.0
13.171248627323473,-54.61914837186601,-0.329975506831407,0.8660254037844386,0.6033083951830843,-0.7975079813401824,0.0,1,True,56000.0
192.2351076570135,-125.60293005920279,0.847414479406307,-0.2642858741676231,-0.8779885283483132,0.4786816730232947,0.0,5,True,56000.0
104.41663986106114,-214.05893858614405,0.7695804183874669,0.01840033225688359,-0.6765737214153713,0.7363749041688584,0.0,-1,False,56000.0
-27.670387472900227,-141.85455054805388,-0.8002807918456537,-0.3459238157707521,-0.19669463524282993,0.980464798178043,0.0,3,True,56000.0
-100.91880615427844,109.1176091117422,-0.18052252828930093,0.8660254037844386,-0.6214650713011356,-0.7834418709466509,0.0,1,True,56000.0
107.18221846419758,-85.83443153466396,-0.00643628287526149,0.7697734516436261,0.8622392919061803,-0.5065011386884335,0.0,-1,False,56000.0
-154.00994288073466,7.9755376460731595,-0.0058467720312170846,-0.8660254037844387,-0.9155887475938487,0.4021159599907023,0.0,4,True,56000.0
-81.27459176013707,123.27299795739944,0.6804105800569589,-0.3600472679234565,-0.996000539599072,0.0893472166214116,0.0,-1,False,56000.0
48.581308893559665,-99.88405729518412,-0.9198493112416104,0.13882506519117083,0.6663771254276456,0.7456148648641261,0.0,2,True,56000.0
-61.88669977603158,-47.49003645382026,-0.8760328931487601,-0.21471732753366737,0.8828779920866144,-0.46960243939818436,0.0,3,True,56000.0
35.901598264870756,141.01912848842215,-0.2051795349304475,-0.8660254037844388,0.9601254772311884,0.2795694331846684,0.0,4,True,56000.0
-34.82383243003095,369.34983900880616,-0.9854206694839889,-0.025252141194070037,-0.05101886105471609,0.9986976899023834,0.0,3,True,56000.0
107.99147886802199,44.01775367489384,0.3157523082304803,-0.7020634390421682,-0.5232415148856164,0.8521844384286285,0.0,-1,False,56000.0
39.56888221416582,-207.0926707038754,-0.2930363552351954,-0.7118442857135714,0.7691468845700038,0.6390720381583495,0.0,-1,False,56000.0
-28.544521770891063,271.04093712600235,-0.10249650416304046,-0.7629463016667347,0.9404035768866207,0.3400604542995468,0.0,-1,False,56000.0
140.07533140900102,-54.582994895057304,-0.3559303630981657,-0.8660254037844388,0.4010842536261498,0.9160411680120029,0.0,4,True,56000.0
177.2753182352921,-52.41597125625237,-0.6073030286065811,0.6801711064318234,0.9999997658794113,0.0006842812237913276,0.0,2,True,56000.0
-285.6906829372152,4.689551180164846,-0.11481686244907863,0.8660254037844386,-0.7179677330843323,-0.6960763853553964,0.0,1,True,56000.0
-66.50868546692065,-20.698754304942963,0.35487488639007836,-0.8660254037844387,0.4848604723679082,0.8745915174153975,0.0,4,True,56000.0
-214.49812293192653,99.11976211246888,-0.550810080433246,0.5377739747195966,0.9919108081781034,0.12693678985634615,0.0,-1,False,56000.0
96.22602148014995,12.365870521789947,-0.0465440014378148,0.8660254037844386,-0.40004344118113794,-0.9164961784795304,0.0,1,True,56000.0
-74.64025330326436,8.788013226396476,-0.4210332365064213,-0.6444560546301976,0.8828201872353754,0.4697110995168855,0.0,-1,False,56000.0
325.065243537693,41.570119688395415,0.9842311530262393,0.027312444135332792,-0.5490079909942943,-0.8358171007009148,0.0,0,True,56000.0
154.01669590895943,90.3247241793615,0.8078382724952041,-0.3328338753085122,-0.61848474994595,0.7857968020321946,0.0,5,True,56000.0
20.414195294598727,187.91526487157682,0.09131029925192694,-0.7643657644368407,0.5312856585004458,0.8471927461159039,0.0,-1,False,56000.0
178.18687420426755,81.5908591913837,0.6715865586877439,0.37625003226916276,0.1052568728843768,-0.994445066713229,0.0,-1,False,56000.0
139.20230857627968,-180.55054820681434,-0.7908913986970803,-0.36218672175632044,0.9744378873596761,0.22465708018572916,0.0,3,True,56000.0
187.01335876925938,92.04541747790495,-0.7182862942890907,-0.4879424514798014,0.2881707232984966,0.9575790485559412,0.0,3,True,56000.0
3.3175001833482303,-317.4125697423163,-0.9029296386524817,0.16813079776297224,0.8349813148579517,0.5502782967170032,0.0,2,True,56000.0
-230.91593227589286,1.0753203738850823,-0.730563077487899,0.4666784392259577,-0.41708412278019985,-0.9088678861772921,0.0,2,True,56000.0
73.65461789122264,-190.4953938661897,-0.07927329648972714,-0.8660254037844387,-0.9785409105918372,0.20605262992199433,0.0,4,True,56000.0
-56.18936972450729,126.60990078801727,0.9608427763250603,-0.06782230088833421,-0.9782639054479042,-0.20736376563291423,0.0,5,True,56000.0
-30.93640641024642,40.3644819542291,-0.3945018883765424,-0.8660254037844388,0.4421640540296584,0.8969341945336186,0.0,4,True,56000.0
-165.44794629991742,212.08079507236087,-0.6459412033304563,0.41875118439545267,0.07369310306986127,-0.9972809667088081,0.0,-1,False,56000.0
-91.22175671908828,-74.89468043301817,0.43570270301795416,0.6346304020258096,0.48045425035627215,-0.8770197907197831,0.0,-1,False,56000.0
24.58211387004082,66.1505413726348,0.12399668385633744,0.7597482576388206,-0.9877283703254048,-0.15618151764552943,0.0,-1,False,56000.0
-135.93577819325085,150.8449120373741,0.7115306841109209,0.49964351154452114,-0.6436236866988951,-0.7653421129924598,0.0,0,True,56000.0
-4.561787793116201,169.90884879790264,-0.7682244452281859,0.049232045929844384,0.902146383278629,-0.43143006749291907,0.0,-1,False,56000.0
124.85178965443575,152.13126678216182,-0.7692528299530725,0.02902888564484586,0.9666366569466911,-0.25615146582949316,0.0,-1,False,56000.0
24.95064420823901,-115.16695097188358,0.5898549492660506,-0.7103920663441152,-0.8641908383090581,-0.5031641829286146,0.0,5,True,56000.0
108.125473160636,95.75725430096693,0.5669656412444467,-0.7500375107876268,-0.42921349578530227,0.9032030641197055,0.0,5,True,56000.0
239.62861843017598,111.82677957236798,0.6838592429666491,-0.5475718535250514,-0.9999837620605794,0.0056987379947878725,0.0,5,True,56000.0
-38.59967926269143,3.3900065190193733,0.055319764704007915,-0.7678100782261753,0.7763065036700909,0.6303556237229792,0.0,-1,False,56000.0
1.4042601524031773,-304.7216707320147,-0.869192749068793,0.22656480461126238,-0.44302077223434716,-0.8965113470383766,0.0,2,True,56000.0
-175.95135181464084,43.84953949313038,-0.9960094350666328,0.006911861215494961,0.3058150049167752,-0.9520909529910513,0.0,2,True,56000.0
-97.79199506279913,290.48537968153846,0.5764138769630803,0.7336726864810668,-0.5979911851909785,-0.801502677745656,0.0,0,True,56000.0
91.1156610005538,207.35101573081423,-0.7693452048631051,-0.026467873861329122,0.6274869632359369,0.7786270679655138,0.0,-1,False,56000.0
-157.32810170725548,77.94032196798173,-0.7296452390430291,0.4682681820456121,0.3297065369606618,-0.9440834706131833,0.0,2,True,56000.0
-305.77409437744245,-72.77688339779266,0.6324201103456941,0.6366670447218196,-0.6355181245354506,0.7720859494814176,0.0,0,True,56000.0
9.504655967293884,29.578744052362655,0.901597260946585,-0.17043854364445635,0.38567701812903,0.9226338589531089,0.0,5,True,56000.0
45.27563545019297,-90.40823934820867,0.036771090212182674,-0.7689216341846546,0.38912880456400895,0.9211833549615843,0.0,-1,False,56000.0
-186.30983487905584,-89.95019724387362,0.5348389676334201,0.8056825417601075,-0.467375113669266,-0.8840591061248995,0.0,0,True,56000.0
-72.99328637407623,-175.28332982552692,0.19300733553053595,-0.8660254037844388,-0.7433924545113715,0.6688554840734662,0.0,4,True,56000.0
145.62807537787944,151.23961448116677,-0.35963170147121265,0.6806303195491021,-0.19583826121258144,-0.9806362095318025,0.0,-1,False,56000.0
134.8246531077091,-25.18006862036462,-0.28430213729437237,-0.8660254037844387,0.3413101877612183,0.9399507198411696,0.0,4,True,56000.0
66.79500937293895,287.2639808813078,-0.5119627100030716,0.8453053822629063,0.9913937510383739,0.13091382815358926,0.0,2,True,56000.0
-6.253064477270722,-71.65574535685923,-0.4018840251878205,0.656568216479771,0.9266419124752734,0.37594516361278457,0.0,-1,False,56000.0
-173.94636385098008,-194.03099350704707,0.8434256110817271,0.27119479677049857,-0.584816671013934,0.8111654956318677,0.0,0,True,56000.0
107.34042250026995,177.33607426262904,-0.571190113091011,0.5160760092270038,0.14268477253462758,-0.9897681828016032,0.0,-1,False,56000.0
-18.801314267419244,-47.16293373469008,-0.9533366296333221,0.08082332832749028,0.9639964602860995,0.2659150701924152,0.0,2,True,56000.0
-35.46189655895661,3.8348644811894363,0.41414510505955404,-0.8660254037844387,-0.5056446068816791,0.8627418684236428,0.0,4,True,56000.0
-72.26235578586049,113.81700220761068,0.8759777459642084,-0.21481284525920516,-0.9997839613875846,-0.020785344637580083,0.0,5,True,56000.0
86.38457187471357,110.16257727714994,-0.5810419910288729,0.7256565577758897,0.5456045378140477,-0.838042772366864,0.0,2,True,56000.0
203.96195252592327,-78.42303602639352,-0.5051962934864166,0.857025159454926,0.8605881756840036,-0.5093014744457058,0.0,2,True,56000.0
-2.3142802591290095,-66.14376797885618,0.6077914909959479,0.6793250647558539,-0.8697713407592493,-0.49345497747372247,0.0,0,True,56000.0
102.65000226803888,-158.8565419881798,-0.10480871869815214,0.7626321033614072,-0.46326813288781143,-0.8862181656061404,0.0,-1,False,56000.0
-11.552476135085799,-61.84356989515063,-0.5233495324723874,0.8255828272092844,0.9989412995768554,-0.046003043370620944,0.0,2,True,56000.0
23.87689654340941,-76.57622023790225,0.7692832952056049,0.028210003725601007,-0.15967560386474544,-0.9871695404185001,0.0,-1,False,56000.0
-44.11770260789819,121.25156096239193,-0.4948438795084116,-0.8660254037844387,0.5006260463856858,0.8656636538979368,0.0,4,True,56000.0
86.85602198100702,-6.178785781851777,-0.9567226417388162,-0.07495858332573119,0.13951370141650904,0.9902201407347457,0.0,3,True,56000.0
-116.40557495318386,63.781646029996,0.5160425003099183,-0.5712203869492757,-0.9998996115817157,0.014169218693881824,0.0,-1,False,56000.0
-59.21446161176676,63.43681796149143,-0.3721633979256934,0.8660254037844385,-0.1729719722007056,-0.9849267469373658,0.0,1,True,56000.0
-244.84629574364064,-32.53257743467634,-0.5123827324205296,-0.5745054639512703,0.5945170719639985,0.8040829877213939,0.0,-1,False,56000.0
20.43567147293343,98.95140078948933,0.19528831868879848,0.8660254037844386,-0.7752582479590948,-0.6316444007280793,0.0,1,True,56000.0
-101.41587424160906,216.868236260668,0.7533958528406216,-0.42713091223723554,-0.9865421222169035,-0.163507312042601,0.0,5,True,56000.0
-7.115783298584596,95.8586451589488,-0.1338659706227675,-0.7580715629159405,-0.10666672871542635,0.9942948300100936,0.0,-1,False,56000.0
-139.69757115387296,26.0893636058953,-0.727757805391362,-0.25092064340053954,0.7597128631488141,-0.6502586912650298,0.0,-1,False,56000.0
163.84278869840858,-192.17629939426064,0.6374127077285746,-0.6280196123929347,-0.8254692838323782,0.5644470404288168,0.0,5,True,56000.0
8.158086501620119,131.6990433251611,-0.8034298913691477,-0.3404694153979696,0.9909804283441374,-0.134006681320554,0.0,3,True,56000.0
73.65761552965856,-43.686921906430655,0.14766386715305896,0.8660254037844386,-0.9075793260291553,-0.41988065800182756,0.0,1,True,56000.0
153.09965159085633,90.0439582007011,-0.5368317916434351,0.8022308693242183,0.2573448184010497,-0.9663196388575014,0.0,2,True,56000.0
-96.8249374220578,-99.60286328320348,0.32664959357625756,-0.8660254037844387,0.9893218797920998,0.14574710345021433,0.0,4,True,56000.0
113.29021400525912,-31.731301948180107,-0.8848405151652012,-0.1994620787073292,0.9908169747538431,0.13520992026931877,0.0,3,True,56000.0
100.78741513242743,-45.889006991174085,-0.6154978262551589,0.6659773005467406,0.6327053000767031,0.7743926673558013,0.0,2,True,56000.0
-30.508877971310127,312.8115581175426,0.7427841337018621,0.20214925998718475,-0.3927473005686327,0.9196464309155494,0.0,-1,False,56000.0
-33.299301708412365,-95.47581690327253,-0.19612759970427096,-0.7443967740572452,0.9992979324035227,-0.03746521444860501,0.0,-1,False,56000.0
-144.74424846209033,146.76696010455382,-0.7344486876811973,-0.23060294394469347,0.9375487539646901,-0.34785389740350775,0.0,-1,False,56000.0
-143.3007583956477,235.7299559194834,0.9829666472161788,0.02950263244482367,-0.9996065845810581,0.028047746109645538,0.0,0,True,56000.0
-31.637072099869297,-30.469007331247948,0.39615584435123485,0.6600402560290944,0.5421072281534317,-0.8403093199432259,0.0,-1,False,56000.0
-36.130770085420124,-19.343611696737064,-0.43902064691908305,0.6323396746775758,-0.17183869350322917,-0.9851251003881227,0.0,-1,False,56000.0
110.80305079121896,26.86160138765127,-0.38742425148817505,0.6652030080745424,0.1616992241021581,-0.986840088831237,0.0,-1,False,56000.0
-138.98341551407077,-120.77210091193416,0.4553464697400815,0.8660254037844385,0.29095317778625795,-0.9567372932710857,0.0,1,True,56000.0
77.60727086902202,-230.09089892131362,-0.3069877990095439,0.8660254037844385,0.3243189550450377,-0.9459477868244663,0.0,1,True,56000.0
-30.474818884060028,33.44239341175476,0.601425840411784,0.48049927271284354,0.02412373155549541,-0.9997089804414923,0.0,-1,False,56000.0
-74.60653103850501,-243.3618743815256,0.7406431990950351,-0.20985767612089978,-0.9548641760609557,0.29704276674413305,0.0,-1,False,56000.0
-13.294236934711089,-69.18955207496303,0.6044929836356169,0.6850382470930868,-0.8367007732821371,-0.5476603107664123,0.0,0,True,56000.0
-8.098978351502906,62.5574729232338,0.2593870561870305,-0.8660254037844388,-0.7188098137010961,0.6952067690454643,0.0,4,True,56000.0
-200.58503599553282,-13.175978021871124,0.7122051515547263,-0.49847529966379933,-0.39201387436397556,0.9199593047009069,0.0,5,True,56000.0
-88.05222484857734,-27.025090981212486,0.649641833453024,0.6068381453060411,-0.6255226522194195,-0.7802060058471767,0.0,0,True,56000.0
-66.95031978762731,209.60974993997684,0.7263239712464674,0.25504133269992346,-0.3424081920496079,-0.939551291849943,0.0,-1,False,56000.0
72.20083563868675,-129.36629212118305,0.3236584025809652,-0.8660254037844387,-0.47531053993535444,0.8798181008742283,0.0,4,True,56000.0
-319.1721140788361,-55.49579016191888,-0.4774459024833737,-0.6038526333422991,0.10785695876389917,0.9941664229120815,0.0,-1,False,56000.0
82.53564508029787,-77.6134113170357,-0.44394521789536157,-0.8660254037844388,0.49378656083039185,0.8695831371081484,0.0,4,True,56000.0
-5.176126843784461,191.51294182861008,0.6810876934939261,0.35876475072631653,0.38484686844637067,-0.922980437412685,0.0,-1,False,56000.0
-53.60115934164181,165.8018939339776,-0.8879898557759057,0.19400726075924915,0.9678210100233609,-0.25163960848203115,0.0,2,True,56000.0
64.06283536581881,107.10236900546859,-0.9097104695550662,-0.15638605412216222,0.8464926639591032,-0.5324003849201582,0.0,3,True,56000.0
21.36606122656658,184.38407065833496,0.4781183075954045,-0.8660254037844387,0.8460482830417653,0.5331062771734387,0.0,4,True,56000.0
-117.37188635677597,-66.34863355185479,-0.9968601964557131,0.005438299264490286,0.9995195742527374,-0.030993881416526634,0.0,2,True,56000.0
269.65714606926645,105.00257580328683,-0.7678289476013569,-0.05505724128563785,0.27184524093959206,0.9623409816578913,0.0,-1,False,56000.0
-103.85926861437154,75.69677474422195,-0.6131825497662756,0.6699874770590563,0.7103726880041387,-0.703825720002775,0.0,2,True,56000.0
-46.9010183210454,-164.03788490990405,-0.7601994415855483,-0.4153467508572188,0.35498754926165677,0.9348710284680339,0.0,3,True,56000.0
-280.7476910759484,-0.764232820943466,0.5065603349970251,0.5796457707947968,0.32683845772624387,-0.9450802201669113,0.0,-1,False,56000.0
-155.48672237301994,53.54139838647411,-0.8544336392919388,-0.25212833261926,0.9509269219954389,-0.30941556041015517,0.0,3,True,56000.0
-74.72579920403341,-182.31681732793092,0.5034328583098067,-0.8600795187766691,-0.8408667576579576,0.5412421785720585,0.0,5,True,56000.0
81.26938181231868,191.56862944672028,0.5401808525361661,-0.5484498510765529,-0.9931160664488607,0.11713444651686325,0.0,-1,False,56000.0
-35.00722107903584,170.2567477286747,0.24944312947691727,0.7282655544163504,-0.9317060354134493,-0.3632132480701864,0.0,-1,False,56000.0
16.701148187754974,32.98135632726054,-0.9680483038131121,-0.055341961183694485,0.8387900187404436,0.5444550527463174,0.0,3,True,56000.0
64.72281242992197,64.91654361143337,0.20297489114220968,-0.8660254037844388,-0.8205952336747115,0.5715098096008466,0.0,4,True,56000.0
182.23158531667087,24.620819897361574,0.7427473770304263,0.20228427152651804,-0.7028272107338147,0.7113606060584012,0.0,-1,False,56000.0
-185.56742846271766,-21.939250949955767,0.869722786297903,-0.2256467532005404,-0.9302186810004566,-0.3670057295430727,0.0,5,True,56000.0
1.1950607356507477,304.98867749116874,0.10953924054506531,-0.7619670251220867,-0.22036474114593563,0.9754175418042402,0.0,-1,False,56000.0
-261.79923430479533,161.90332417363138,-0.5228736246669636,-0.8264071237079971,0.6505379438245201,-0.7594737544143013,0.0,3,True,56000.0
139.5877709426916,-223.54141555300635,-0.6784327948990326,-0.5569707372827976,-0.1847312794499152,0.9827890691254594,0.0,3,True,56000.0
-34.992461918391776,124.36587448132191,-0.04972198217927594,0.8660254037844386,-0.7239515209595505,-0.6898508500393331,0.0,1,True,56000.0
-134.34718371158476,-195.4501096219454,-0.2121124720722612,-0.8660254037844387,-0.0021413744737893703,0.9999977072548443,0.0,4,True,56000.0
82.65244356290101,22.848232603660872,-0.5034127717927056,-0.8601143096448352,0.846545872293261,0.5323157766804271,0.0,3,True,56000.0
398.0484401683371,245.92281310097786,-0.5605466736568504,0.7611554887814819,0.9575494669800942,-0.28826900333858274,0.0,2,True,56000.0
-109.85304966582744,-22.52374793337377,-0.12164069527067366,0.8660254037844386,0.5311889186675367,-0.8472534052362297,0.0,1,True,56000.0
-204.6295325002476,33.03572693557589,0.9421509329648267,-0.1001975232753782,-0.5754022436440558,0.8178705631143718,0.0,5,True,56000.0
-118.9224215405849,-32.16217533186716,-0.9561447487167006,0.07595952340137514,0.9990752179490586,-0.04299661474648639,0.0,2,True,56000.0
5.238613025589166,-125.76574028469912,0.5078965488794985,-0.8523481799206963,-0.8685613780266986,0.49558161043351634,0.0,5,True,56000.0
39.06319029752292,45.613888619585964,-0.8877413744629534,0.19443764301801406,0.8375660701869296,0.5463360486652851,0.0,2,True,56000.0
-53.115336032887186,-102.32434668329402,0.21795376676531303,-0.8660254037844388,-0.706472109032255,0.7077408841936049,0.0,4,True,56000.0
138.86574225503583,-37.65712956147325,-0.7591886529511369,-0.12737810574361047,0.7956050097530574,0.6058157050254935,0.0,-1,False,56000.0
-140.68301243344865,214.96430475513722,0.19531997191675882,0.7446090928554585,-0.7549685973386427,-0.6557609450342041,0.0,-1,False,56000.0
224.03798496482608,-15.965258814068871,0.5892326391919033,-0.49537610913682206,-0.011211624597472825,0.9999371477615329,0.0,-1,False,56000.0
55.803626835033626,129.84917280085705,-0.6858225520746727,-0.34962840224783676,0.9982630097944363,0.05891488161502545,0.0,-1,False,56000.0
46.216146014284014,-392.1014692926981,0.6621735913441742,-0.39257958112840124,-0.8119586225440436,-0.5837149949042407,0.0,-1,False,56000.0
17.212674239307585,30.90799330004758,0.99817166114346,0.0031667757929794405,-0.9881057744237421,-0.15377574109756276,0.0,0,True,56000.0
-129.50055132407465,-173.8756860516042,-0.6737350831162225,0.5651074127699393,0.7892726042826956,-0.6140429595137779,0.0,2,True,56000.0
-59.73102258220141,130.06944649883175,0.5028258859872378,-0.8611308256781459,-0.6298043527845018,0.7767538073374665,0.0,5,True,56000.0
-40.18836746566089,82.82030402540626,0.7450962658877291,-0.19345321696150403,-0.687910140964768,-0.7257958652110406,0.0,-1,False,56000.0
68.77704503187051,-114.17829893398972,0.6688341794838223,0.38112128377564364,-0.8811718573584894,-0.4727961059474484,0.0,-1,False,56000.0
-212.63239765463481,-179.22138961194966,0.7992870258098089,-0.34764506903567144,-0.91146535985172,0.4113768318585167,0.0,5,True,56000.0
-136.54363092325346,9.894762993829426,-0.6327712709626873,-0.6360588166915702,0.9940356710197261,0.1090554204977025,0.0,3,True,56000.0
-108.30566452489886,-8.681094734508102,0.8027930348067616,0.3415724833211566,-0.9696488777023127,0.24450164410544978,0.0,0,True,56000.0
27.25336614255513,159.11794277036427,0.564222209184211,-0.7547892745030688,-0.47277729931676615,0.8811819478691479,0.0,5,True,56000.0
120.52306840431245,151.8037816705915,-0.9352903360139935,0.11208042576447362,0.2902332435561677,-0.9569559364644324,0.0,2,True,56000.0
170.3946235389126,-149.71627519254517,-0.40415810117712825,0.6551708340925217,-0.21414235313335345,-0.9768024634459416,0.0,-1,False,56000.0
-77.45278977242414,55.83939947953428,0.8477095037061536,0.2637748770908222,-0.9982266126590198,0.05952839472945437,0.0,0,True,56000.0
141.87087041085866,-109.61239888592976,0.6327696038283338,0.6360617042529734,0.006574922054403631,-0.9999783849662167,0.0,0,True,56000.0
-5.047367604679297,-37.99116527992765,0.5653430025102637,-0.7528480035175615,-0.5676569268098615,0.8232652145234607,0.0,5,True,56000.0
58.77185609954204,167.22018381742407,0.8460134279389713,-0.26671256649306774,-0.9285263836525858,-0.37126642032456003,0.0,5,True,56000.0
-163.54170911760121,240.74436786322167,-0.44206839786513646,-0.8660254037844387,-0.4051227547040905,0.914262300229306,0.0,4,True,56000.0
-48.40898080758501,-7.136807138982884,-0.6635638650556998,0.39022504991982954,0.3952425629820292,-0.9185767885196495,0.0,-1,False,56000.0
31.009985923900473,-68.43157827073,-0.516722978656073,0.8370603550982305,0.7610669722139309,0.6486733105383777,0.0,2,True,56000.0
37.105535332312094,-17.656682407921362,0.54703273541971,0.7845623164185566,-0.7857049378334863,-0.618601447350174,0.0,0,True,56000.0
-148.0008024051931,138.98944684233624,0.512010040900002,0.8452234027446551,-0.6366453358369836,0.7711567391630736,0.0,0,True,56000.0
214.27215419530472,12.026462907705133,-0.6684189837751909,0.38184899465827254,0.5132180574444158,-0.858258251060037,0.0,-1,False,56000.0
91.18115862892763,-65.26927856277719,0.6800112322246521,-0.3608009376940456,-0.6999953265290118,-0.7141474237418547,0.0,-1,False,56000.0
-177.38528783738448,-394.1536117067767,-0.20292324225863834,-0.8660254037844388,0.8790834036002186,0.4766679866682939,0.0,4,True,56000.0
-145.65199988147265,-19.036663519453423,0.5094126980903871,0.5771406203143775,-0.4214680826198547,-0.9068432363602722,0.0,-1,False,56000.0
75.28605032275138,-310.6929149645492,-0.27710463873496255,0.7181960817103907,-0.8550184574187624,-0.51859756793955,0.0,-1,False,56000.0
-1.1288146669646568,-151.27603079603736,0.9055372866006307,-0.16361421902852455,-0.9962602319661304,0.08640341545605923,0.0,5,True,56000.0
-51.07075402503064,-322.13559995533603,0.238024315458368,-0.8660254037844387,0.9962940918058114,0.08601210747625605,0.0,4,True,56000.0
3.876826782305993,31.997270828436697,-0.755235018592366,-0.14903911997989294,0.673902007300484,-0.7388207391215024,0.0,-1,False,56000.0
173.64495442516562,97.27555078005562,-0.8951762248955171,-0.1815601043221378,0.4336495071359109,0.9010816305754202,0.0,3,True,56000.0
34.63344019381994,-69.04032120975062,0.6405432392716434,0.6225973727056429,-0.6045382313129847,-0.7965761274860014,0.0,0,True,56000.0
-60.82386650075015,-9.751575250835305,0.6615053666313175,-0.5862899030839575,-0.08140698538304095,0.9966809432965246,0.0,5,True,56000.0
-6.804810013497548,13.205371251716077,0.9745603904281813,0.04406269630310635,-0.9980588912379386,-0.062277199844987,0.0,0,True,56000.0
230.5244523601468,-30.366290706924648,-0.6831335160222082,0.35485376125909623,0.8159600492141458,-0.5781082926978646,0.0,-1,False,56000.0
-25.970820705707343,-6.697772077714811,0.8700226796112137,0.22512732274503658,-0.886437214777277,0.46284885681783144,0.0,0,True,56000.0
-21.982236500141926,-157.04707258581843,-0.7446376677799817,0.1952110045970306,0.9089967539239707,-0.4168031925923968,0.0,-1,False,56000.0
16.937278722009744,-104.05351902065227,-0.3972971645328359,0.8660254037844385,-0.9575412202025079,-0.28829639542092733,0.0,1,True,56000.0
66.01235376575774,11.917948066385621,0.7415893196053123,-0.2064894032146016,-0.838115135412564,-0.5454933728212878,0.0,-1,False,56000.0
-120.82307251246536,21.42837701078839,0.7874177684683484,0.3682032257991911,-0.8678472623384224,0.4968310872432688,0.0,0,True,56000.0
-18.041798593389938,63.61562291171151,-0.6429879225751638,0.4232719267977356,0.20469425433310115,-0.9788259611609751,0.0,-1,False,56000.0
138.5871459399845,-3.7351828891433274,-0.6497272521526511,0.41285238330759066,-0.11901369692322383,-0.9928926124936531,0.0,-1,False,56000.0
25.75927620138043,-90.86743596416416,-0.016577304108607305,0.7696218458314987,0.44097343954267076,-0.8975201533211296,0.0,-1,False,56000.0
193.3127606021823,-188.0807053780186,0.08801630797181814,0.7647520657857698,-0.9372113515474056,-0.34876192815503104,0.0,-1,False,56000.0
-265.7642158575955,246.70349105528953,0.5362465471222108,0.8032445425698301,-0.6512161543433985,-0.758892298235901,0.0,0,True,56000.0
-70.73949991660314,72.35536557708227,0.8498116167539376,-0.2601339104888063,-0.8728479061718659,-0.487992349008695,0.0,5,True,56000.0
-226.85156550554643,-18.433966152228933,0.10170194713150948,0.7630526237044547,0.31663492826489154,-0.9485474802044561,0.0,-1,False,56000.0
241.5422111434269,-311.7459642729496,-0.5792566539963099,-0.7287488522249236,0.5987016090078743,0.800972148935896,0.0,3,True,56000.0
190.2573447695958,-134.57384871140817,-0.08048781311187087,0.7655810241464066,0.9929058834246491,-0.11890292957010651,0.0,-1,False,56000.0
-31.59284968229527,-81.5557969058596,0.40823397624696106,0.8660254037844385,0.3845345928305196,-0.9231105821711257,0.0,1,True,56000.0
115.21687986013426,-198.16477711338305,-0.5751167458283325,0.7359193835105291,0.5617960188195424,-0.8272757903131085,0.0,2,True,56000.0
-6.623185712376074,-11.551575187855365,0.1292979699978716,-0.7588640375897528,-0.8338493184096698,0.5519921323600325,0.0,-1,False,56000.0
-6.393733404311908,-181.8816417908997,-0.7643840007969113,0.09115751158461897,0.7270328632548706,0.6866026622050402,0.0,-1,False,56000.0
123.65035287104158,83.7519485101559,-0.9883552818777905,-0.020169243427484645,-0.23581839240196328,0.9717971423114129,0.0,3,True,56000.0
-100.96706933345125,192.54721517607805,0.434129403690333,0.8660254037844385,0.4154955327594644,-0.9095952189060016,0.0,1,True,56000.0
59.29744948861841,-25.109958933016934,0.9670157807802039,-0.0571303435366761,-0.6588707663984387,0.7522561486523708,0.0,5,True,56000.0
-37.02914964573394,55.29356365263217,-0.8007360985572134,0.34513520141330384,0.9711391669085094,-0.23851356040261001,0.0,2,True,56000.0
51.865195494090784,-116.8648219881543,-0.871828594872065,0.22199938575907804,0.8172370963835676,-0.5763015949086024,0.0,2,True,56000.0
76.3844456189915,94.23667476155005,0.7652086926948374,-0.0839538517094374,-0.6277314818283414,0.7784299497843531,0.0,-1,False,56000.0
-81.69885861853311,-187.37925142259914,0.9891585970068307,-0.01877786080949831,-0.6724765643958084,0.7401184164294757,0.0,5,True,56000.0
-2.64095454382492,32.93748572361761,-0.8680696597318284,-0.22851005240432332,0.8320230088962695,0.5547411222064647,0.0,3,True,56000.0
25.23463157830041,-32.65633944123155,-0.45883782407589185,-0.6181103815580945,-0.5416908732293773,0.8405777762108538,0.0,-1,False,56000.0
5.943296886432345,173.91238374576162,-0.4415383235885395,0.8660254037844385,0.8957748431923964,-0.4445080767582158,0.0,1,True,56000.0
160.73176324331047,160.19669266694876,-0.2537830058092264,0.8660254037844386,0.5796905183779693,-0.8148367338935897,0.0,1,True,56000.0
82.60470218966803,-149.5724203239898,0.7479642385012414,0.43653874424016187,0.07738785707369028,-0.9970010629769519,0.0,0,True,56000.0
87.34716206639335,-75.57440528233204,0.683109528906346,-0.5488703963686452,-0.9962889100448662,-0.0860721076848518,0.0,5,True,56000.0
-142.06552985969273,37.11179426862331,0.3467014175231985,0.8660254037844385,0.05797846923491817,-0.9983178337106283,0.0,1,True,56000.0
-62.22233669548638,196.40724894353295,0.8804054422357104,0.2071438503564811,-0.06480011737647151,-0.9978982637461573,0.0,0,True,56000.0
9.483461110695709,3.702562953530267,0.45247916679738154,0.8660254037844386,0.6800135754467481,-0.7331995207362078,0.0,1,True,56000.0
-192.1581673463854,-205.38818281541444,0.0270259735207887,-0.8660254037844387,-0.07015098879493861,0.9975363846851898,0.0,4,True,56000.0
72.85143387728257,-288.7546145577217,-0.1457188738297647,-0.7558826644409682,0.6380877872790551,0.769963619741254,0.0,-1,False,56000.0
-21.77612187690473,-219.00243481664998,-0.29667537484353373,0.710335353585925,0.9856573435210801,0.16875900320482845,0.0,-1,False,56000.0
23.111631193783207,-113.20053569669632,0.3060653403573157,0.7063402862817275,0.816505116453633,-0.5773381979435929,0.0,-1,False,56000.0
-181.99444849376638,-38.78586587583409,0.17943207769452224,0.8660254037844386,-0.9623636392576657,-0.27176501951952836,0.0,1,True,56000.0
-44.123539256432544,16.885847767077912,0.9714611139103498,-0.04943080069869475,-0.071074660708565,0.9974709983778454,0.0,5,True,56000.0
62.54330891128049,167.67094194504543,-0.8178037348568227,-0.31557318817727364,0.6561420283446325,0.754637421971238,0.0,3,True,56000.0
-229.88318870822542,-110.7400759372646,-0.6381136972506661,0.6268054629250992,0.07707789933857112,-0.997025073623199,0.0,2,True,56000.0
-138.6490552547527,48.069106373915155,-0.5268166192257797,0.8195776567981594,0.49027365047480415,-0.8715685559092526,0.0,2,True,56000.0
116.02503778407328,-28.624524938476217,0.5466055792897798,-0.5420469843859262,-0.9913186334437453,0.13148143209914864,0.0,-1,False,56000.0
-142.30953765408665,12.481549401233854,0.6958324680220536,0.3292563880001875,-0.9975130729194635,0.07048169517217173,0.0,-1,False,56000.0
6.220480131516178,129.54324961163863,-0.7649837962190094,-0.08597897484237377,0.9343249128410296,-0.3564224421165131,0.0,-1,False,56000.0
-412.5202167243889,-105.5026779819584,0.5210068495706691,-0.8296404730210839,-0.5977648323962674,-0.8016715070088785,0.0,5,True,56000.0
-154.09790169695387,79.11324959207175,0.7166013279663699,-0.4908608987597964,-0.4016294827529394,0.915802248623144,0.0,5,True,56000.0
15.776838593671226,-114.3802716435089,-0.6388086300653336,-0.6256018039822481,0.31004596811908025,0.9507215668389931,0.0,3,True,56000.0
-157.61017727166765,8.656034194934415,0.8849322504504088,0.19930318853250303,-0.5735355403784573,-0.819180678435697,0.0,0,True,56000.0
-53.17104042513241,183.56100628605114,-0.5295263228577762,0.5587436496223599,-0.6364117914078383,-0.7713494874288136,0.0,-1,False,56000.0
182.0828625239939,-35.293965759316514,-0.47827161884523195,-0.6031988488050632,0.4677680416518919,0.8838512653206577,0.0,-1,False,56000.0
-48.41435009845197,-166.74526995278677,0.3568954698355746,0.8660254037844385,-0.055674082788240986,-0.9984489954451318,0.0,1,True,56000.0
97.81377842379831,175.01175994011606,-0.40419522898137317,0.8660254037844384,0.323360791890696,-0.9462757517063622,0.0,1,True,56000.0
128.8743846656728,-155.61608201730394,0.21470853835076514,0.7392515378082554,-0.6820027904484753,-0.7313495701921127,0.0,-1,False,56000.0
-149.37640617061325,-161.8288458745489,0.5475804469966454,0.7836136521394107,-0.956307879092825,0.29236148922970295,0.0,0,True,56000.0
-145.6846326649225,59.12624082713449,0.9844505571282846,0.026932425083201435,-0.9546717375259348,-0.29766066849495315,0.0,0,True,56000.0
17.143154006892836,207.69362498025814,0.15419873516078048,0.754198476972347,-0.885735643023099,-0.46419001570273133,0.0,-1,False,56000.0
128.00061777007417,-141.04946864910266,-0.5788537466531337,-0.7294467082140467,0.19615232894671047,0.9805734362343461,0.0,3,True,56000.0
-99.53769241412078,30.12959412911266,-0.1737525686333119,0.8660254037844386,0.7938402600403369,-0.6081263368238127,0.0,1,True,56000.0
155.81862239880064,-77.37040186247472,0.2915504974429938,-0.712454138898312,-0.976293404490804,0.21645135330453824,0.0,-1,False,56000.0
-106.30809085255017,-168.28562666069826,-0.8726291771472359,-0.22061273658284225,0.9280136589834753,0.3725461699437181,0.0,3,True,56000.0
85.21978115458452,66.81174717655578,-0.8347932948636154,-0.2861464070472683,0.9082647668604941,-0.41839588104988656,0.0,3,True,56000.0
49.751572834190945,169.241730897016,0.15329035314740735,0.8660254037844386,-0.8337327904813843,-0.5521681212057028,0.0,1,True,56000.0
-76.80914874105987,-28.19671840391982,0.7690856793016803,-0.03316339074439252,-0.8579356723181923,-0.5137571237108363,0.0,-1,False,56000.0
-104.41782487629698,177.47617752387671,0.5112058951237175,-0.8466162240858718,-0.9392633839136961,0.34319716729416333,0.0,5,True,56000.0
-56.041906763798266,-60.80643380294871,0.4219430077656115,-0.8660254037844387,0.9784821518944141,0.20633147705530927,0.0,4,True,56000.0
-68.51228711185405,155.8700081365681,-0.40360849288626177,0.8660254037844385,0.8101307795239469,-0.5862491962190786,0.0,1,True,56000.0
-78.79154837201386,275.29790862664106,-0.6778182827165264,0.3649040534274885,-0.1716100081046334,-0.985164963403576,0.0,-1,False,56000.0
-4.0176574553526,140.86211689111835,-0.40592601459447336,-0.6540769551574491,0.9004683239036293,0.4349215994244369,0.0,-1,False,56000.0
-13.01824469299248,-215.13021591838762,-0.08550446563218286,0.8660254037844386,0.19444737516811594,-0.9809129514334942,0.0,1,True,56000.0
247.88899082100815,38.7878221282984,-0.35860922830947617,0.6811695926594745,0.389387326808806,-0.9210741065301273,0.0,-1,False,56000.0
156.1094687498773,-144.60283344885167,0.8796975258913934,0.20836999743234647,-0.9540609424431945,0.2996126133929102,0.0,0,True,56000.0
-43.14594906317519,54.61603912425661,0.4737158851270336,0.8660254037844385,0.12617146204928686,-0.9920084486354492,0.0,1,True,56000.0
6.921590298133809,219.15965241957997,0.7011247652226126,-0.3178311756013382,-0.15465698601266187,0.9879682265524341,0.0,-1,False,56000.0
73.68568590947902,19.367195159336582,-0.21017019470998216,-0.7405545772245018,-0.7253861490085641,0.6883421640624308,0.0,-1,False,56000.0
68.34315171597494,-36.79689027230312,0.7175614592319711,-0.2787438695603484,-0.9049526549250062,-0.4255122704973286,0.0,-1,False,56000.0
29.450508549689413,144.861196461861,-0.3745922951361831,0.6725126058425961,-0.5959363518768447,-0.803031670926686,0.0,-1,False,56000.0
14.962527069429683,-206.58973262004878,-0.5018590168342798,0.8628054921753399,0.619647971458607,-0.7848798579826196,0.0,2,True,56000.0
23.509508527343,-11.965230474260643,0.7400530067608138,-0.21192956324418552,-0.7862444594468899,0.6179155686570578,0.0,-1,False,56000.0
58.27559252144735,85.22494971676265,0.829566893513705,-0.2951987997260592,-0.8517627937669408,-0.5239276125134091,0.0,5,True,56000.0
222.26287929398228,-16.34690223306109,-0.9703226577216699,-0.05140266465967886,0.9998072933620484,0.01963099945868045,0.0,3,True,56000.0
-198.0125845240031,206.7738316698442,0.7578315242164937,-0.13521824394769494,-0.10392429144499316,0.9945852108528741,0.0,-1,False,56000.0
-175.80877297641356,-265.2268390099323,-0.37492918554640153,0.8660254037844385,-0.645179785181337,-0.7640307878567899,0.0,1,True,56000.0
53.933313931839336,-165.25147705021402,0.18216750628161565,-0.8660254037844386,-0.9168357865690833,0.3992644993810116,0.0,4,True,56000.0
116.59258523622299,-123.2474833588891,0.3756320285134408,-0.8660254037844387,0.99200240771529,0.12621894900087724,0.0,4,True,56000.0
-128.0940643447708,75.36582859645058,0.5648662518598428,-0.5229901625292821,0.3638966645819727,0.9314393257243238,0.0,-1,False,56000.0
-20.6759948704289,-162.2269198561768,-0.5797783671623413,0.7278452185143792,0.8373094326019594,-0.5467292877425752,0.0,2,True,56000.0
118.18173698549096,-49.64024654451507,0.8069975804442535,0.33428999665427844,-0.8730479853802576,0.4876343048054952,0.0,0,True,56000.0
-201.0186953211329,67.40579717229711,-0.7600044356654522,0.12241670785244121,0.764343658644759,0.6448090969342711,0.0,-1,False,56000.0
-152.2074564798762,55.15672449011156,-0.44471095471603783,0.8660254037844384,0.4433174793690655,-0.896364664902383,0.0,1,True,56000.0
128.55181088258612,-12.04647917185113,0.1514269475574519,-0.8660254037844387,-0.9491748251831496,0.3147493466841694,0.0,4,True,56000.0
-0.400768397401814,-33.944517489621965,-0.7095007177270746,0.2986659072230348,0.9806160256547661,-0.1959393024094594,0.0,-1,False,56000.0
-74.20702528730925,-31.667020773017963,0.062249412326116915,0.8660254037844386,-0.947043255560214,-0.3211060137984587,0.0,1,True,56000.0
148.48391701162726,-77.57546334981777,-0.6930101487300305,-0.33515597316737966,0.8304019446374226,-0.5571647963951292,0.0,-1,False,56000.0
-120.66841952683538,-62.88375400909117,-0.36875412132584084,-0.8660254037844387,-0.34545459536122075,0.9384354653056951,0.0,4,True,56000.0
-129.98999904799294,95.48286475991962,0.28559832077209724,0.8660254037844386,-0.8187019801029722,-0.574218658504823,0.0,1,True,56000.0
-270.24451423404514,158.9627536934579,-0.145650752394341,0.7558957936908729,-0.4524173809909759,-0.8918063205522613,0.0,-1,False,56000.0
-151.98033273878266,-162.31501319015467,-0.08574665623297612,-0.7650098715294177,0.9768235658602924,0.21404607256281194,0.0,-1,False,56000.0
40.88727700464261,-55.34800883471353,-0.5842462926726465,-0.7201065445260977,0.99606028583366,0.08867867265903294,0.0,3,True,56000.0
-135.13104328361325,95.72434181039424,0.6764196614555442,0.3674901824388771,-0.9226979148402616,0.385523744987361,0.0,-1,False,56000.0
-70.92441564078283,-92.40504092016208,0.23797074729371337,-0.7320946086572854,-0.9706180594959863,-0.2406253988668995,0.0,-1,False,56000.0
155.34230278832723,-150.91497367819,-0.48974293738929986,0.5939229309177183,-0.4052276454103642,-0.9142158144523176,0.0,-1,False,56000.0
-234.75586389574607,144.8544429394737,-0.6000576578282092,-0.4822068019784832,0.6716987470230711,0.7408244010879267,0.0,-1,False,56000.0
70.18884583261412,-3.4555549545873894,0.7914077114267719,0.3612924418759003,-0.8355555132907939,-0.549406028551655,0.0,0,True,56000.0
94.97237273869861,-228.2447948164501,0.10156928404595503,-0.8660254037844387,0.7021532403446636,0.7120258612390185,0.0,4,True,56000.0
51.572999862482575,21.76185699410678,0.25690849151873274,-0.8660254037844386,-0.8950681051419669,0.4459294643296312,0.0,4,True,56000.0
93.02765375865206,-28.646211352235458,0.36449981026071,-0.6780357519426972,-0.9220861188430944,0.38698474057326726,0.0,-1,False,56000.0
323.53838832013577,32.67393958089068,0.3401908974377724,0.8660254037844385,0.9761176483463545,-0.2172425754459063,0.0,1,True,56000.0
130.20991420188722,108.48706291952092,-0.6626820962159244,-0.5842517476566493,0.17846124624683318,0.9839469414494567,0.0,3,True,56000.0
154.9290973161784,15.789287981421419,0.7494486047752985,0.43396774643645303,-0.8528445719790241,-0.5221648552378807,0.0,0,True,56000.0
-185.62470444458532,104.74767767875302,0.3992306601619322,0.8660254037844385,-0.04114861127078706,-0.999153037222071,0.0,1,True,56000.0
360.2012523553787,64.43567156240981,0.8729103969882562,0.22012564953009914,-0.9217861161536264,-0.38769879554374503,0.0,0,True,56000.0
-153.8628350693252,-199.9765462238104,-0.046857313663790895,0.7683729463930946,-0.19989869153140616,-0.9798165711620062,0.0,-1,False,56000.0
-35.74052762125523,-28.300945468830278,0.9847175626047986,0.02646995803197986,-0.3661265981590129,-0.9305650509879078,0.0,0,True,56000.0
-62.671565130078356,30.22292977430591,0.5344347649993837,-0.5540506064906399,0.36277700529161727,0.93187598125031,0.0,-1,False,56000.0
-275.23593620423577,-176.2667000976989,0.06584378094016718,0.7669792624993819,-0.31911447448591,-0.9477161770135739,0.0,-1,False,56000.0
-76.98046331812174,65.24590241273506,-0.37711129496129914,-0.8660254037844388,0.48472791753902833,0.8746649907010079,0.0,4,True,56000.0
-105.53942901649586,12.505078678477535,-0.7153615449175041,0.49300826599079506,0.5361949949570285,-0.844094146042142,0.0,2,True,56000.0
-44.300413045412995,-52.54603140894767,0.7696506185770641,-0.015182816488879508,-0.7517080278502812,0.6594960506819695,0.0,-1,False,56000.0
-265.70219193339545,-331.8075081943338,-0.952181548105541,0.08282398822049133,0.39983349471767604,-0.9165877898496293,0.0,2,True,56000.0
-192.8443000374066,-84.72429019922953,0.5037324697657691,0.5821049660467352,-0.999143738964898,0.041373770517399266,0.0,-1,False,56000.0
-69.07622503069979,-53.36080376371728,0.9358582106118172,0.11109683810871535,-0.9837619521140928,-0.17947819247012237,0.0,0,True,56000.0
12.817899905918722,-2.164839403268782,-0.7283069349015957,-0.24932228373499876,0.5942827911193013,-0.8042561558229385,0.0,-1,False,56000.0
81.1734448550799,109.75302995498981,0.043564166034477186,-0.7685666893837598,-0.8618773235799766,0.5071168298313831,0.0,-1,False,56000.0
34.04027985668432,-143.63127626003356,-0.46716720107840726,-0.611839357044935,0.025669238753793733,0.9996704908025555,0.0,-1,False,56000.0
-8.837291308855123,164.30571838306776,-0.7182191106323326,-0.48805881698674486,0.5840157382562023,0.8117423344071324,0.0,3,True,56000.0
-66.2558562782458,-137.5231078858642,-0.9253750060968693,0.1292542809547402,0.9876329670133409,-0.15678368049009517,0.0,2,True,56000.0
-165.77542069833305,279.8257406357015,-0.6639932021093877,-0.38949405662360775,0.04109674179792716,0.9991551720394698,0.0,-1,False,56000.0
-44.18315616636524,-35.12778869007562,0.7566587829256596,0.14163360764328425,-0.9928860265685475,0.11906862829742035,0.0,-1,False,56000.0
42.27059326281525,-41.52639936715407,-0.8781633664913697,-0.211027239460096,0.9288289347087114,0.3705088528599552,0.0,3,True,56000.0
101.09154768784988,-40.06728815152335,0.7696499239892702,0.015217985934504845,-0.9749645111614776,0.22236052251981664,0.0,-1,False,56000.0
27.061575525893396,22.863159365937168,-0.37882807267284363,-0.8660254037844388,0.44991177684676775,0.8930730054448613,0.0,4,True,56000.0
-84.08119484863002,57.426958153507236,-0.2490686399157368,-0.7283937157905176,0.3113561256120686,0.9502933036928258,0.0,-1,False,56000.0
0.07608286554738206,-212.64304413765532,0.6564727414726956,-0.4020399635557586,-0.9966798801675768,-0.08142000042177372,0.0,-1,False,56000.0
-256.1764990042503,-34.67104594336094,-0.2466758142264729,-0.8660254037844387,0.6826767740710793,0.7307204815410061,0.0,4,True,56000.0
-195.72306309884928,-276.8159176857992,0.5579539894504608,0.7656461495549298,-0.99252663361422,0.12202819988052924,0.0,0,True,56000.0
-95.29451224069246,-5.063006663945836,-0.9128603012511322,-0.15093038558928534,0.981470404638692,-0.19161379078276122,0.0,3,True,56000.0
7.261817416011722,103.63082388257735,0.5309432878410142,0.5573973606765341,-0.22217790063375953,-0.9750061438111819,0.0,-1,False,56000.0
-1.5101379906318826,-145.0956795174438,0.7988444781627818,-0.3484115840450925,0.44206986675694204,0.8969806201391262,0.0,5,True,56000.0
136.4107159268184,-163.3955308704826,0.3157606727600905,-0.7020596770436879,0.2320324179533199,0.9727080533327283,0.0,-1,False,56000.0
-18.307247708726727,0.08741544820445891,-0.7347549930774159,0.2296251134793381,0.9791146166896183,-0.20330904402972955,0.0,-1,False,56000.0
18.559388524710894,101.33312641164564,-0.7681707543021679,-0.05006280882482249,0.8475310217828116,-0.530745859254081,0.0,-1,False,56000.0
63.51127131002702,-104.2780556847942,0.3697876781627215,0.6751663985060392,-0.9925217658625406,-0.12206778563089182,0.0,-1,False,56000.0
-179.75112928534054,-40.62091319384615,-0.5345888629049612,0.8061157358570116,0.5097818267846357,-0.8603037190898278,0.0,2,True,56000.0
198.01620452714906,55.60173714468509,-0.7524490528732145,-0.1625208153523565,0.8262104075492117,-0.5633616622179377,0.0,-1,False,56000.0
29.499820051494776,19.133545515584277,0.18324096866965217,0.7476732842583048,-0.9382190217080282,-0.3460420022263981,0.0,-1,False,56000.0
135.12663009881354,-47.86311094795262,-0.8323308868394617,0.2904114228540682,0.689212596632302,0.7245591740106402,0.0,2,True,56000.0
-144.950093796105,156.03930658136588,0.1246745734108077,0.8660254037844386,0.7938827376289646,-0.608070883116571,0.0,1,True,56000.0
-2.496747259479346,-248.59312732741756,0.8119946304391865,0.3256348521750924,-0.980480952466696,-0.1966140937208341,0.0,0,True,56000.0
-152.55705083931042,156.3659299187768,0.471272061086624,-0.6086831992356596,-0.8966277332864151,0.4427851712753387,0.0,-1,False,56000.0
54.7266774269989,-93.09641111479588,-0.5188134390913521,0.8334395714131144,0.5637902556381023,-0.8259180029804214,0.0,2,True,56000.0
154.5335021327256,-291.9362688369614,0.9246520191762411,-0.1305065310344758,-0.5779713285237661,-0.8160570711685411,0.0,5,True,56000.0
-55.92784030814196,-111.32152202346813,0.21626420934347387,-0.8660254037844387,0.8336372563352374,0.5523123435606817,0.0,4,True,56000.0
74.80817603211682,66.0753537726389,-0.7405861114480928,-0.44931803516091356,0.7804269433129086,-0.6252469801213577,0.0,3,True,56000.0
-262.70075071191326,127.37753398307365,0.925720692866686,-0.128655533905913,0.17162427099086297,0.9851624787853437,0.0,5,True,56000.0
-281.71317961737105,51.74277419937656,-0.025590455685590582,0.7693748898751481,-0.6764909177618846,-0.736450974733161,0.0,-1,False,56000.0
-9.598709242121911,29.855858434180547,-0.596237605409362,0.48692228382802755,0.9651846187631274,-0.2615695924658668,0.0,-1,False,56000.0
48.83708227105839,239.32631741776996,0.5785770935476661,0.7299258854487884,-0.7942517883117108,0.6075887562844389,0.0,0,True,56000.0
-130.42263840775914,-137.07305083843363,0.16083475349419754,0.752811247698288,0.036186874914579226,-0.9993450405558476,0.0,-1,False,56000.0
117.37176949402591,-48.13808782116761,-0.7123302467828101,0.2918530659611668,0.6775919155319985,-0.7354380980105063,0.0,-1,False,56000.0
149.84907054324884,10.027681023602156,0.4057748842895245,0.6541707237964837,0.03959991372443267,-0.9992156157870544,0.0,-1,False,56000.0
204.9841480452609,-160.58800162843744,-0.9969838322942024,0.005224155710590575,0.9979823729110556,-0.0634916006922062,0.0,2,True,56000.0
-128.71469455365266,167.75947915421247,0.7212086952063138,-0.26916651082814663,-0.697663826897952,0.716425281964381,0.0,-1,False,56000.0
43.036036132745984,-133.1440126301625,0.5399371264379159,-0.7968522716856657,-0.5591447683876447,-0.8290700380452195,0.0,5,True,56000.0
-258.42378502851335,-91.6671695412607,-0.6356897321090297,0.6310038937061893,0.2653826106022014,-0.9641431791957595,0.0,2,True,56000.0
47.57883748649572,-71.89107827047232,0.9286230536431155,-0.123628497579242,0.3913348846456308,0.9202483404271772,0.0,5,True,56000.0
-88.35795601639587,114.09938832207308,-0.5962445263279912,-0.6993249942339574,0.21779974267008712,0.975993479533804,0.0,3,True,56000.0
-177.31574471366025,-46.033827677999085,-0.32885441775285307,0.6960225316159129,0.9978883439730296,-0.06495269788341533,0.0,-1,False,56000.0
57.043036714689194,-105.18324628268024,0.7322372060531389,0.46377876349255964,-0.9615432041307941,0.2746537212372508,0.0,0,True,56000.0
202.1078763501492,267.6361733089739,-0.4839073458251568,0.8660254037844385,-0.6751675885982902,-0.73766437307623,0.0,1,True,56000.0
-164.89798275039345,-122.52643720633483,0.9086890490212142,-0.15815520638268749,-0.9945707459860296,0.10406263127708304,0.0,5,True,56000.0
39.61342116947485,192.7474923125045,-0.07942034527250562,-0.8660254037844387,0.5508819533610098,0.8345831734829258,0.0,4,True,56000.0
-130.54322214092488,-56.88065116194086,0.8343836271155212,0.2868559724011902,-0.9999849702348909,-0.005482636589656642,0.0,0,True,56000.0
-126.68864530935662,-138.66430226659216,0.144766668355788,-0.756065608479686,-0.8542172954889802,0.5199161587094113,0.0,-1,False,56000.0
182.00027134666166,211.7601833754925,-0.22076437137427538,0.8660254037844386,-0.03940567962066957,-0.9992232945710124,0.0,1,True,56000.0
-47.003539221769316,-53.7012742692562,-0.6604037674156215,-0.39554956272993913,0.9690819068335488,0.24673925072337927,0.0,-1,False,56000.0
43.929517734872974,89.20635414059565,0.30412582721073056,-0.8660254037844388,-0.6577225018806474,0.753260320552892,0.0,4,True,56000.0
-135.28998625981632,121.71318655924449,0.7366377468742175,0.45615680320967056,-0.9605592931443468,0.2780752494446251,0.0,0,True,56000.0
-61.76252494146765,74.7897110733312,-0.767825015823379,0.055112046490944894,0.6040901331052932,-0.796916000017886,0.0,-1,False,56000.0
-62.5056717059888,153.3890811797685,0.854700740892148,-0.2516656990769142,-0.2315019015545443,0.9728344512692333,0.0,5,True,56000.0
-86.23033569175163,43.16686231680823,0.0030389197549808185,-0.7697943605660639,-0.1732151380503201,0.9848840114195699,0.0,-1,False,56000.0
-305.6898171105675,-175.94804092406025,0.768548488787179,0.04388408567505616,-0.9752558600668576,0.22107918808638638,0.0,-1,False,56000.0
24.984390990095,200.05582236189397,-0.28018981999488823,0.8660254037844386,-0.24586848386122936,-0.9693031974792303,0.0,1,True,56000.0
172.8741707438056,-194.52872653109682,-0.051680622965085715,-0.8660254037844387,-0.6095078458748739,0.792780036212238,0.0,4,True,56000.0
-58.17379970679951,-61.72675103649827,0.35446019340045454,0.6833378109596342,-0.8384198897095753,-0.5450248513040812,0.0,-1,False,56000.0
86.5882591671425,154.05593294714978,0.6266511824207447,0.6466591209930344,-0.45175689772716854,-0.8921410792893494,0.0,0,True,56000.0
-59.89879045451239,32.1263306862813,0.4732774598914274,-0.6071252247694132,-0.21033501954514378,0.9776293671697405,0.0,-1,False,56000.0
-277.5779260067478,-294.8427834334208,0.18990419637493905,0.8660254037844386,-0.2970136979710476,-0.9548732183998423,0.0,1,True,56000.0
133.1998132930606,-2.759202931010044,0.9843637979538541,0.027082696381337465,-0.8430616433382913,-0.5378169442584266,0.0,0,True,56000.0
-31.099830866035585,-31.768179389162675,0.6839253800297693,-0.5474573007714638,-0.1318702701002137,0.9912669831399105,0.0,5,True,56000.0
153.11418565944447,-131.96036972823853,-0.6750463762941599,0.37000673297213926,-0.09273915118689702,-0.9956904387593187,0.0,-1,False,56000.0
0.3562107313109245,154.20272175647847,0.02095298936671197,-0.8660254037844388,0.9805168178710028,0.19643515436849684,0.0,4,True,56000.0
-5.327870539229538,-106.65899776157421,0.19552051458789763,-0.7445564592211098,-0.7670713670326305,0.6415617802505034,0.0,-1,False,56000.0
60.1360759855422,128.74118991142876,-0.5480616982740694,-0.7827801004757051,0.2558226249489717,0.9667237374575866,0.0,3,True,56000.0
47.03217279906788,29.2316000311938,-0.7145902175452093,0.49434424418887796,0.8173035660901049,0.5762073245422015,0.0,2,True,56000.0
5.1240753776146555,-105.58336284552038,-0.9209649781818087,-0.13689267336642197,0.5759013211843083,0.8175192158339663,0.0,3,True,56000.0
20.671521343998894,297.7350346213751,0.9098650230716722,0.15611835957891265,-0.92685419463627,0.3754214989645971,0.0,0,True,56000.0
2.205108267437301,28.514610472470334,0.9601970175217392,0.06894078794512203,-0.6021829226122637,-0.7983581450161985,0.0,0,True,56000.0
56.18943221210369,21.684653451673523,0.5461790305206853,-0.7860409766783375,-0.5888913859211544,-0.8082121847556113,0.0,5,True,56000.0
348.37966128314946,123.79052952139486,-0.5368535356436261,-0.5517072356418123,0.6559001849469629,0.7548476319007749,0.0,-1,False,56000.0
94.25838912104362,10.275673149298713,-0.9665147193248782,0.05799820743501558,0.49778292094715526,-0.8673016566414234,0.0,2,True,56000.0
-89.20388908307301,-116.51770944387468,0.5138449893876206,0.8420451787348278,-0.9899176166169454,-0.14164431619691986,0.0,0,True,56000.0
73.09924165394818,234.44885631941455,0.6310409623481743,0.4408853552016468,-0.6890007359510602,0.7247606403899722,0.0,-1,False,56000.0
87.25276296847204,-11.8560641741824,-0.6521830846119123,0.4089618768769086,0.6307792518360562,-0.7759623286300407,0.0,-1,False,56000.0
-21.668275808279954,13.94894519561582,0.48104673288768657,0.8660254037844386,0.12639066974738417,-0.9919805434586011,0.0,1,True,56000.0
28.29887333930788,273.27123085595804,0.39454186171029626,-0.8660254037844387,0.3181630738554995,0.9480360006004239,0.0,4,True,56000.0
-198.39397635692245,14.750113625190318,-0.6091304841151582,0.47069379209229567,-0.4956474955742729,-0.8685237821330029,0.0,-1,False,56000.0
-63.57254925087298,63.77022327445051,-0.6172361393633196,-0.6629664539239437,0.3408455518866063,0.9401193061301979,0.0,3,True,56000.0
10.421078913097952,-4.8159947360249005,0.7697994260586534,0.001198429121932701,-0.9176055858277061,-0.39749212427103275,0.0,-1,False,56000.0
180.5522296045183,-199.9012691717134,0.6335066513441961,-0.634785100507907,-0.5245395345258819,0.8513860914526286,0.0,5,True,56000.0
125.5023776033719,145.7611224646218,-0.7362525611662638,-0.456823964426196,0.8106698322329854,-0.5855035637013327,0.0,3,True,56000.0
111.63191775511959,-67.94673044950224,0.7667137253525484,0.06886694380186557,-0.7583560750332653,-0.6518405199584434,0.0,-1,False,56000.0
-38.25641391033161,12.873124355473626,0.5407204117879598,0.795495581662566,-0.46113953669579405,-0.8873276326676377,0.0,0,True,56000.0
129.11327129407718,84.16721455880796,0.25612007477358606,-0.8660254037844387,0.8501725532536732,0.5265041592368562,0.0,4,True,56000.0
-3.0239149819650533,35.58141497311431,-0.769621301926701,-0.016602536349671793,0.6978717598872572,0.7162227354332781,0.0,-1,False,56000.0
-38.178482849994076,-41.2832328021877,0.8637790232956039,-0.23594165270867062,-0.9671895665712368,-0.25405578583341526,0.0,5,True,56000.0
-51.14235995817922,88.10707332988042,-0.6276223710817983,-0.6449769728883553,0.7702114876541059,0.6377885733416584,0.0,3,True,56000.0
-96.03924679295318,-41.10932725222019,0.7632788702745562,0.09998979340407474,-0.8168428828998116,-0.5768602124046328,0.0,-1,False,56000.0
30.3031820823627,40.73637631202963,-0.47351817411269015,0.8660254037844385,0.41330211822613827,-0.9105939594954171,0.0,1,True,56000.0
47.479470507972465,84.66806692833116,0.99909633037575,0.0015652017024579913,-0.6494888534100086,-0.7603711128756769,0.0,0,True,56000.0
170.1272411865849,-39.555465783293855,0.8222083493704975,0.30794417205183405,0.3335714802833669,-0.9427248100804468,0.0,0,True,56000.0
-24.407234143349893,-34.33415833228371,-0.04556438144879027,0.7684507009143666,0.7385670421843293,-0.6741800384160836,0.0,-1,False,56000.0
-96.4289287306473,-36.13790350039128,0.6160792453694389,-0.46156143255000753,0.2081034045217655,0.9781068310905932,0.0,-1,False,56000.0
-167.56940507264736,-89.25479265860068,0.41383415764223636,0.6491023667813368,-0.9485934592011963,-0.31649715505878817,0.0,-1,False,56000.0
145.93660737394364,15.63470702215515,0.8818563914726979,-0.20463073255881492,-0.9982098410593484,-0.05980897267107449,0.0,5,True,56000.0
-95.41692501888299,110.15252174365551,0.7953580819414862,0.3544501994356934,0.044777497512763,-0.9989969848383258,0.0,0,True,56000.0
121.83677560931967,163.9224031025465,-0.6862694311292281,-0.5433972851716639,0.9968692336139604,0.07906788901660605,0.0,3,True,56000.0
10.68628998468918,-101.24466062920254,-0.633989269047,0.4366350871446806,0.42462760750010753,-0.905368099144434,0.0,-1,False,56000.0
-266.2916750752823,35.20641625101266,0.9021120145780206,0.1695469642014301,0.28405214447934657,-0.958808833509747,0.0,0,True,56000.0
115.3540537702673,170.97996050927188,0.3733575822052069,-0.6731988624488863,-0.8939566662274739,0.44815341001385545,0.0,-1,False,56000.0
-119.0611210240313,69.08265139577743,-0.7527341733237557,-0.4282769747787751,-0.0018989587228128713,0.9999981969760918,0.0,3,True,56000.0
17.475581046845733,-123.46520163728756,0.736291829215042,-0.45675595017059784,-0.9580964349518605,0.28644584362865055,0.0,5,True,56000.0
-51.99780245162517,-75.64639491701007,-0.6665683432438199,0.38507043041212796,-0.22781417223999312,-0.9737046281734316,0.0,-1,False,56000.0
76.29320167023634,-174.38781748393535,-0.7690261226280569,-0.034516884393713365,0.9500557578556267,-0.3120802091849243,0.0,-1,False,56000.0
-105.89457333347991,-5.800849472329962,-0.1847560627415033,-0.7473003344525212,-0.45917388886093835,0.888346407539247,0.0,-1,False,56000.0
-94.23463243436593,33.359586161228044,0.1679505482338534,-0.8660254037844387,-0.6124827281556096,0.7904839705589664,0.0,4,True,56000.0
11.835997091920364,68.16683230448061,0.8839424628093996,0.20101755101543473,-0.9941734603524219,-0.10779207174223054,0.0,0,True,56000.0
197.80999029750353,211.86565550120346,0.07746574275741169,0.8660254037844386,0.5795561590698045,-0.814932303006727,0.0,1,True,56000.0
186.29213984050887,-72.21471094000846,0.7159516547401227,0.49198616579597365,0.2339031982008733,-0.9722598900865377,0.0,0,True,56000.0
-41.14343718814343,2.770576188948866,0.31925424206450015,0.8660254037844386,-0.4795574226185022,-0.8775105004563417,0.0,1,True,56000.0
85.04065461230115,-55.46777988798006,-0.7162320574446083,0.49150049406522495,-0.026661699313144438,-0.9996445137094171,0.0,2,True,56000.0
-52.2193907209161,-60.993700952592405,0.529293655073469,-0.5589640590338164,-0.75874717097226,0.6513852397323979,0.0,-1,False,56000.0
8.918263984129151,53.4934425443213,0.9860662166120198,0.024134020769641447,-0.9920650892022612,-0.12572533072456993,0.0,0,True,56000.0
-58.67690951430944,210.19278925805457,-0.7283589878650862,0.47049603443710525,0.7816959750042408,0.6236596849739102,0.0,2,True,56000.0
-134.13191007704322,207.2875599083762,0.7391140638685438,-0.45186769635985113,-0.9188934617301728,0.3945057743420074,0.0,5,True,56000.0
182.17503397964154,44.625833207761296,0.29401004941798714,-0.8660254037844387,-0.6313732457436106,0.7754790935666181,0.0,4,True,56000.0
24.311628401861157,-139.21947164528615,-0.23550563139688707,-0.7328913222115171,0.32865107751380945,0.9444514117987723,0.0,-1,False,56000.0
113.86868960324767,124.28857329014859,0.5225604080574522,0.8269496307894451,-0.5279664113638008,0.849265252127548,0.0,0,True,56000.0
-49.81258414967756,-175.99817326418548,-0.355304878041278,0.6828989941658026,0.8196809759284995,-0.5728203014040789,0.0,-1,False,56000.0
324.2965721285555,-74.92868571438535,0.7617017968659859,-0.11136860079807329,-0.4356283109153265,-0.9001266437167078,0.0,-1,False,56000.0
121.39510905423009,307.2131454913038,-0.48197425470229277,0.8660254037844385,-0.2548164549269713,-0.966989438565953,0.0,1,True,56000.0
62.74519989809722,69.90573992880255,-0.242844910465965,0.8660254037844386,-0.9980045534775244,-0.06314199266632377,0.0,1,True,56000.0
-146.53604199073865,85.19150844043031,-0.5325511701158104,0.5558613530376739,0.428259153506193,-0.90365596187809,0.0,-1,False,56000.0
147.76404366086706,87.7552636094404,-0.011208050585942514,0.7697187617530544,0.8739602773702109,-0.48599735964163093,0.0,-1,False,56000.0
-45.36477276659251,-203.03772381492183,-0.4654710990777949,0.6131306944819367,0.9934655848168339,0.11413208043404582,0.0,-1,False,56000.0
42.232953933191745,38.46399699436329,-0.5782532390321182,0.5081493718794271,0.898093910897619,0.43980373714666476,0.0,-1,False,56000.0
318.8388178266517,-279.6518958353197,-0.8042986349756232,0.33896470733280376,0.8402621947243862,0.5421802690217729,0.0,2,True,56000.0
88.5497280943857,-367.1425879186756,-0.7828521435942658,-0.3761111200494025,0.932737137043612,-0.3605571150030551,0.0,3,True,56000.0
-23.172494148748775,-14.862880569417607,0.18425950546409608,0.8660254037844385,0.9716270561056674,-0.23651821038390236,0.0,1,True,56000.0
-197.08821846283922,-186.31798856360143,0.47391588588114986,0.606627007066185,-0.9949638538815074,-0.10023437269139021,0.0,-1,False,56000.0
240.62683789293618,270.4375921305846,-0.5237913638484072,0.8248175528176398,0.8120719229069856,-0.5835573596705934,0.0,2,True,56000.0
106.25746441000915,-105.36410232014626,-0.15788468910533549,-0.7534354766924,0.4964389661407203,0.8680716288974848,0.0,-1,False,56000.0
-133.86823085397882,-78.5353607156413,0.5952384620971075,-0.7010675485975257,-0.9981048729643839,-0.06153586405023018,0.0,5,True,56000.0
227.51463714603813,6.211326206594978,0.9446353137235304,0.09589444957595696,0.061675281384336034,-0.9980962677346219,0.0,0,True,56000.0
186.40829994636056,22.038797071429524,0.6027816169988299,-0.68800242105838,-0.990209503245553,0.13958918182225571,0.0,5,True,56000.0
-34.970462488720315,-65.54799392760428,0.7262835834962493,-0.2551563225484311,-0.9743781756777338,0.22491591931787436,0.0,-1,False,56000.0
-27.82213168598505,59.038297784190256,0.3421831176134026,-0.8660254037844387,-0.781742575039201,0.6236012719444796,0.0,4,True,56000.0
-117.5088932077824,-192.6104117399185,0.6944758142406764,-0.33210831972015087,-0.98526371313142,-0.17104214564293962,0.0,-1,False,56000.0
37.93649833598791,-116.38317941553638,-0.33066100335529275,0.8660254037844385,-0.906618333223403,-0.4219516534664197,0.0,1,True,56000.0
-47.595893458602966,209.14716622828348,-0.8377649420360442,-0.280999363162453,-0.27462181198348623,0.9615523180683054,0.0,3,True,56000.0
106.21482463070187,49.378354893334496,0.6268598119033072,-0.6462977641292794,-0.9548267365258223,0.297163091946139,0.0,5,True,56000.0
-155.73475546059169,-219.32623727646387,0.7320342548144906,-0.23815634018599138,-0.9658431085965414,-0.25912755464482606,0.0,-1,False,56000.0
-80.19257544760093,54.99606413383019,0.3470861694606071,-0.8660254037844387,-0.5903049443187186,0.8071803223026072,0.0,4,True,56000.0
23.969291878977476,-113.07938592935143,-0.46216052977052025,0.6156299516063399,-0.6607023941039492,-0.7506479510562993,0.0,-1,False,56000.0
-103.62565778525396,101.81496266731301,-0.22622234894410437,-0.8660254037844387,0.5571051121929294,0.8304419871177919,0.0,4,True,56000.0
195.8107965281193,59.1771452462127,-0.9171145559938259,0.14356180022659948,0.5726744500659303,-0.8197828823788091,0.0,2,True,56000.0
-258.7270163755715,171.32081114117182,-0.9437830475281098,-0.09737061792799842,0.8707703762341734,-0.4916898940110482,0.0,3,True,56000.0
-270.62605673139177,139.7032811001896,0.25219839727643845,-0.8660254037844387,0.12033229795441377,0.9927336692530236,0.0,4,True,56000.0
-80.29571079782669,-22.666865437504622,-0.545338019803689,-0.7874976499698857,0.33321689460692944,0.9428502007997904,0.0,3,True,56000.0
-78.43173639246139,-79.52994571648902,0.026182122989208093,-0.8660254037844387,0.4748708796440225,0.8800554798794059,0.0,4,True,56000.0
-60.86138818228507,90.86458548109506,0.5162508092541597,0.5710321309147303,0.25058113690352934,-0.9680956015950921,0.0,-1,False,56000.0
-49.47100686993558,164.48988641981379,-0.44676067131548086,0.8660254037844385,0.9427530882280244,-0.3334915510716089,0.0,1,True,56000.0
-117.25695945263533,196.31189112143565,-0.5741442037082674,-0.5127875056402913,0.999982241778633,0.005959540846613931,0.0,-1,False,56000.0
181.28530096349382,-73.71762252074562,0.9602923099904428,0.06877573654774859,-0.9606770429265059,-0.2776681818170381,0.0,0,True,56000.0
74.04140491077597,-151.86105181889616,-0.4486655992718789,-0.8660254037844388,0.8578847352107652,0.5138421752756891,0.0,4,True,56000.0
16.88592797914867,-56.087737047046936,-0.5763671838678638,-0.7337535612943451,0.5765764268174269,0.8170432204223379,0.0,3,True,56000.0
73.90139755136511,328.3802709706002,0.957738206045263,-0.07319957434861098,-0.999336298701621,-0.03642749095285839,0.0,5,True,56000.0
164.73193857569746,100.24535518835913,-0.36971112842355536,-0.8660254037844386,0.558756042524509,0.8293320715744676,0.0,4,True,56000.0
-63.153047013596314,140.61556106520084,0.7126860009366164,-0.29098325838708583,-0.9075227083371139,0.42000301647979954,0.0,-1,False,56000.0
137.24414991905527,169.7164385630014,-0.7675444079832829,0.05889120788525326,0.8743016585268997,-0.4853829517986004,0.0,-1,False,56000.0
90.47204279486388,-45.100769946092505,0.4542973235892953,0.6214551748695923,-0.18555208171750748,-0.9826344309915104,0.0,-1,False,56000.0
-86.19102569707287,3.409525877548012,-0.23562559205157987,0.7328527634954615,0.48084478266559566,-0.8768057338902473,0.0,-1,False,56000.0
33.80356379165192,-123.19636371396072,0.5633483980070526,0.7563027598581282,-0.987793672085101,-0.1557679729223944,0.0,0,True,56000.0
26.429040394211878,-152.37765064192206,0.6402522463757688,0.623101387185939,-0.1549333237368603,-0.9879249289270278,0.0,0,True,56000.0
-88.31219046506257,-102.67569681487215,0.5027924174624411,-0.8611887948635484,-0.7313679519589553,0.6819830781235916,0.0,5,True,56000.0
326.2902295922441,108.8962492824369,0.058105378376712064,0.7676042975363618,0.8214161833595769,-0.5703292502708923,0.0,-1,False,56000.0
120.56307514446104,-126.49121073544325,-0.6594905768609135,0.5897796213328675,0.052019472664119215,-0.9986460706693208,0.0,2,True,56000.0
-63.49142542824112,264.01489890732745,-0.40055161640733095,0.6573819249006371,-0.7191872973744184,-0.6948162572183773,0.0,-1,False,56000.0
187.43729634700696,124.08382182876355,0.6933134995015541,-0.531196600858806,0.08340242797927533,0.9965159481949011,0.0,5,True,56000.0
-247.10859072151726,56.85250161233326,0.6161344412335703,-0.4614877494781291,-0.8893337161747622,-0.45725872465645284,0.0,-1,False,56000.0
97.65845440673768,52.61907502803026,0.5512439658642327,0.7772682513262623,-0.6202207142606124,-0.7844273488359157,0.0,0,True,56000.0
99.13367857071721,-134.1980402554745,-0.8772135767002452,0.21267232363483485,-0.29673550050673553,-0.9549597073900811,0.0,2,True,56000.0
-6.615781962768073,-198.2769012478836,-0.4807605748685099,-0.6012169843281976,0.40925284448390453,0.9124210153659493,0.0,-1,False,56000.0
-48.39931541039515,-94.86001493267553,0.34622535497215656,-0.8660254037844387,-0.6159689763894276,0.7877704107958093,0.0,4,True,56000.0
27.138259191115917,317.20990971857634,-0.47786601174214427,0.8660254037844385,0.7778134758404252,-0.6284951843894485,0.0,1,True,56000.0
-102.70014440290501,-215.8057288444662,0.6539394908892223,-0.5993943842730193,-0.11504737050819197,0.9933600065126467,0.0,5,True,56000.0
-41.704114220932816,-323.11593610401246,0.524258781377425,-0.5636890301764348,-0.7068620049031957,0.7073514727656908,0.0,-1,False,56000.0
-45.88219444893283,4.777884746520236,0.8107818079323026,-0.3277355223775781,-0.8919918078606539,-0.4520515620026261,0.0,5,True,56000.0
-82.00347494491395,-62.177702749177456,0.38914379093405294,0.8660254037844386,0.7544631420891579,-0.6563424161431853,0.0,1,True,56000.0
-44.662987938569685,309.4393268069583,-0.6729014286722209,-0.37389338036862363,0.09466584459218685,0.9955091048640672,0.0,-1,False,56000.0
126.13547095760335,34.676540306118056,0.04465395490357199,0.8660254037844385,-0.8206299742858316,-0.5714599244945455,0.0,1,True,56000.0
-94.85852978608284,-195.04821499049356,-0.005751340420964091,-0.8660254037844387,-0.7852334177930194,0.6191998704625044,0.0,4,True,56000.0
116.92564300409755,64.58167721805404,-0.4089030884336997,-0.6522199451580535,0.9994227696692823,0.03397245157639672,0.0,-1,False,56000.0
95.78185608196162,-41.53192253283381,-0.19934590642786051,0.7435413923804424,0.8862100209901214,-0.4632837129624541,0.0,-1,False,56000.0
-21.971266431345132,-65.59328388755243,0.5986142701839753,-0.4839974670643421,-0.99127567196938,0.13180493982150748,0.0,-1,False,56000.0
140.41525451046502,111.09501710611872,0.5967838817182133,0.48625260011020394,-0.8693400123683891,-0.49421447054395906,0.0,-1,False,56000.0
145.27410085108488,-290.2140591469619,0.0059915658232416735,-0.8660254037844388,0.9739322335577011,0.22683915983999506,0.0,4,True,56000.0
-36.205297412613234,48.301337832902426,0.44940408955248184,0.6250028455024004,-0.589114260925981,-0.8080497432542445,0.0,-1,False,56000.0
103.36544906946494,-197.12310209274958,-0.7685304739013786,-0.04419845333848818,0.928739547298024,0.3707328597308018,0.0,-1,False,56000.0
55.274512944662305,212.29368396523913,0.7630534459426763,-0.10169577782582526,-0.8653130487075165,-0.501231810379282,0.0,-1,False,56000.0
-78.91181802512173,-275.75008120699994,0.9083026582234146,-0.15882445487605407,-0.9849069594995129,0.17308460685179577,0.0,5,True,56000.0
267.53437155627137,-4.993127823300885,-0.23851138165575064,0.7319186521829166,-0.168004895778966,-0.9857861608857407,0.0,-1,False,56000.0
-68.32462317767906,-111.69338392184181,-0.6474128544363383,0.6106988502119458,0.6924214824739673,0.7214932367029485,0.0,2,True,56000.0
66.64832728464172,60.67421322526215,0.5880813313141448,0.7134640627500324,-0.11980584105143421,-0.9927973410770203,0.0,0,True,56000.0
-11.963685441733919,-72.0138005401883,-0.5299725716400451,-0.8141113868703831,0.5149202117961088,-0.8572381089776058,0.0,3,True,56000.0
-16.634894348536047,-68.51989284732956,0.5129000104358583,-0.5740437020710956,0.021576802947430918,0.9997671936877033,0.0,-1,False,56000.0
62.056646680466876,56.59560387099995,0.7503714609738891,0.1718582647081705,-0.8044854980856759,0.5939722917522305,0.0,-1,False,56000.0
-114.32418541577672,-65.87703559277406,0.11960485084223138,-0.8660254037844387,-0.8435828827045861,0.5369989944193291,0.0,4,True,56000.0
314.27278649740913,-206.95385218381952,-0.9505981765836723,-0.0855664681436252,0.9994362726131801,0.03357286083589364,0.0,3,True,56000.0
11.22708095427198,282.68810151371775,0.8781503020833977,-0.21104986767847478,-0.19712017133649262,0.9803793337540561,0.0,5,True,56000.0
-60.69734084104403,132.8210173087406,0.6005379400464453,0.6918885835356822,-0.339720596020467,-0.9405264040095894,0.0,0,True,56000.0
-249.73498564262422,223.42863430118805,-0.7771963990018508,-0.38590715703809836,-0.2143100795657168,0.9767656780396132,0.0,3,True,56000.0
54.5617503761371,-75.11603143095428,0.6063664168128423,0.4742492605731153,-0.9995764694271501,0.029101233085556955,0.0,-1,False,56000.0
9.285571974932319,-67.66491804589283,0.18383733144492248,-0.7475268745401746,-0.9184069202762364,0.3956371175564407,0.0,-1,False,56000.0
-210.5138656539911,-12.603909812647782,-0.4758700533556003,-0.8660254037844388,0.3471176243489147,0.9378216007674602,0.0,4,True,56000.0
-39.53781667734281,106.89766505798293,0.9432249785553484,0.09833722174294963,-0.9913218235841222,0.1314573774475632,0.0,0,True,56000.0
-33.4131698117688,-80.27480849267728,0.4686076686380591,-0.6107368054130972,-0.7510841180582433,0.6602065189017148,0.0,-1,False,56000.0
158.16137918576868,18.737776818217366,-0.9273565487044636,-0.1258221484810241,0.1156566864688045,0.9932892483434507,0.0,3,True,56000.0
166.96924926841746,-238.0482013924419,-0.6931443924741758,-0.5314895028221425,0.6295572960341831,-0.7769540597807699,0.0,3,True,56000.0
450.59038241851243,26.810011255926508,0.355769210977806,-0.8660254037844388,-0.45476181159439966,0.8906131004622786,0.0,4,True,56000.0
-61.521947781617854,-30.61763147328917,0.3337016927278993,-0.8660254037844387,-0.32377539065952604,0.9461339738128423,0.0,4,True,56000.0
98.64505873361168,53.822110964743,0.8578666786745439,-0.24618213398420286,-0.9845540447400235,-0.17508093267323072,0.0,5,True,56000.0
-161.94791885455274,20.746066791294364,0.5310431724051796,-0.8122570519505479,-0.6604590751041769,0.7508620446608066,0.0,5,True,56000.0
-77.51514044394396,110.43119428711893,-0.7045111425533108,0.31025254650175077,0.9321371759090564,0.3621053510898444,0.0,-1,False,56000.0
-142.5301450345305,66.92392731806885,-0.8598631621566333,-0.24272412315675207,0.21532125150491183,0.976543270239502,0.0,3,True,56000.0
99.7905231212624,9.913257945926954,-0.7888608500418206,-0.36570373519447064,0.9753503700516699,0.2206618581447679,0.0,3,True,56000.0
-117.4604641528529,184.98821645213948,-0.9646827822529044,0.06117121551994334,0.9968444170064297,0.07938015043285426,0.0,2,True,56000.0
77.23391454805268,193.34386903328377,-0.6870827244455938,-0.3471453908105545,0.13178675302043377,0.9912780900070439,0.0,-1,False,56000.0
65.82111944493187,178.52824848165844,-0.9830084083852264,0.029430299978249516,-0.1264822550781698,-0.9919688700508285,0.0,2,True,56000.0
165.7496048575978,-245.42612414281058,0.8291512875681503,0.2959186503396884,-0.14166711491298684,-0.9899143541498205,0.0,0,True,56000.0
149.42122221172806,-130.59304473929402,0.7684934728079309,-0.04483720379548996,-0.8001237392268339,-0.5998349789110913,0.0,-1,False,56000.0
-33.4515681221482,-51.75534563335443,-0.7190064721097519,-0.2749950647864082,0.0580130280818425,0.9983158260652888,0.0,-1,False,56000.0
-38.65778720081996,-21.736875823102913,-0.009083164642343822,-0.7697467692122341,0.9887279800908628,0.14972301554897655,0.0,-1,False,56000.0
-115.96812185023941,-36.54776178631483,0.24734224879570976,-0.8660254037844387,-0.16773128386931202,0.985832752758433,0.0,4,True,56000.0
24.836708142380825,-192.79342185657976,-0.6616249250704915,0.39350355921904817,0.9505064279965295,-0.3107048926827657,0.0,-1,False,56000.0
-129.5380415770293,-104.87941933593761,0.2644146367778815,0.7229643784103151,-0.9875490014864279,-0.15731169588666843,0.0,-1,False,56000.0
-16.59307403864619,293.39026277493474,0.8035036361517333,-0.34034168568773826,-0.9910671639738864,0.133363700055386,0.0,5,True,56000.0
-39.62360873722321,102.19392692277727,-0.740728311792857,-0.20955705834234323,0.997902299014803,-0.0647379457548089,0.0,-1,False,56000.0
66.64351593160555,21.182488272807824,-0.46364870785983503,0.8660254037844385,-0.8982050930602181,-0.43957662676750864,0.0,1,True,56000.0
114.77448637640256,158.90720310008751,0.22992976559481507,0.8660254037844385,-0.5868022732191123,-0.809730258879167,0.0,1,True,56000.0
-144.35868419415633,-22.466835302997055,-0.3715215254384252,-0.6742138746188022,0.9999968036838531,0.0025283634492370977,0.0,-1,False,56000.0
11.749027826189472,41.466035085737424,0.7524917264721037,0.1623231166027351,-0.8886612011773037,-0.4585643570117918,0.0,-1,False,56000.0
148.5262644475513,-216.4290645809674,-0.5056077701905358,0.8563124608972599,0.6235812677277066,-0.7817585321176561,0.0,2,True,56000.0
42.090623189258025,354.20931906357856,-0.32616412660675065,0.8660254037844386,0.6279400069519749,-0.7782617475301636,0.0,1,True,56000.0
0.0556416083355092,-109.86006553349826,0.27439140737573003,0.8660254037844386,-0.7699689031441934,-0.6380814118829559,0.0,1,True,56000.0
-74.83956548349997,25.946174299749565,0.6109488239912543,0.6738564035915697,-0.19567630556213167,-0.9806685390289422,0.0,0,True,56000.0
136.02674191429406,280.64182930955513,0.31579508244266363,-0.7020441998176636,-0.7445471556836927,0.6675698712217247,0.0,-1,False,56000.0
-210.0235043015657,-16.373164499480765,0.037725198710715,-0.8660254037844387,-0.9545441068511884,0.29806970338374905,0.0,4,True,56000.0
-186.56939272424484,142.18152928875975,0.3462906075564789,0.8660254037844386,-0.6851729499798338,-0.7283804147667065,0.0,1,True,56000.0
-170.67034665806932,184.11159101946035,-0.7349934404850372,-0.2288607328410895,0.8041947027320065,-0.5943659479625896,0.0,-1,False,56000.0
199.44255249161094,63.26762846393486,0.8848897895982675,0.19937673288574465,-0.8011933625510556,0.598405544596474,0.0,0,True,56000.0
-175.94086509550178,-4.971003755792909,-0.8242982327591805,0.3043243878407407,0.9800268423624978,0.19886525148599188,0.0,2,True,56000.0
246.56311596007103,125.44343256309098,-0.39348234471707444,-0.8660254037844387,-0.26951145547469124,0.9629971834681259,0.0,4,True,56000.0
269.987989637835,137.9083318969054,-0.3785349036248017,0.8660254037844386,0.5711628708279592,-0.8208367529461327,0.0,1,True,56000.0
-9.474426112628004,79.85626812445454,0.8405632281847396,-0.2761525893787966,-0.6966239462929826,0.7174364623093127,0.0,5,True,56000.0
-21.362203914691474,-63.715578788014184,0.8428139694509571,0.2722541911510162,-0.398554780178803,-0.917144529066299,0.0,0,True,56000.0
-127.93020095820039,83.30318869771699,0.6012635481500646,0.4807023385199901,-0.9908495024873112,0.134971342959736,0.0,-1,False,56000.0
45.82812193694437,-216.06292045231768,0.9078582729820116,-0.15959415269229768,-0.6916585055077885,-0.7222246961704024,0.0,5,True,56000.0
57.43058196367421,49.34232132872265,-0.48589096972549833,-0.5970783517527722,0.6239701762840915,0.7814481550989955,0.0,-1,False,56000.0
-84.80444412560504,117.01669178354277,-0.2764333787453459,0.8660254037844386,0.6590788808192867,-0.7520738187556504,0.0,1,True,56000.0
64.77250117660638,-241.51338567455696,-0.6213302566033372,-0.6558752348520897,0.8246325480252032,0.5656687729909105,0.0,3,True,56000.0
51.82737532577882,104.46202176355378,0.4676356163024128,-0.8660254037844388,-0.06822191201591082,0.997670171309424,0.0,4,True,56000.0
-314.8316548662875,-75.3883354958641,0.5165205993756395,-0.8374108862943404,-0.8725857715470435,-0.48846092094794824,0.0,5,True,56000.0
124.50169949009353,57.475429442400596,0.5700969119053477,-0.7446139909106969,-0.15953004903396356,0.9871930730383209,0.0,5,True,56000.0
-253.9811392243142,-68.06812134533902,-0.39080485261143866,0.663222556739398,-0.03429810035840819,-0.9994116470761598,0.0,-1,False,56000.0
-53.07619291751848,-129.64417246851724,-0.9744700954415023,0.04421909180770252,0.9336578604535452,-0.3581661620154377,0.0,2,True,56000.0
162.38916944071735,-50.01265985741502,0.682736712510693,-0.3556166109487625,-0.9933986074275534,0.11471358577185403,0.0,-1,False,56000.0
109.42538042980024,-133.0941080355162,0.0053324809730287415,-0.8660254037844388,0.947334483777889,0.32024580535101016,0.0,4,True,56000.0
176.36798684944716,-119.51366099060874,0.6493049575706722,0.6074216314501193,-0.07374946166872981,-0.9972768005440117,0.0,0,True,56000.0
-27.684956421925566,167.40277022238214,0.9545177634304034,-0.07877754458040802,-0.999243683183771,0.038885236491441544,0.0,5,True,56000.0
46.229124837530804,-101.84783167513795,-0.9858348906972411,-0.02453468900714492,0.7868057183350277,0.6172007465930134,0.0,3,True,56000.0
116.98127870124863,-90.96150971228012,-0.4520655540387277,-0.8660254037844388,0.5020767002505788,0.8648230958208437,0.0,4,True,56000.0
-148.11608345471942,-114.12831176494885,0.7555792084122958,-0.14728425716158824,-0.9482258206546619,0.31759690339086527,0.0,-1,False,56000.0
-46.913755112869815,-214.1477226001018,0.9976478955629864,-0.004073964389615013,-0.8953077322309644,0.445448161526192,0.0,5,True,56000.0
-54.36326705827507,28.227497253489172,0.7582038286264803,-0.1331147882421003,-0.5377799375934209,0.8430852499727027,0.0,-1,False,56000.0
15.348209567334994,-263.5290958070351,-0.9313876558258133,0.11884006613609442,0.9999922258024632,0.003943137610733366,0.0,2,True,56000.0
-22.128985781201475,-95.4060365081443,0.927132182225931,-0.1262107626213575,0.2893105680662247,0.9572352872751644,0.0,5,True,56000.0
24.668805172407268,5.807723028394867,0.45453442001404587,-0.6212817827806374,-0.7432482631587802,0.669015709315632,0.0,-1,False,56000.0
-151.6152798583749,-259.2051743630277,0.23634768686375096,0.8660254037844386,-0.7384070180978941,-0.6743553036963543,0.0,1,True,56000.0
23.75353228176845,25.046176787363336,0.4045998317105963,-0.8660254037844387,0.16403067276317534,0.9864552389199069,0.0,4,True,56000.0
83.27949083897687,-28.315964437374465,-0.9300602979728666,-0.12113911737722279,0.981880755567303,-0.18949982017468406,0.0,3,True,56000.0
-239.54244232759524,-65.68203648115872,-0.7903374422210165,-0.3631462025180449,0.8172372190720828,-0.5763014209274906,0.0,3,True,56000.0
-14.2160511649678,96.64617940833136,-0.8861474444121905,0.19719841084964623,0.24798453676175786,-0.9687639906224614,0.0,2,True,56000.0
17.16392546745983,-52.6685503294193,-0.6050583312676294,-0.475917018351124,0.15717788811793632,0.987570307110528,0.0,-1,False,56000.0
23.656344649911915,195.54361917288654,0.21601985360035975,-0.7388694170440888,-0.6897991805958223,0.7240007530720247,0.0,-1,False,56000.0
215.5791120448729,59.50787916938904,-0.2021909081690949,0.7427727978637539,-0.7569171274429143,-0.6535108738063989,0.0,-1,False,56000.0
54.776620313697066,24.461175543063913,0.39486271985027294,-0.8660254037844387,0.30753405142979906,0.9515370761093962,0.0,4,True,56000.0
360.19730504762174,212.4463279609876,0.7012205276348892,0.3176198422895522,-0.6308018759731344,-0.7759439369364468,0.0,-1,False,56000.0
65.79133094718881,-142.76812365614325,-0.5297939549301011,0.558489890608697,-0.000519662127938525,-0.99999986497545,0.0,-1,False,56000.0
-46.56805916584204,41.148019017966334,0.661757406882344,0.39328072293076893,-0.9580649372234202,0.2865511752946168,0.0,-1,False,56000.0
69.79127521587048,115.103804182263,-0.597378030161781,-0.6973617080032597,0.6168476861231958,0.7870825446698941,0.0,3,True,56000.0
125.91016202671183,-77.57342399179812,-0.9096355145605991,-0.1565158799808602,0.9879993653248618,0.15445793640115307,0.0,3,True,56000.0
242.28804154048407,49.242323029088766,0.8284629862472265,0.2971108231984453,-0.5318623619349988,-0.8468308142460135,0.0,0,True,56000.0
55.04579367264075,113.83481533395567,-0.6769814013994787,0.5594846245658,0.6733076422502692,-0.7393624408144603,0.0,2,True,56000.0
7.850517450610761,240.506099169379,0.6616464726121939,-0.5860455003558278,-0.7695774809646982,-0.6385534439587276,0.0,5,True,56000.0
24.27210437947521,-0.9055783210740435,0.6464849641095995,-0.6123060034017088,-0.08606340104205024,0.9962896621970214,0.0,5,True,56000.0
-134.49216086881253,95.84018612764099,0.5225335463920132,-0.565288674473121,-0.08926697242668696,0.9960077347257065,0.0,-1,False,56000.0
124.17900941133787,-96.83925485015978,0.661348216178187,-0.5865620956532123,-0.13781686273243698,0.9904577287023839,0.0,5,True,56000.0
-77.08366095751111,-18.82527924157673,-0.7836146926700731,0.37479034630683983,0.6910969439239234,0.7227620729525411,0.0,2,True,56000.0
-83.3393115306127,70.33563179042407,-0.11621295465130427,0.8660254037844386,-0.04585310324685331,-0.9989481933124724,0.0,1,True,56000.0
197.68683096059743,71.7340973227692,0.06088643511630465,0.8660254037844386,-0.8972403921047054,-0.44154238615959235,0.0,1,True,56000.0
168.58934685566007,-152.8185732618873,0.1901920151032142,-0.7459353792276989,-0.9805737440387162,0.19615079021385504,0.0,-1,False,56000.0
-86.2096597018564,-182.146495578614,-0.5655394097892588,-0.7525078161313657,-0.0216635697079951,0.9997653173355945,0.0,3,True,56000.0
136.9512852324865,137.15453938997587,0.6738993761467444,0.5648228488937461,-0.14828051123338593,-0.9889453422651626,0.0,0,True,56000.0
-5.830921174008262,-155.6329640845931,0.004424298351822786,0.8660254037844385,0.9831894911141192,-0.18258812820794082,0.0,1,True,56000.0
-112.17171218729075,180.54982957595752,-0.2637440912365863,-0.8660254037844388,0.9745104400882911,0.22434215421665007,0.0,4,True,56000.0
-189.75900524476543,-225.89556118291816,-0.6549336197479442,-0.5976725025804428,0.20083285341780854,0.9796255228340087,0.0,3,True,56000.0
41.89712135909495,-13.626637229407509,-0.7147829001811201,-0.49401050807374414,0.7456648817847917,-0.6663211568549305,0.0,3,True,56000.0
41.836507889894214,-61.38231181996043,-0.36729009797878054,0.6765283264722403,0.5932013371792988,-0.8050541432526837,0.0,-1,False,56000.0
8.639038644428611,105.56027049477312,-0.7601386058453241,-0.12158080644624494,0.5369630534627349,0.8436057605396273,0.0,-1,False,56000.0
48.80156541956705,-51.955464205995185,-0.7424381149003739,-0.4461102710857698,0.9456862412927682,0.32508080999838296,0.0,3,True,56000.0
72.68321560845078,143.77842516155204,-0.3236244772755958,-0.6984696058531751,-0.3572061999965499,0.9340255514082882,0.0,-1,False,56000.0
31.95673530049636,-90.66838038942281,-0.4745716502823964,-0.8660254037844387,-0.8895288409522695,0.456879022404987,0.0,4,True,56000.0
207.2489314038174,240.91291681617028,0.4916195043723176,0.8660254037844386,0.55051518012677,-0.8348251532205528,0.0,1,True,56000.0
-184.05439926641276,107.32958157085257,0.9729859575110597,-0.046789694108669067,-0.9277752708765381,-0.3731394467884189,0.0,5,True,56000.0
50.896323489770744,30.778780491260573,-0.30483397358699604,-0.7068725777251194,0.9991246343601529,-0.04183258316498617,0.0,-1,False,56000.0
-72.44365041045585,189.07077887228857,0.3591547324403548,0.6808821269194026,0.6290825436068771,-0.7773385062690873,0.0,-1,False,56000.0
-298.34115495045813,-20.24900340367603,0.7481443781244497,0.18130797575774987,-0.9636530765742987,0.2671567854438395,0.0,-1,False,56000.0
81.63001391095699,147.19644762983597,0.7201763263535904,-0.4846688199161535,-0.9923573383363662,-0.1233973786174562,0.0,5,True,56000.0
-51.058100449038115,-181.52262283044064,0.5149917896395527,-0.8400588624323483,-0.4771156899708816,0.8788404965540284,0.0,5,True,56000.0
125.42913442079863,16.920285297412846,0.21014650878487873,-0.8660254037844388,-0.5722102459435487,0.8201069652410363,0.0,4,True,56000.0
-238.83321697422804,-199.534057476995,0.8277120073022808,0.29841155688650567,-0.30671249273779383,-0.9518022099145663,0.0,0,True,56000.0
165.25855569076973,241.15260047512066,-0.7678150305609166,0.05525098584940532,0.9806387029209198,0.19582577545655608,0.0,-1,False,56000.0
-130.11100280739177,-118.77668656485508,-0.6877189554150238,-0.5408866354618609,0.9435741486162259,-0.33116132935897724,0.0,3,True,56000.0
-2.034049176445189,-47.62913663187622,0.808370284124149,-0.33191240413696216,-0.7605247993338354,0.6493088861227023,0.0,5,True,56000.0
57.24318041075085,-121.49635603692796,0.5264992289648098,0.820127392855987,0.1385892256365353,-0.9903499515510079,0.0,0,True,56000.0
109.5540088496203,44.76692968611507,0.9088809330455015,0.15782285350346184,-0.9999027486074936,-0.013946086435772498,0.0,0,True,56000.0
280.4471869882272,149.30967045004556,-0.4448334420256196,-0.8660254037844388,0.32661283325259394,0.9451582180536366,0.0,4,True,56000.0
-50.89943664286697,3.29325121594871,0.008276176410227914,0.7697558687639992,0.20857166303583852,-0.9780070865684632,0.0,-1,False,56000.0
-72.67171151429669,82.11148730366267,0.7470111479188105,-0.18592185852560048,-0.958431956119683,0.28532119705366144,0.0,-1,False,56000.0
38.68671413126843,-1.6729924300096295,0.25086523361026564,0.7277769075467145,0.10496847232894513,-0.9944755501351162,0.0,-1,False,56000.0
43.92548677723757,142.70679609374486,-0.7486854233476045,0.43528961544461253,-0.11646642048832828,-0.9931946299181769,0.0,2,True,56000.0
-184.49557638326496,-162.82334831295603,0.4111538200828588,-0.6508034486877468,-0.8612595246477747,0.5081653581296557,0.0,-1,False,56000.0
21.264773578143895,117.54514125944043,-0.9381412348368395,0.10714252415606591,0.592749583414414,-0.8053868209510401,0.0,2,True,56000.0
-52.1416035992103,-118.31516936632445,-0.40182339549056173,0.6566053239420374,0.32510060130084195,-0.9456794377766347,0.0,-1,False,56000.0
-189.09543587360585,193.3891481641347,0.4078731811503886,-0.8660254037844387,-0.014844135128959102,0.9998898197560675,0.0,4,True,56000.0
14.098928670702207,-26.140518574227166,0.7684090882229628,0.046260844446977714,-0.7269961063459806,0.6866415814363178,0.0,-1,False,56000.0
-67.09837922228034,-45.60146333879188,-0.4355524299289206,-0.8660254037844387,-0.64955756770284,0.7603124135772169,0.0,4,True,56000.0
218.52936762720668,-345.22445169666946,-0.6697187782228571,-0.5720638569039366,0.7212278733830811,-0.6926978812260021,0.0,3,True,56000.0
-33.01018050382498,-68.89521089995154,0.26910993442878467,0.8660254037844386,-0.8455922705478305,-0.5338292910559598,0.0,1,True,56000.0
-319.43079492612793,-76.0229929575734,-0.5373187037488307,0.8013875128188527,0.9629969991191852,-0.2695121141749192,0.0,2,True,56000.0
-128.80477485428415,267.9097114632778,0.3482753802820342,0.6865106350829508,-0.852445317314533,-0.5228163931900158,0.0,-1,False,56000.0
-13.177539844198396,100.38829810005535,0.753898644292633,0.42626005189674065,-0.6242001302195197,0.78126448622323,0.0,0,True,56000.0
206.86444520690952,-4.455202550736744,0.9323482295056329,-0.11717630371823222,-0.840116748927296,0.5424056122234603,0.0,5,True,56000.0
58.129615914294,-69.96539475906093,0.11020125845080564,0.8660254037844386,-0.9143956891303049,-0.404821594902646,0.0,1,True,56000.0
-149.50661670541282,126.55835986635735,-0.17358774369554367,0.7499732580774348,0.021616231375692435,-0.9997663419723307,0.0,-1,False,56000.0
25.621848192738806,58.93672277695811,-0.8539078053720546,-0.25303910368484245,0.7365123323020681,0.6764241157488052,0.0,3,True,56000.0
-4.388141996458934,15.225063062578414,0.9377075921855853,-0.10789361526036656,-0.9551013610329744,0.296279243539976,0.0,5,True,56000.0
-46.182800020296355,8.52599429704849,0.3083290775496109,-0.705355068408811,-0.39838379876242175,0.9172188118890857,0.0,-1,False,56000.0
136.02504025418222,-142.7880943853126,-0.5036926265696291,0.859629586952462,0.9987459230674997,-0.050065768302983274,0.0,2,True,56000.0
-258.25411996308185,-177.8740087016977,-0.7660094657084899,-0.40528349388308305,-0.15804075225130415,0.9874325904220188,0.0,3,True,56000.0
-162.66213308207296,-5.795874442327054,0.6116933152315785,-0.6725669069375376,-0.6704388679101986,0.7419647730147282,0.0,5,True,56000.0
-117.50647086501937,-213.64242108297907,0.08105562469680952,-0.8660254037844387,0.45630869065358615,0.8898215432510198,0.0,4,True,56000.0
-181.1723556437689,190.077263227343,0.568767210244667,-0.7469171017459048,-0.47740233612247374,0.8786848180459014,0.0,5,True,56000.0
184.0021200841561,-63.737024881516525,0.9466259620219057,0.09244654558317035,-0.9999995487989679,0.0009499481357374134,0.0,0,True,56000.0
-18.65475615359625,47.24581645100251,0.9646457480357028,0.06123536066575502,-0.9996800611927071,-0.02529377894656326,0.0,0,True,56000.0
-204.11421145918177,-149.71536879406122,-0.42541438030103307,0.8660254037844385,-0.1801549314851001,-0.9836382468475262,0.0,1,True,56000.0
-132.47090108628822,41.13623058661244,0.5664925689189277,-0.5212281285120999,0.535119752281707,0.8447762133948028,0.0,-1,False,56000.0
147.64930708232973,78.5680360892365,-0.7055349654034808,0.5100284009736984,-0.003851838158085985,-0.9999925816436449,0.0,2,True,56000.0
-42.465243496671896,108.5227235436465,-0.26802550807234526,-0.7216335078245422,0.9345643804872141,0.35579406785984224,0.0,-1,False,56000.0
-224.01673781558196,-2.6861501517052937,-0.27671900479130795,0.8660254037844385,-0.744862231305365,-0.6672182973918555,0.0,1,True,56000.0
157.18052408346273,274.5247353625754,-0.30506129872482723,-0.8660254037844388,0.8925102122974959,0.4510271842631645,0.0,4,True,56000.0
-103.46541728021421,66.87880250823216,0.4843637548244637,0.8660254037844386,0.9319107344536446,-0.36268772106285274,0.0,1,True,56000.0
208.9987121686019,-25.203102442701855,0.1427563691859829,0.756447758704742,-0.9199637102106579,-0.3920035355644495,0.0,-1,False,56000.0
-17.064466483773508,77.70290353877296,0.5240995554064249,-0.8242837493806893,-0.33826110278259663,0.9410522973479731,0.0,5,True,56000.0
54.557859965633206,45.70962369140811,0.527325303965388,-0.8186965889841233,-0.912806555408529,0.4083922041406193,0.0,5,True,56000.0
195.39834189267475,-153.90140080389693,-0.5791888977395375,0.5070826494052543,0.0824317123295576,-0.996596715227382,0.0,-1,False,56000.0
106.62209799941755,-223.77669995612186,-0.032042801400637456,0.8660254037844386,0.21738339541390683,-0.9760862971059878,0.0,1,True,56000.0
83.12697668322564,105.69751350809501,0.3993331986051345,0.8660254037844386,-0.5402113206916628,-0.841529398771184,0.0,1,True,56000.0
-74.97019863804181,93.19797527347717,-0.7311163224922606,0.2409595724971001,0.6759195995979536,-0.7369753692485697,0.0,-1,False,56000.0
32.78050306548382,112.83030094405306,0.8736802026424825,-0.21879230702502483,-0.9947855723861284,0.10198855314229544,0.0,5,True,56000.0
2.1393311869411256,-72.65952077057865,-0.17719934797627485,0.7491281490301744,-0.12921633891463047,-0.9916164267282264,0.0,-1,False,56000.0
37.25802573656025,200.5486721616569,0.6848197150323928,-0.5459082671079329,-0.036079740422340245,0.9993489142089762,0.0,5,True,56000.0
-186.715880041431,-47.31469603992977,-0.7607739429183878,-0.1175397820697391,0.7258466704065872,-0.6878565337767213,0.0,-1,False,56000.0
-66.11754609647323,-246.7832877324877,0.7623992238482665,-0.10648951154058926,-0.6263269870459514,-0.7795604564737667,0.0,-1,False,56000.0
133.3796920451552,96.49620826024521,-0.6338660664858458,0.4368139218824805,0.8110558984940301,-0.5849686568678086,0.0,-1,False,56000.0
-56.11265615874021,-237.5929452043614,-0.2569019804616484,0.8660254037844385,0.35687360050453304,-0.9341526819864996,0.0,1,True,56000.0
105.05711653827372,159.0634952777487,-0.7208205453458066,0.2702042449702935,0.9065425353674313,0.42211447685333126,0.0,-1,False,56000.0
51.82797528241612,189.78101766417115,-0.7644200475139323,0.09085473873931822,0.8280823599608974,-0.5606064618975327,0.0,-1,False,56000.0
-22.712340554065957,104.06227265102162,-0.7267437556357426,-0.253842680093495,0.10586950451376487,0.9943800319866114,0.0,-1,False,56000.0
14.340747338118748,71.0751483464123,0.5130705413173712,-0.8433865621403234,-0.9333798180713371,0.3588901157969088,0.0,5,True,56000.0
47.55409710706363,-9.945032046258177,0.7124602933446605,-0.29153545753446974,-0.4063366951343092,0.913723421056395,0.0,-1,False,56000.0
-84.93461659173926,-61.24926595318389,0.9056320150718351,-0.16345014450347492,-0.9956648133879926,-0.09301386660403824,0.0,5,True,56000.0
89.93702330944583,-14.164749996294661,0.7429289470360804,-0.4452601248887385,-0.5462389182547195,0.8376294193637174,0.0,5,True,56000.0
30.372584781490648,-60.76547888229327,-0.9018168913206561,0.17005813267768066,0.967300337985966,0.25363370464474,0.0,2,True,56000.0
-47.85832379717891,-84.65503176553393,0.6256662337000407,0.44848005150753184,0.13576407761109527,-0.9907411948789371,0.0,-1,False,56000.0
3.2436690724214787,-136.98037345569483,-0.3743242663193958,0.8660254037844385,0.886271367048049,-0.4631663458740656,0.0,1,True,56000.0
161.91393681988103,250.201944799889,-0.28653118497493896,-0.7144875594644386,0.9893358921793852,0.1456519565443124,0.0,-1,False,56000.0
-90.41279178760007,99.61600082282015,-0.7565832454325992,-0.1420365633323606,0.22654804539994644,0.973999991337298,0.0,-1,False,56000.0
154.45234798647573,134.059864098652,0.7672938579951737,-0.4030588611856972,-0.7165773116588923,0.697507674807434,0.0,5,True,56000.0
-66.31844164916421,-189.03291652676145,-0.9427930255251699,-0.09908538633770127,0.9958536650697101,-0.09096965299941806,0.0,3,True,56000.0
409.7333206110855,125.1438070401746,0.9206322970575719,0.13746889397631976,-0.993207094946873,-0.11636007282056238,0.0,0,True,56000.0
74.16462719798812,-262.0634917788938,-0.6033975063404038,0.6869356694269342,0.8247765819328714,-0.5654587428758018,0.0,2,True,56000.0
-37.22953446571945,191.60388782137255,0.4840821033629921,0.8660254037844386,0.08621484432637644,-0.9962765683370391,0.0,1,True,56000.0
-139.46818071881637,142.74369216211298,0.5018319876815146,-0.8628523080412152,-0.7979199590157426,0.6027634187671308,0.0,5,True,56000.0
-9.195947528840637,339.9413212999425,0.746721667193884,0.18708111699414945,-0.9573597685033723,0.2888983794532903,0.0,-1,False,56000.0
39.92096857352277,124.42560465563062,-0.7157650658578328,-0.2833248366983112,0.6738950448238815,0.7388270897588476,0.0,-1,False,56000.0
25.481333197710242,-147.9807762310346,0.2914530216502857,-0.712494020159826,0.059314478727258924,0.9982393463559575,0.0,-1,False,56000.0
127.86263087056705,167.7760709990037,-0.8094727187826234,-0.33000293129645986,0.9892547473343489,-0.14620206864526042,0.0,3,True,56000.0
41.93857529521056,-4.823268539446336,-0.6071805070565914,0.4732065346580634,0.9918253018274137,-0.1276031765064975,0.0,-1,False,56000.0
27.05932411116805,-86.44724261173434,0.20314833249575737,-0.8660254037844387,-0.14281337687400786,0.9897496346983015,0.0,4,True,56000.0
-66.43589835939268,157.46535872091405,-0.5659350390859401,0.7518225660885505,0.4946715446381755,-0.8690800095072397,0.0,2,True,56000.0
-395.0966014855138,-35.84584031065979,0.9881273875373734,-0.02056396800384501,-0.7967123212918523,0.6043587321297433,0.0,5,True,56000.0
111.58619046447704,-158.0967382994489,-0.17783648072984798,0.8660254037844386,-0.043294927906348646,-0.9990623350007827,0.0,1,True,56000.0
-108.27780118552802,67.60524666036422,0.03972646557998552,0.7687746097037249,0.24689353301366218,-0.9690426117336723,0.0,-1,False,56000.0
70.16158302119618,9.080884640814405,0.3715304215231661,-0.8660254037844387,-0.6869244620985147,0.7267288238196221,0.0,4,True,56000.0
-223.03715987651452,-210.43385991148367,-0.1055816024237517,-0.8660254037844387,-0.9830441610081042,0.1833689654970589,0.0,4,True,56000.0
-49.182072239449575,-56.916210191988846,0.3129929893962389,-0.8660254037844386,-0.9319157875579319,0.36267473705772735,0.0,4,True,56000.0
-5.898898737364675,-92.07845110825053,0.6890619886299122,0.34319989571382903,-0.6303178348382523,0.7763371864625622,0.0,-1,False,56000.0
-18.48180646402492,-43.412520086820194,-0.007910182505518115,0.8660254037844386,-0.915815919088924,-0.40159830968643717,0.0,1,True,56000.0
-278.0709129322244,-3.4454846832494965,-0.2225658830426685,0.7369240261370432,0.923940547706319,-0.38253609542600076,0.0,-1,False,56000.0
-228.95809755136915,-13.337401584892666,-0.09812031793368808,0.7635214442313879,0.7960977693833703,-0.605168027561435,0.0,-1,False,56000.0
-136.4018130777201,188.41350185105134,0.6024311630144017,0.47923823555900424,-0.33778482374392427,-0.9412233597015425,0.0,-1,False,56000.0
-137.8623094640814,-12.372084003169304,0.5832155007533786,-0.7218919285023009,0.09142876846003012,0.9958116188805632,0.0,5,True,56000.0
69.78011290516363,-216.43101959169647,-0.63439471115406,0.4360458038467394,0.9941598428576137,0.10791759286139357,0.0,-1,False,56000.0
260.1288966543372,-65.21213619024856,0.9999382273813188,-0.00010699331407184707,-0.9869784452692204,0.16085256781790014,0.0,5,True,56000.0
-82.40489117458254,-19.819525970980123,-0.42061840082875124,0.6447268828557223,0.9714068131016543,-0.23742115208894612,0.0,-1,False,56000.0
122.46542538096685,-27.57895058723288,-0.8473568500024602,-0.26438569122309574,0.7897885557289759,0.6133791953099708,0.0,3,True,56000.0
89.58356143041652,97.44536401016387,-0.5779800868372557,-0.7309599314036794,0.8599481117504522,0.5103814701735515,0.0,3,True,56000.0
-53.61391574531538,13.789767421153343,0.7788658911508258,-0.3830155118132362,0.019941133129866728,0.9998011558350797,0.0,5,True,56000.0
74.48510569903657,20.331645370963276,-0.24414979141885504,0.7300571703248465,0.10381848737089244,-0.9945962606402827,0.0,-1,False,56000.0
-129.04567471833624,42.4848626751496,0.4143785957284416,-0.8660254037844387,0.838126243960872,0.5454763048782899,0.0,4,True,56000.0
-109.43163685027515,-88.92806627699159,0.9736310441529941,0.04567237126955524,-0.9093601440843768,-0.4160097695372491,0.0,0,True,56000.0
215.50860814666353,1.360743761673476,-0.955178422480395,-0.07763324953934253,0.9994753071225789,-0.03238997455903308,0.0,3,True,56000.0
280.8128538504313,-109.93687466665719,0.5185384497520852,0.8339158669202643,-0.9642578870470637,-0.2649655209025711,0.0,0,True,56000.0
33.334335057734386,-22.21902760398766,0.5614594809427936,0.7595744601847089,-0.8348094410452824,0.5505390060126065,0.0,0,True,56000.0
-19.305049016269216,40.83254698365465,-0.7495840851613123,0.17526063980674894,0.9919943856866802,0.12628198116042416,0.0,-1,False,56000.0
240.94526355727584,-166.07390705488197,0.9291966001616538,-0.12263508586862926,-0.9768582882352319,0.2138875515443781,0.0,5,True,56000.0
58.99083092943288,-257.71313137481314,-0.9282144968925367,-0.12433613862901972,0.9935910786930123,0.11303436796457145,0.0,3,True,56000.0
256.9189362405595,252.0949959478922,-0.00452833817917328,0.7697870398661746,0.5564463269998247,-0.8308835569248608,0.0,-1,False,56000.0
56.16316190350838,244.6761243468137,-0.19638481976878075,-0.8660254037844387,-0.9632110653893194,0.26874605766619936,0.0,4,True,56000.0
-374.94426618336587,164.9884158749369,0.2972509072552282,0.710094705464374,0.4751889023191652,-0.8798838031878463,0.0,-1,False,56000.0
85.11150701840522,110.10946580867888,0.7254626905323318,0.2574810230641915,-0.9940940718663325,0.10852177790535938,0.0,-1,False,56000.0
412.3699060490121,309.0709865898037,-0.5705549582765774,0.5167781266448932,0.9940397337684795,-0.1090183823451652,0.0,-1,False,56000.0
188.40392325309458,18.711057929907653,0.563963685516282,0.7552370506308806,-0.9271945345050677,0.37458015855576443,0.0,0,True,56000.0
88.14381854517579,90.35995534498825,0.03332157683553518,0.7690788419335081,-0.004730549135158489,-0.9999888108896591,0.0,-1,False,56000.0
92.8508151377596,-188.0948464565811,-0.15084159411871123,0.7548770801106087,-0.9289963607421065,-0.37008885652990675,0.0,-1,False,56000.0
-178.18423612002533,7.418894192137574,0.929465434395982,-0.12216945131595917,-0.20289587186538116,0.9792003192297674,0.0,5,True,56000.0
-29.015342493932465,93.11862328224964,-0.3596278619268869,-0.8660254037844387,0.5585405605563633,0.8294772101829617,0.0,4,True,56000.0
-29.79158266405646,-203.20400863834888,0.6990886910441559,0.5211936756835777,0.09617696886391436,-0.9953642502419804,0.0,0,True,56000.0
156.3607148618955,-106.08492759765613,0.2404528658010443,0.8660254037844385,0.9731297190521285,-0.2302575729420312,0.0,1,True,56000.0
85.9356133405341,-256.90879054228554,0.20465739855676784,0.742096989488954,-0.9583444580128295,-0.28561495023154576,0.0,-1,False,56000.0
122.62262092573562,-9.586753173137225,-0.8541380793534292,0.2526402574494407,0.7795520044438121,0.6263375067543738,0.0,2,True,56000.0
-83.1542227523357,106.13551532669327,-0.6087625619674049,-0.6776431204955351,0.9997077440574651,0.024174914087779997,0.0,3,True,56000.0
51.68149009859113,-240.21376359994537,0.8842145227388202,0.20054632939497466,-0.6984174770592428,0.7156905949765466,0.0,0,True,56000.0
77.06349481379176,16.35168589791483,0.5613540923349634,-0.5267581756474045,-0.9820404259404403,-0.18867061726316664,0.0,-1,False,56000.0
-0.1015934018219157,-154.54534784207638,-0.6437828419730012,-0.42206189708828057,0.8329849332191817,0.5532956723392982,0.0,-1,False,56000.0
59.44328069404517,180.63728137937048,-0.7598585931004274,-0.12331873776531985,0.973629309170427,0.22813585497233246,0.0,-1,False,56000.0
-158.52837869258127,37.412948832365245,0.6057510142282316,-0.6828592741892024,-0.25046877792666483,0.9681246775511917,0.0,5,True,56000.0
138.46462072398447,-70.94718837439085,0.7767413105659376,0.3866953933310369,-0.4408303070884874,-0.897590463603535,0.0,0,True,56000.0
128.92553801309623,-137.7614777425355,0.07986613830572857,-0.8660254037844387,0.6929101323053275,0.7210239583733196,0.0,4,True,56000.0
136.56418929057077,-92.68450312058428,-0.7191615090876515,0.48642653498115807,-0.21499663449487988,-0.9766147895437064,0.0,2,True,56000.0
-53.547096764791384,-85.62162634089269,-0.5270550390248875,0.5610753767820031,0.9063090037072572,-0.42261565257201317,0.0,-1,False,56000.0
38.83861106365389,-15.209671000265061,-0.7559580002748011,-0.14532754182575347,0.8642122463688214,-0.5031274125167774,0.0,-1,False,56000.0
-151.39825998107608,135.03827327575053,-0.21488584369165692,-0.8660254037844387,0.6839503150633308,0.7295285919855665,0.0,4,True,56000.0
24.04015456313377,153.1887592646428,-0.9097791759473718,0.1562670511598848,0.9356141214614637,-0.35302438403261693,0.0,2,True,56000.0
91.02334797798889,-89.63516526991488,-0.7649293299131679,-0.08646220463985563,0.9995208864389001,0.030951535859190665,0.0,-1,False,56000.0
-32.11275358242348,-30.20891219234587,-0.7691564140165941,-0.03148020599878745,0.8259455076927514,-0.5637499608175405,0.0,-1,False,56000.0
285.1896208046366,109.61254062533168,-0.11754577345316067,-0.7607730172238567,0.020130633499841427,0.9997973582654321,0.0,-1,False,56000.0
156.3618297667786,10.928002974078172,-0.623749133190245,0.451142562209564,-0.10784857733913039,-0.9941673321758,0.0,-1,False,56000.0
-93.45735227405945,12.811226600916884,-0.7694103364011017,-0.024501567944436878,0.8907980041985999,0.45439951113034815,0.0,-1,False,56000.0
-213.57350544931464,112.6939468527819,0.050569211788311086,-0.7681375836474227,0.858138569567824,0.5134181487050895,0.0,-1,False,56000.0
67.14051494337141,59.792209509243406,-0.6377131032858389,0.627499312025385,0.23702750668911998,-0.9715029393019894,0.0,2,True,56000.0
164.777078177971,95.62479525180568,-0.510688270182991,0.8475127767824748,0.9476696805208377,-0.31925252797932185,0.0,2,True,56000.0
-11.894590473103216,-201.3343791467324,0.6163597764578185,0.4611867501972061,-0.9628710459497624,-0.26996175446039417,0.0,-1,False,56000.0
-108.39886383125861,179.8415211876434,0.23822808983585986,0.8660254037844386,0.9412954365860933,-0.3375839170663395,0.0,1,True,56000.0
-10.854617739053623,79.41867103231264,0.8923781921604832,0.18640643918045802,-0.8237168378422678,-0.567001385408214,0.0,0,True,56000.0
-76.69929620615194,235.5846474317379,-0.32207320504070536,-0.8660254037844388,0.5823329405654706,0.8129503959848761,0.0,4,True,56000.0
217.65237840390128,-6.649689831573011,-0.987371384218369,-0.02187340416305023,0.9512851149839366,0.30831255246859424,0.0,3,True,56000.0
55.28066735912934,-262.73059951174736,0.2807530730369688,-0.7167777232677441,-0.9615192498079149,0.2747375697796845,0.0,-1,False,56000.0
97.04270365571284,-0.9689805922459283,0.5741462639635297,0.7376003074081918,-0.5293145902339594,-0.8484256387952234,0.0,0,True,56000.0
-104.29161858956327,-4.284543978092877,-0.127869792463617,0.8660254037844386,-0.3515638730174929,-0.9361638976101315,0.0,1,True,56000.0
-191.44406947439728,8.000977532626141,-0.974963026535056,-0.04336531010903675,0.8574687525989295,0.5145360418048509,0.0,3,True,56000.0
137.20201587330533,-65.57399964764842,-0.6913131358618069,0.33864249700459537,0.6967702112873015,0.7172944114255038,0.0,-1,False,56000.0
-59.17494060223508,19.15646464649361,0.8663067419561901,0.2315635155612956,-0.5796632102174863,0.8148561607547238,0.0,0,True,56000.0
-46.17620174125016,7.7244576978401,-0.6729985122417688,0.37371860418362657,0.3493039323374887,-0.9370094785290609,0.0,-1,False,56000.0
62.7481514949937,-60.58780945658435,0.22824653562554725,-0.8660254037844386,-0.9856647335008968,0.1687158354520649,0.0,4,True,56000.0
-49.936450788316286,102.72486490140601,0.7284702637447791,-0.24884466526772153,-0.8068903097578686,-0.5907013018595813,0.0,-1,False,56000.0
121.74317110558606,460.969876117859,-0.745889601702131,-0.19037146494479856,0.9590845027806676,0.2831199684331638,0.0,-1,False,56000.0
-189.4618060261857,297.08199757514586,-0.29181780088082926,0.8660254037844386,-0.24963264452234735,-0.9683406130016686,0.0,1,True,56000.0
6.346299750194106,119.37627953020257,-0.8847581637515811,-0.19960471553979423,0.954367266193978,0.29863543195168185,0.0,3,True,56000.0
-108.89821525050188,-376.4139844472643,0.8042846556737936,0.3389889201938271,-0.7979195593490755,0.6027639478334657,0.0,0,True,56000.0
69.88293894643819,-77.55876838023077,0.16772206901709083,-0.8660254037844387,-0.03946398493454442,0.9992209935208285,0.0,4,True,56000.0
295.87295234263865,-129.99559622757872,-0.49804230804510174,-0.5869807935441332,0.11072319928090302,0.9938512832112334,0.0,-1,False,56000.0
93.2604738443842,-159.98115931780436,0.7620227534408729,-0.10915088561703522,-0.9925928238397189,0.12148862523497206,0.0,-1,False,56000.0
12.636856490656688,12.16102823927475,-0.9806583668266702,-0.033500691357566746,0.8712245266976191,0.4908847360431314,0.0,3,True,56000.0
137.64610668558484,72.38389696983154,0.19581133849036544,-0.7444800281479712,-0.08142065844100504,0.9966798264130255,0.0,-1,False,56000.0
-104.41592392475117,218.97546160161258,0.6943942086918944,-0.5293247576329304,-0.9999801570484428,0.0062996435580650045,0.0,5,True,56000.0
215.32292297123178,-286.55031172249375,-0.6963817860695098,-0.5258821726309261,0.15570126379354826,0.9878041893273469,0.0,3,True,56000.0
-110.46317666763001,-94.59141172737665,0.5566630346222449,-0.7678821489076763,-0.7977566232321628,-0.6029795768423105,0.0,5,True,56000.0
-13.45111338402535,-320.81113664932514,0.5049615197981514,0.5810391175435037,0.10672502458463817,-0.9942885743722508,0.0,-1,False,56000.0
29.956883070080394,-84.17875788319992,0.3432652528674815,-0.8660254037844387,0.548117057624267,0.8364016326747076,0.0,4,True,56000.0
149.23582290134252,45.84544709921808,-0.9860096080519704,-0.024232069671789536,-0.4408560085030089,0.8975778405054954,0.0,3,True,56000.0
50.04753761190034,-185.76016362790173,0.5871546936374927,-0.4978372809784884,-0.988961226772751,0.1481745320216173,0.0,-1,False,56000.0
46.75710667944914,182.48789416007335,0.588177163679827,0.7132980762236613,-0.8754676484262942,-0.48327672875762834,0.0,0,True,56000.0
129.82339911765365,-262.3949194464674,0.6197740093057357,0.4565881842335456,-0.8729414335747924,-0.48782502349517237,0.0,-1,False,56000.0
-24.583923094077786,-192.39299790093412,-0.6177271459341442,-0.4593536391154953,0.92084921334253,0.38991887141576975,0.0,-1,False,56000.0
86.62035684330074,64.47581073856134,0.4017376014433604,-0.656657819704546,0.01810314275175756,0.9998361246835376,0.0,-1,False,56000.0
-49.75617869713463,-127.40689498523038,-0.5569631398781074,-0.7673623513569038,-0.1423859102560936,0.9898112206679648,0.0,3,True,56000.0
197.07666927647347,-40.06127402021177,0.36035357692481185,-0.8660254037844387,0.7666421698738038,0.6420745933073045,0.0,4,True,56000.0
-61.47287491317328,3.186379159824517,0.1160403982023403,0.8660254037844385,-0.6389611799865963,-0.7692389813769297,0.0,1,True,56000.0
-160.07358816759537,9.566752089567903,0.5055048232247973,-0.5805665046220451,-0.8066888046587737,0.5909764567542715,0.0,-1,False,56000.0
-94.42914504462438,264.46219387640053,-0.990797300995647,-0.01593954224230238,0.6094152713388334,0.7928512010829296,0.0,3,True,56000.0
68.81058723064947,-93.55389388175512,0.6674496788774724,-0.5759940522575631,-0.8725143599287297,0.4885884686705115,0.0,5,True,56000.0
2.031456457787356,-183.17230569818702,-0.7680803347390928,-0.051431429881695814,0.8752710398489341,-0.4836327189111092,0.0,-1,False,56000.0
99.78595880310436,-73.01501512890016,-0.7012289300753453,-0.5174866729412158,0.32425482044205445,0.9459697729947387,0.0,3,True,56000.0
268.2998107465017,64.11539397542273,-0.987664799360964,-0.021365194228365976,0.10782789773532159,0.9941695753087844,0.0,3,True,56000.0
140.939006401672,-89.75565538725635,-0.8061631405667324,0.3357352889180062,0.6172078538175456,0.7868001431021793,0.0,2,True,56000.0
28.273566306578594,-362.57539282389007,-0.8472851310668557,0.2645099120634281,0.8123794062114602,-0.5831292312713454,0.0,2,True,56000.0
278.00092764775866,-115.79969856278238,-0.6610359563943362,-0.5871029454640025,0.5577739054434541,-0.8299929339494061,0.0,3,True,56000.0
-166.48259206970792,172.37892584901715,0.46195220683627547,0.8660254037844386,0.6054408541385432,-0.7958903015740093,0.0,1,True,56000.0
-67.47870667435494,-66.43431037785936,0.05896072190308751,0.7675390712304221,-0.10728479611528022,-0.9942283301747423,0.0,-1,False,56000.0
132.32489424338857,-223.7578503055582,0.3296835883607152,0.8660254037844386,-0.7012573105179971,-0.7129082580842316,0.0,1,True,56000.0
220.9741004394399,61.64022431130209,-0.7399786992807701,0.21218887153508298,0.7514895567057673,0.6597449857041299,0.0,-1,False,56000.0
-120.37765748307713,-309.09830223010977,-0.6803117629272,-0.3602339487270426,-0.1682713113864247,0.9857407193394444,0.0,-1,False,56000.0
-283.8726819396292,130.6407047152759,-0.20116521498084375,-0.8660254037844387,0.2596280074315869,0.9657087023304546,0.0,4,True,56000.0
-200.57434311460383,-188.99724062980886,0.2809927351533744,0.7166838043262997,-0.494867629793763,-0.8689683705302303,0.0,-1,False,56000.0
100.99516906816021,65.76709699523303,0.7092352489160108,-0.29929576389858353,-0.9734380845370576,0.2289504216471348,0.0,-1,False,56000.0
-53.25936215382554,67.82278495328958,0.5435062380583322,-0.7906703890212207,-0.39678678267527345,0.9179108067203087,0.0,5,True,56000.0
-144.22084037333445,130.79425154353575,-0.49608257579504245,-0.5886379792241989,-0.2167416030771246,0.9762290087347405,0.0,-1,False,56000.0
327.95167185068556,-135.80723350486574,0.5587794244867995,0.7642164541336438,-0.29932917127292147,-0.954149908151035,0.0,0,True,56000.0
8.786348119043135,0.9129697822847667,-0.7873052197932251,0.36839816582282964,0.9071510058744026,0.4208052430052768,0.0,2,True,56000.0
-149.7666261285583,99.8127893924096,0.7355857243549406,0.2269498506670794,-0.058023818386810144,-0.9983151989724997,0.0,-1,False,56000.0
282.214019874756,237.19265167326412,0.5598977604636284,0.7622794394018438,-0.9769781836336625,-0.21333923385901088,0.0,0,True,56000.0
31.733030145003905,70.82361691044512,-0.11223023558175826,0.8660254037844386,-0.9633169076566485,-0.2683664200724456,0.0,1,True,56000.0
97.22779423418997,26.07301448734423,0.035781234501485626,0.7689683321503832,0.8213678310070931,-0.5703988834019614,0.0,-1,False,56000.0
-29.491702196101556,-135.49649107613405,0.11112781062109428,-0.8660254037844387,0.051929427399054845,0.9986507570565035,0.0,4,True,56000.0
-91.59197059126522,10.608959868552503,-0.8647484716380972,-0.23426251892415856,-0.35178211872470394,0.9360819093141151,0.0,3,True,56000.0
101.68409910284844,35.38541499497548,-0.08538947665468552,-0.8660254037844387,-0.23201359595418616,0.9727125429909815,0.0,4,True,56000.0
109.69481013807068,4.057126851148732,0.17442877305312393,-0.8660254037844387,-0.2967055167019085,0.954969023769,0.0,4,True,56000.0
-126.98593670552337,-43.722458335448415,-0.409558890359958,-0.6518083367982588,0.7914657186997274,0.6112135601594,0.0,-1,False,56000.0
3.312541269929362,-59.51722842518135,0.9033553322389101,-0.16739347484282127,-0.999778980742095,-0.021023550271919877,0.0,5,True,56000.0
57.79494864361942,-129.3549286459748,0.26238116619051166,-0.7237048543578379,0.1486333718031332,0.9888923706784716,0.0,-1,False,56000.0
63.735696530925544,13.520360046066774,0.22686761356694057,-0.8660254037844387,-0.8382560283824951,0.5452768387526512,0.0,4,True,56000.0
160.03407507024056,-151.96098808783697,0.3592468311861315,0.6808335383008945,-0.9976145837401038,0.06903001020308985,0.0,-1,False,56000.0
-84.45536197941853,-57.06814191852846,0.5104013112286505,0.8480098042710793,-0.684315362089799,-0.7291861800717105,0.0,0,True,56000.0
199.7502284297206,-66.94886943423147,-0.025820457496610716,-0.8660254037844387,-0.0376787437895516,0.99928990401488,0.0,4,True,56000.0
76.82451487190946,-229.80365545374156,-0.1668982927301601,0.7514902211448597,0.983582458184613,-0.1804592695074682,0.0,-1,False,56000.0
-109.30738935382576,2.3369373014434016,0.7104691336058379,0.5014821709541255,-0.9978535768628776,0.06548464813676369,0.0,0,True,56000.0
193.17797080496214,62.38983020471366,0.7725979195545114,-0.39387195707845113,-0.06310969835394165,0.9980065961572226,0.0,5,True,56000.0
63.93589523945502,119.10366469468102,-0.7446477416900403,-0.19517257335116373,0.8769204930247088,0.48063546364481513,0.0,-1,False,56000.0
84.47755482653244,34.60023767096934,0.6563151171114888,0.4022972279838936,-0.867042503643585,-0.49823417875044956,0.0,-1,False,56000.0
-138.46039643809883,0.37222763597554365,-0.7522650625043749,-0.42908949855232287,0.5961302466991426,-0.8028877436915022,0.0,3,True,56000.0
153.43779109212676,-27.881058961795382,-0.26393700782107293,-0.7231388860343849,-0.2392363691511778,0.970961358487049,0.0,-1,False,56000.0
152.57934218571813,159.96352928977586,-0.13883390244719185,-0.8660254037844387,-0.4951183692570197,0.8688255293348288,0.0,4,True,56000.0
127.6975289280857,85.17203861189958,-0.23571411661489206,0.7328242953266857,0.9982989267584967,0.058303111688064874,0.0,-1,False,56000.0
17.429065842508322,-105.87721901690915,0.944920829088675,-0.09539992245718418,-0.8874721233605043,-0.46086140026872574,0.0,5,True,56000.0
38.89796025627705,-109.06657336226704,-0.025703259236262155,0.7693711295969103,0.9824203727887446,-0.1866821125045637,0.0,-1,False,56000.0
-24.643465132367563,14.212269870625672,-0.2649171886909926,-0.7227803786273208,0.9933753252920198,0.11491502556507482,0.0,-1,False,56000.0
103.29532182115055,-67.84433075386937,0.4225680818093617,0.8660254037844386,-0.4835210550058137,-0.8753327306605968,0.0,1,True,56000.0
201.4377964949434,-9.66479660130456,-0.9423040737176618,0.0999322757107587,0.9732348652243565,0.22981274357902215,0.0,2,True,56000.0
89.24274305037206,200.89068563955877,0.6125153084730223,-0.46628059093081564,-0.6874901336977322,-0.7261937180036251,0.0,-1,False,56000.0
180.32697889818724,-85.24369062567253,0.34920341138362804,0.8660254037844385,0.1783208971502639,-0.9839723866243181,0.0,1,True,56000.0
191.66047438846897,-28.15391167980618,-0.09021620764476132,-0.7644956693603893,-0.4837963822433,0.8751805873806149,0.0,-1,False,56000.0
220.57100402509175,-408.7171167745758,0.5613346055094878,0.7597907507798117,-0.37355159564059515,-0.9276094034635722,0.0,0,True,56000.0
340.447824791313,125.14110587149024,0.723609286162382,0.2626446145881548,-0.05704734240749962,-0.9983714743140018,0.0,-1,False,56000.0
5.421563084005934,-100.73664930173842,0.5892458410290466,0.7114470727579147,-0.6773463132438666,0.7356643065519826,0.0,0,True,56000.0
-29.91520032066836,157.32268493642374,0.22882032579963918,0.7350060211274051,0.5951571056068687,-0.8036093700581791,0.0,-1,False,56000.0
-117.11861474017601,-282.7305955992996,0.5702780271951762,0.7443002900266859,-0.5862427110782498,-0.8101354724410048,0.0,0,True,56000.0
134.03475843976622,6.528858093699811,0.42184043496694185,0.6439279773542175,-0.09582535150165739,-0.995398162550611,0.0,-1,False,56000.0
-47.70169562694672,172.27630947600508,0.6728648579964884,-0.3739591895728166,-0.9737974561688147,-0.2274170494024224,0.0,-1,False,56000.0
184.32244101492867,58.02556190994852,-0.3307940661774692,-0.6951027825971986,0.7375262869356789,0.6753184256915139,0.0,-1,False,56000.0
-77.06459422376255,-89.34113482563615,-0.8486489631283516,-0.2621476856399256,0.9984243375888502,-0.05611454454848752,0.0,3,True,56000.0
228.991532681875,-96.42841868132666,-0.19286193518472605,0.7452495330755967,-0.26979711801056944,-0.9629171901637434,0.0,-1,False,56000.0
40.872245951142204,88.44590678940003,-0.5814888931287348,-0.7248825006329203,0.7605202447258567,-0.6493142208221034,0.0,3,True,56000.0
180.5945844785448,-57.71980352094246,-0.6237588553777337,0.4511291200204791,0.9537157964821398,-0.3007094603435585,0.0,-1,False,56000.0
-214.1243122612463,-199.07177556381728,-0.8614548140272245,0.2399673012489266,0.9272750554666633,0.37438078410744796,0.0,2,True,56000.0
-38.46378364520348,238.48468765792117,0.22931090264709214,0.7348531162890772,0.11292649095458654,-0.9936033452239652,0.0,-1,False,56000.0
-89.2469427374334,69.4679784834485,0.7651597170133486,0.08439905243925894,-0.9091262628576448,-0.41652063356101415,0.0,-1,False,56000.0
-218.48319454286187,118.89893181795273,0.632934520670409,-0.6357760599034754,-0.8809056101107053,-0.473291988179719,0.0,5,True,56000.0
146.7191986563592,171.40695257686082,-0.9130512934240109,0.15059957744201144,0.9716973514431809,0.23622924712631366,0.0,2,True,56000.0
-166.11551874634415,-5.845928050884176,0.36923885424680736,-0.6754666987402839,-0.35578224741915404,0.9345688805116834,0.0,-1,False,56000.0
53.66199720952382,177.63635089729874,0.6267867885268842,0.6464242443273842,-0.09849242384258988,-0.9951378007317159,0.0,0,True,56000.0
76.70399421527178,-108.1771002368309,0.04242700486927503,-0.7686303024539267,-0.6189832721886864,0.7854041690431119,0.0,-1,False,56000.0
127.6313857541538,-123.22140245488917,-0.9148835015316663,0.1474260999095127,0.9697902230051383,0.243940409451462,0.0,2,True,56000.0
36.80484125540003,114.52470098907347,0.751773974034158,-0.42994008873374945,-0.6097898622203847,0.792563135613128,0.0,5,True,56000.0
50.227820519290894,193.95738940002906,-0.7690840022730574,0.03320225956540149,0.7523422763670995,-0.6587724183589589,0.0,-1,False,56000.0
237.9018271174652,-200.22718747318166,0.2810687411419678,0.8660254037844385,-0.4772930863703394,-0.878744166241084,0.0,1,True,56000.0
-40.74952298117183,-127.16854167075262,0.9651619885760371,-0.06034120582096819,-0.971221135779507,-0.23817956548528302,0.0,5,True,56000.0
91.8589289111393,86.08164805286759,0.7518548875765394,0.1652477552642143,-0.8788550939579813,0.4770888007736859,0.0,-1,False,56000.0
-84.53668261257592,117.55836193361367,-0.3634342681184423,0.8660254037844384,0.45658544691063074,-0.8896795657252359,0.0,1,True,56000.0
-80.34049905748834,258.9716825477041,-0.518098524672931,-0.5693562253320188,0.9451989955785054,-0.3264948066310975,0.0,-1,False,56000.0
-209.23379873691024,142.3058104286327,0.026432694457938277,-0.8660254037844387,-0.8954049404852464,0.4452527288566397,0.0,4,True,56000.0
34.80249511346174,30.503936966380184,-0.2918785953854319,0.7123197864361341,0.5654204836721723,-0.8248028107635754,0.0,-1,False,56000.0
27.021081302069234,50.35163708567935,0.7556421953806486,0.14696076058902996,-0.845757147029195,-0.5335680352576028,0.0,-1,False,56000.0
-29.160121376011496,75.97319074495582,0.10974334108890293,-0.8660254037844387,-0.8247876963710103,0.5654425310450474,0.0,4,True,56000.0
80.25730518404737,195.13301359450273,-0.2924385524137287,-0.8660254037844387,-0.6912512753050207,0.7226144714775342,0.0,4,True,56000.0
34.74096999570602,-130.7931443105504,-0.7679803932212974,-0.052902818641862484,0.9500657325958343,-0.3120498417670038,0.0,-1,False,56000.0
-14.57504860067487,15.361525610294516,-0.9530102422239728,0.08138864790343463,0.9997167099164369,-0.02380125865567692,0.0,2,True,56000.0
96.78197373117247,51.32518609491156,0.2690104110169964,-0.8660254037844387,0.1888325200845517,0.9820093071647451,0.0,4,True,56000.0
32.64081120855994,-100.91566757218625,0.9809501117069113,-0.032995374402140586,-0.8260463023655461,-0.5636022589981973,0.0,5,True,56000.0
-120.74290845749321,-38.23892658947623,0.5460320860864939,-0.542624689409378,0.004648691033176056,0.9999891947772679,0.0,-1,False,56000.0
45.48175919866006,-26.91977435540615,-0.7665215127208749,0.07097438360911686,0.9898437520931259,0.14215958090106223,0.0,-1,False,56000.0
75.62043273535181,-21.27033595899367,-0.7349334320812356,-0.4591087630232066,0.7447112801473851,0.6673867763305779,0.0,3,True,56000.0
-233.22953058116732,-212.37748800055476,-0.06754893488393499,-0.8660254037844388,0.860103475328847,0.5101196053150692,0.0,4,True,56000.0
170.16854512919883,34.47662953251127,0.36511490215693554,-0.8660254037844387,0.3581742515311601,0.9336547571451108,0.0,4,True,56000.0
-220.69563445231842,-126.8132854731965,-0.5607894797858164,0.7607349362297234,0.9928347300257352,-0.11949560181999759,0.0,2,True,56000.0
-119.25517214927449,33.99394064239213,0.9686230833602708,0.05434641380486484,-0.6032085758333656,-0.797583484057094,0.0,0,True,56000.0
79.07992336094595,-2.3593705416627135,0.9916698184276889,0.014428297719517143,-0.4826199502809362,-0.8758298827914541,0.0,0,True,56000.0
-34.29808869614863,161.450029352973,-0.7667016693599182,-0.06900103472635005,0.782736065165248,0.6223537999315387,0.0,-1,False,56000.0
-334.61231501367223,2.944964605822627,-0.6035436463056204,-0.686682547582163,0.20777066287988005,0.9781775665215813,0.0,3,True,56000.0
-141.1549823690827,-267.2490228733093,-0.6319183474295236,-0.4396268813147488,-0.10732215854948868,0.9942242977738569,0.0,-1,False,56000.0
225.87231523387072,13.428912533886637,0.2166736561156659,0.7386779537376641,-0.999198865204931,0.04002034198748827,0.0,-1,False,56000.0
-177.9509815231779,-180.22316164386663,-0.7272696530180838,0.252332012221098,0.4635369751099111,0.8860775771373602,0.0,-1,False,56000.0
-124.74627722382172,-70.18479150822131,-0.5737947400580379,0.7382091646725788,0.7446805446045458,-0.6674210713538515,0.0,2,True,56000.0
317.0140300153482,14.807917056864659,-0.1639994053814886,0.8660254037844385,-0.5971278497659092,-0.8021460783633295,0.0,1,True,56000.0
156.57322867446496,117.87695909153038,-0.4011018854941695,-0.8660254037844388,0.41745170228618456,0.9086991120596635,0.0,4,True,56000.0
-76.32847327656951,-202.2930724368046,-0.9665511986447325,0.05793502339960251,0.9983344488762264,-0.057691664793187186,0.0,2,True,56000.0
76.10260047560104,314.8644664674268,-0.2125534917462327,0.8660254037844386,-0.07346429785223973,-0.9972978476567007,0.0,1,True,56000.0
234.12719535694598,22.712115592682753,0.43289936419189556,-0.8660254037844385,-0.4429026531961485,0.8965697071569472,0.0,4,True,56000.0
113.26022583465742,-84.09619677132065,0.3812192664098185,-0.8660254037844387,0.5202411983849573,0.8540193765381305,0.0,4,True,56000.0
45.761615811596265,-21.772946087685238,-0.5529615628977492,0.5355614834454312,0.5140735645319772,-0.8577460989412858,0.0,-1,False,56000.0
65.17375846284762,46.84309589532229,-0.2598328417230943,-0.8660254037844387,0.6214177806480332,0.7834793819201918,0.0,4,True,56000.0
0.4745898863274184,66.12573960719007,-0.9417503924460457,0.10089127980439691,0.9764293643787774,0.2158371987832087,0.0,2,True,56000.0
-21.656311730311273,-187.10122202972866,0.3588817671987457,-0.8660254037844388,-0.6311636117007038,0.7756497245951316,0.0,4,True,56000.0
-232.69514541803426,49.42428952199656,0.6259170584430351,0.6479306610214821,0.3270093538694894,-0.9450211016064205,0.0,0,True,56000.0
379.0131438897079,-49.365853220843334,0.9623136356803794,0.06527469775413422,-0.9970351102105627,-0.07694796298143923,0.0,0,True,56000.0
75.41788577095066,152.92785254337795,0.704281859730938,0.310772673583962,-0.9645580579657902,0.2638707123060392,0.0,-1,False,56000.0
203.23190668137855,112.4935373895646,-0.5841499184676274,-0.5013596167890434,0.1668370518699348,0.9859844816846388,0.0,-1,False,56000.0
-76.38458035866648,-22.564572695244138,-0.7022491676883937,0.5157195695596231,0.7659554158013807,0.6428936933927282,0.0,2,True,56000.0
-165.81688097341393,-258.42799154697065,0.354389815069078,0.6833743129265959,0.3758207860525879,-0.9266923636085449,0.0,-1,False,56000.0
19.80066976099402,46.84953296143412,-0.7079014324022015,-0.5059295598974792,0.35371015084517676,0.9353550818747026,0.0,3,True,56000.0
-27.690562403131736,141.00882662790474,0.6980106178634733,0.3246132621173151,-0.7228700932864653,0.6909839565659412,0.0,-1,False,56000.0
63.79329146827796,-41.89296875797674,0.13894592421330743,0.7571569340216744,0.9267023660206767,-0.3757961213362518,0.0,-1,False,56000.0
7.180526939929243,214.58368582679458,0.9695331504771165,-0.052770131320189415,-0.9983323440040195,0.05772807735389254,0.0,5,True,56000.0
158.12758377742463,5.933304439625466,-0.7140257310337794,0.2876801140403507,0.784175273996732,0.6205393941175399,0.0,-1,False,56000.0
16.472909471855235,-134.9921281331783,0.6405756821851756,-0.42691379455996653,0.5033991428176392,0.8640539931104503,0.0,-1,False,56000.0
-7.061168256766539,128.9731762960065,-0.9180215602864247,-0.1419908227091343,0.9860189688745662,-0.16663310901254857,0.0,3,True,56000.0
64.48961278453316,117.68902592671422,-0.7697908724331317,-0.003821689577946763,0.8227833681113569,0.5683551083248379,0.0,-1,False,56000.0
90.80131833878025,73.2792080225319,-0.7293279812347853,-0.24631948437057308,0.8577021550827317,-0.514146878981206,0.0,-1,False,56000.0
-78.3344310651083,134.16826583384557,0.9285634127730601,0.12373179859638607,-0.11170203799935963,-0.9937417444721328,0.0,0,True,56000.0
52.83157667420627,111.7644136673653,0.6962245291762577,0.3284265482050599,-0.644327422011673,0.7647497455007062,0.0,-1,False,56000.0
-49.75819452518828,34.59342906018824,0.5156641334378893,-0.8388943288134756,0.2935188473272965,0.9559532866533312,0.0,5,True,56000.0
14.150154414937887,160.9493922665166,0.6951381192437978,0.5280362667607471,-0.785198675866172,-0.619243925620251,0.0,0,True,56000.0
-118.98244004886773,151.77619293490318,-0.6586479322892979,-0.591239124543628,0.16007874222819457,0.9871042479324159,0.0,3,True,56000.0
105.22119564960657,-166.1328328960967,-0.7372827416505044,0.22137468567319918,0.7338491891171409,-0.6793124226979621,0.0,-1,False,56000.0
0.22668910590652158,-86.76643315071539,-0.852487726354915,-0.2554987526932903,0.9533876229793313,-0.3017483062908008,0.0,3,True,56000.0
-3.4946271503352477,90.42344697727204,-0.7694041874228997,0.024693905497097948,0.7939732311151256,-0.6079527187802491,0.0,-1,False,56000.0
-172.5325529690011,116.79842977515901,-0.6211740267049417,-0.6561458329737718,0.6920847712097002,0.7218162297006356,0.0,3,True,56000.0
37.5412293391005,-170.15490362503374,0.6125946388744862,0.6710057685939587,-0.07810337206488338,-0.9969452659357434,0.0,0,True,56000.0
-34.49945366220026,74.41623631699754,0.4049620102295619,-0.8660254037844387,0.8837572579061261,0.4679456262194743,0.0,4,True,56000.0
100.00848599070738,199.08336628802553,-0.2203632337566589,0.7375856816674932,0.22025842333166284,-0.9754415548616996,0.0,-1,False,56000.0
142.1071292392641,209.6446132065784,-0.6891291072750048,0.3430651047526507,0.9481871222524801,-0.31771241901173064,0.0,-1,False,56000.0
86.30130948992023,-231.87482648915915,-0.29098481764921136,0.8660254037844385,0.20518236000072382,-0.9787237603860399,0.0,1,True,56000.0
118.00976234375979,108.82486482748754,0.2247691502622301,0.7362549977303974,0.185336595097932,-0.9826750971288112,0.0,-1,False,56000.0
48.97297446691264,-162.53988379261833,-0.09651194871197008,0.8660254037844386,0.44289928978906956,-0.8965713686617479,0.0,1,True,56000.0
75.79569882118506,-110.36896369863251,0.6202906917655351,-0.6576758139689246,-0.9380667235842892,0.34645464653175617,0.0,5,True,56000.0
-52.589998671087116,30.821099058031116,-0.19809656123019392,-0.8660254037844387,0.747366583064821,0.6644119132870421,0.0,4,True,56000.0
77.01870603686183,307.65847943985375,-0.3727310407644133,-0.8660254037844387,-0.42239306571123014,0.9064127636119546,0.0,4,True,56000.0
-61.60061900704572,-16.194123617726646,-0.45456194923501064,0.8660254037844385,-0.5160768730894145,-0.8565422704466102,0.0,1,True,56000.0
-40.4822282556908,76.38195458987005,0.03492574715719193,0.769007662366315,-0.5777143048865205,-0.8162390470500267,0.0,-1,False,56000.0
118.92244763692636,-9.150938630214405,-0.7595878422160659,0.1249756078206194,0.3717836141709534,-0.9283194192914793,0.0,-1,False,56000.0
43.9998365090737,-39.46338621883087,-0.34875089618729227,0.6862691928107751,-0.4391076618768168,-0.8984344501858368,0.0,-1,False,56000.0
234.5191393796508,129.1765574209621,0.7674635050313101,-0.05993630817500115,-0.9444112263149989,0.3287665366332109,0.0,-1,False,56000.0
53.50514416195917,-3.153013441380304,0.5337355460673687,0.5547242192808602,-0.8788295053541733,-0.47713593505277485,0.0,-1,False,56000.0
-107.08373910030015,1.8398614771241912,0.7618044981454587,-0.11066390196418249,-0.46172471280493843,-0.8870232745452422,0.0,-1,False,56000.0
-223.50083434426708,-38.15034306450089,0.44416339603713334,0.8660254037844386,-0.3626092736918657,-0.9319412613637732,0.0,1,True,56000.0
-254.0393512956086,51.87466080974847,0.7524046735152452,0.1627261499114684,-0.7606482861486519,0.6491642201929146,0.0,-1,False,56000.0
-74.50932811099003,104.7039380038664,-0.008003418193356482,0.8660254037844385,0.9432242285745246,-0.33215667181270875,0.0,1,True,56000.0
124.82131443454932,-4.919141206323622,0.3021071583801068,-0.708042270947215,-0.8260543425876488,0.5635904746283167,0.0,-1,False,56000.0
93.45838252764364,29.18200616602708,0.1690065042156739,-0.8660254037844387,-0.19721454506263744,0.9803603537553796,0.0,4,True,56000.0
82.93102025879884,-255.9669930673659,-0.554205950043865,-0.7721379442359242,0.8052290214496467,0.5929639306188264,0.0,3,True,56000.0
39.619644403474645,29.21315377497153,0.20998171558768725,0.8660254037844386,0.527367657125885,-0.8496371897564599,0.0,1,True,56000.0
-90.39625222207499,-99.87189409172687,0.8391723827538243,-0.2785616043306165,-0.07227172000513138,0.9973849800789627,0.0,5,True,56000.0
148.10674274082837,-243.554920589985,-0.4908977117746367,-0.5929688264715254,0.10437854388359874,0.9945376411058592,0.0,-1,False,56000.0
-76.78214403207383,54.64233588681175,0.15740185207165946,-0.8660254037844387,0.3669339611728314,0.9302469930817381,0.0,4,True,56000.0
-138.4020171844603,201.3085293914814,0.7573884219115581,0.420215579753646,-0.7061115005082201,0.7081006629353602,0.0,0,True,56000.0
0.8477294777484345,15.637260376130484,-0.8686837050394052,-0.2274464947334508,0.14428048246053032,0.9895368322506211,0.0,3,True,56000.0
-106.78631936495839,-233.5103115096191,-0.403077539229395,0.6558361761609128,0.7765680112950786,-0.6300334307264606,0.0,-1,False,56000.0
2.4213575361947135,224.39785818214844,-0.3881051234136914,0.6648059910775743,0.6647127279335183,-0.7470990492049319,0.0,-1,False,56000.0
159.31655943911716,38.92956042952741,-0.7500119148726715,0.17342064508477875,0.9385553547243424,0.34512873847003345,0.0,-1,False,56000.0
-277.114074558495,413.95049431717007,0.3710088108727467,0.8660254037844386,-0.817819667060758,-0.5754745799496753,0.0,1,True,56000.0
-39.96633036120205,6.776251380826924,0.9298927632497517,0.12142929602969048,-0.998031473267121,-0.06271505694755602,0.0,0,True,56000.0
43.59797471155951,50.08110164661079,-0.07193959414801938,0.7664315281787478,0.24879178960214182,-0.9685569913155441,0.0,-1,False,56000.0
-19.788224269978716,117.82650920415841,0.020529552707947638,-0.8660254037844387,0.7287433109107949,0.6847869645388718,0.0,4,True,56000.0
82.34021394726341,-31.156355942617676,0.6377069825532676,0.4311871948416359,-0.3382971398970612,-0.9410393430336702,0.0,-1,False,56000.0
87.30868486907019,46.05381693779406,0.9031839620338783,-0.16769029674483968,-0.9672326089505456,-0.2538918671055663,0.0,5,True,56000.0
-4.897819936888669,-20.01925308318571,-0.11036268948957095,0.7618481931206642,0.9094364899029663,-0.4158428439118006,0.0,-1,False,56000.0
157.44042451530697,-48.83797258524559,-0.9320226947072776,0.11774014652861625,0.879409878721499,0.47606540013601384,0.0,2,True,56000.0
-245.9904117159901,-231.17055564042852,0.013610475528115284,0.7696800293293903,0.8371294097633302,-0.547004891485358,0.0,-1,False,56000.0
105.22943690010825,141.39855418164836,-0.2769880329604157,-0.7182410613361728,0.9999714289638753,0.007559183522225177,0.0,-1,False,56000.0
100.97350987411139,36.06405529944435,0.5920343210703983,-0.4920243441815708,-0.06764755255921556,0.9977092806185575,0.0,-1,False,56000.0
204.65861036514605,-210.41710371054612,-0.7170333777801625,0.28009949614692814,0.5651811031362519,-0.8249668603388176,0.0,-1,False,56000.0
-155.65012479215284,146.25771349641562,-0.3118082937336895,-0.7038239698614118,0.9233220733989933,0.3840264948851361,0.0,-1,False,56000.0
461.8301684103359,-107.88472288781135,-0.2938420035206726,0.7115121007822351,0.9044097158067199,-0.4266650512451578,0.0,-1,False,56000.0
-50.551608157881184,-140.46485327929136,0.8855700363452321,0.1981985109583185,-0.968052741788687,0.2507466632181721,0.0,0,True,56000.0
-287.85474236254123,68.04814713817964,-0.6055571225086308,-0.6831951044987179,0.5276845565122524,0.8494404092213422,0.0,3,True,56000.0
182.62059538127136,-76.44872277206188,0.5731868808851865,0.7392620076438037,-0.5114273626397381,-0.8593265111371375,0.0,0,True,56000.0
-15.838783412536259,-113.17190696604395,-0.3338922622235722,0.69361988856997,0.9717247311669606,0.23611659585454203,0.0,-1,False,56000.0
96.7596891307216,11.163964316488242,-0.599440799105482,0.6937888873884942,0.9999027345265282,-0.013947095969910672,0.0,2,True,56000.0
47.96713917484206,-63.923118396284735,0.9694022243143696,-0.05299690208610661,-0.9996533120704905,0.026329748690411797,0.0,5,True,56000.0
41.02934525487345,224.02853340690865,0.1522405327966712,0.7545961918578559,-0.7130002320323678,-0.7011637962141621,0.0,-1,False,56000.0
-90.20429227856361,-35.550454010822214,0.9047965417130569,-0.16489722680924998,-0.7481407065204617,-0.6635401142709482,0.0,5,True,56000.0
129.1094628631304,41.92525400359976,0.9797491942481159,0.03507542445647177,-0.9119820725606647,-0.4102300565873445,0.0,0,True,56000.0
104.18457996129835,-131.3711353517073,0.8878442980527167,0.19425937413124633,-0.7211657366585982,0.6927625713541392,0.0,0,True,56000.0
-228.20797407545277,-7.504173374535146,0.32520730297523237,-0.6977340486776947,-0.9051095545893997,0.42517842629965336,0.0,-1,False,56000.0
-109.1265072895941,230.57274076470426,-0.7735089775333492,-0.39229395837046316,-0.1448011757515213,0.9894607720877995,0.0,3,True,56000.0
-48.93603179749622,128.10817180106454,0.2251927477868737,0.8660254037844386,-0.7213253481878745,-0.69259637745314,0.0,1,True,56000.0
-126.92548553320627,-105.01233834259084,-0.9080657868587722,-0.15923472811447256,0.9404795073369119,0.3398504027935662,0.0,3,True,56000.0
10.800064477724142,135.58384396120053,0.4551393432562916,0.8660254037844386,-0.5661983005919916,-0.8242690606873042,0.0,1,True,56000.0
-107.08141331911362,-9.61132668580546,-0.47576466576754395,0.8660254037844386,0.0638263441047342,-0.9979610201796258,0.0,1,True,56000.0
44.048361926243395,-125.62467155661696,0.35953098850890763,0.8660254037844386,-0.9282665466630134,-0.37191560648347777,0.0,1,True,56000.0
117.89119626714722,65.09752054583713,0.29945510032717587,0.8660254037844386,0.9603097743046227,-0.2789357226577335,0.0,1,True,56000.0
-108.46742700086571,-14.439119494844777,-0.769710218375757,-0.011780166405308254,0.8359253771287194,-0.5488431140788991,0.0,-1,False,56000.0
-262.36978470639696,-3.7479850441406612,0.2603280405178593,-0.8660254037844387,0.8150294571006892,0.579419523366065,0.0,4,True,56000.0
188.84646529304672,186.15422515656087,-0.037392084558530714,0.8660254037844386,0.9244092766139285,-0.3814020048580315,0.0,1,True,56000.0
163.7865901323549,-149.02824293346862,-0.1496479412422844,0.7551146179716945,-0.1920291464459627,-0.9813892229461744,0.0,-1,False,56000.0
14.816591426488325,-54.200145122604184,-0.30460197189694704,0.8660254037844385,0.9621731240042263,-0.2724387627404521,0.0,1,True,56000.0
-161.7697822743054,-72.51418779769492,-0.25279444263903333,-0.8660254037844387,-0.16666477866981505,0.9860136163109071,0.0,4,True,56000.0
227.8433772782363,44.35865364781681,0.5459358744155793,0.786462135406552,-0.7808675523534958,-0.6246966189128592,0.0,0,True,56000.0
-188.92781742456518,15.523414948655173,0.4601272558610589,-0.8660254037844387,0.9778488444876121,0.20931229618422842,0.0,4,True,56000.0
-186.72201963149928,106.36798174180522,-0.18285268012584457,-0.7477683397706725,-0.1809887735854927,0.9834851619804122,0.0,-1,False,56000.0
-84.64253833758445,-100.36010952513851,0.8118046365888625,0.3259639311769791,-0.6431100857312917,-0.7657737378823429,0.0,0,True,56000.0
42.00265530844662,-106.85206280771173,-0.8161641344358226,0.3184130594105574,0.9107152220374496,0.41303484641001775,0.0,2,True,56000.0
-17.332729311781517,-81.82998746536418,-0.9303832903012332,-0.120579678254037,0.9557424696258826,0.2942045746636673,0.0,3,True,56000.0
18.60699658637033,104.9941043344343,-0.34194930938043533,-0.8660254037844387,0.07040846679931007,0.9975182443457297,0.0,4,True,56000.0
14.06363225822463,-54.03664006200936,-0.7347992549513784,-0.4593411646293332,0.8265886746286327,-0.5628065058040057,0.0,3,True,56000.0
-72.00227996983665,129.6858772643569,0.23822509585879206,-0.8660254037844387,0.16785735109158084,0.985811295169684,0.0,4,True,56000.0
-60.67599459208211,-53.08249848786311,-0.03267187357151857,0.7691067164379201,-0.9105558391629829,-0.41338609527392534,0.0,-1,False,56000.0
159.16036562415343,5.638752677571115,0.8764766091820111,-0.21394878881994342,0.3007199749798102,0.9537124811219979,0.0,5,True,56000.0
39.33520935570068,-147.00179747544192,-0.6947570721429179,-0.3315195368300226,-0.29081540248882737,0.956779181250794,0.0,-1,False,56000.0
-66.56562331920139,123.01981889776513,-0.23291482549175685,-0.7337187994448124,0.3719725149350526,0.9282437439231594,0.0,-1,False,56000.0
-143.35271737802265,-130.89563728475252,0.94178961893586,-0.10082333753103549,-0.9888927110350604,-0.14863110731422496,0.0,5,True,56000.0
-87.14299975857611,-120.5707868046838,0.5158944436170807,-0.5713541070453726,-0.804657142932608,0.5937397429238154,0.0,-1,False,56000.0
-54.20317358269689,11.535650523147657,0.9536363358186453,0.08030422198716818,-0.2940628722659419,-0.9557860781337434,0.0,0,True,56000.0
26.435101520500282,67.70011829518738,-0.7543868884591868,-0.4254143881937704,-0.22707926446290094,0.9738762794373399,0.0,3,True,56000.0
-62.45783762287561,-175.71098152886393,-0.9465842775186021,0.09251874526078055,0.8895303338987725,-0.45687611567423797,0.0,2,True,56000.0
40.03707971009681,59.19344543228098,-0.5101172143427817,-0.5765180137894677,0.8165608631333625,0.577259349684815,0.0,-1,False,56000.0
71.6350344633667,-41.05012136218536,-0.6870200763424114,-0.3472693584165749,0.3381413090101423,0.9410953485914564,0.0,-1,False,56000.0
282.5590279901863,-34.127165256573626,-0.667049465984949,-0.5766872413212584,0.6485201251991999,-0.761197508673777,0.0,3,True,56000.0
-26.158934163582487,89.27736073032098,0.7692069426779955,-0.030220389285433816,-0.8597375277938035,0.5107361190505589,0.0,-1,False,56000.0
0.22472054845369283,15.131924054339937,0.5301637184640494,-0.8137803108595015,-0.9464184553687465,0.32294288556516026,0.0,5,True,56000.0
90.90488508902868,-71.19806099800728,-0.6425601235502569,-0.42392107781481086,0.9220293920105409,-0.38711987842056456,0.0,-1,False,56000.0
10.286618098031393,4.718050487243222,-0.6258879047884276,0.44817064075209634,0.7529826824253131,-0.6580403330854595,0.0,-1,False,56000.0
-35.65899656251399,-245.131320545042,0.4792013292248263,-0.6024605204175224,-0.598667810797248,0.8009974109289641,0.0,-1,False,56000.0
-206.3335067139229,-135.61581157581412,-0.18889188722427153,-0.7462656681996336,0.8521182203121423,0.5233493466238449,0.0,-1,False,56000.0
289.5922366564094,-94.81987100806728,0.1279536632633747,-0.8660254037844387,0.7127966863382957,0.7013707179121996,0.0,4,True,56000.0
-320.71499027096456,-37.879475510584044,0.5693491758201776,-0.7459091078008644,-0.9899894011348802,0.14114172182713258,0.0,5,True,56000.0
46.00725671990511,41.81081707058054,0.769437084298584,-0.02364668895820203,-0.918416500338345,-0.39561487826679165,0.0,-1,False,56000.0
-6.763242538293866,-11.082698234010381,-0.37082526247495706,-0.8660254037844388,0.783850637980761,0.6209494160854021,0.0,4,True,56000.0
-42.81386874793804,-74.11555005018394,-0.5710451611518698,-0.7429715750374815,0.42011631901119084,0.9074702631491794,0.0,3,True,56000.0
68.69841798764861,7.617308621213705,-0.5968003253666551,-0.4862324179184754,-0.46668957150867313,0.8844211914267243,0.0,-1,False,56000.0
-89.7004909766928,68.2848014116132,0.7813462640857842,-0.3787193798681698,-0.7002805629956221,-0.713867728007205,0.0,5,True,56000.0
-21.44670482045582,41.22269447624974,-0.5617815849702559,-0.7590165596438223,0.9819789932143571,-0.18899009732080013,0.0,3,True,56000.0
-209.90474271744753,201.2624956153855,0.966912869415662,-0.05730859124873907,-0.980980122599035,0.1941082148318422,0.0,5,True,56000.0
-50.173370808932134,92.01480225085596,-0.6748489973336188,-0.370366606743105,0.3815430205359429,0.9243510823707439,0.0,-1,False,56000.0
-104.81651855311279,-59.12572835776588,0.5189968448733169,0.5685374812658657,-0.7738981701055874,0.6333100522704743,0.0,-1,False,56000.0
-24.908565887776188,-132.0189334048135,0.3497572815791012,-0.685756834872967,-0.9697372703233178,0.2441508274519085,0.0,-1,False,56000.0
49.16617006762382,143.50599670322396,0.6559503993341974,0.5959113886769533,-0.14767431357725225,-0.9890360443932719,0.0,0,True,56000.0
3.0453317376030182,167.73154917360392,0.30296879489827055,-0.8660254037844386,-0.9070722029582448,0.4209750807589819,0.0,4,True,56000.0
-66.41095729191116,-117.50421208926983,-0.9298849927714026,0.12144275489299022,0.7266851844434273,0.6869706272542082,0.0,2,True,56000.0
60.28166983519283,-90.4825922908621,0.7135650844808357,-0.4961198267408919,-0.799412067510073,0.6007831108802445,0.0,5,True,56000.0
10.108210549527826,-76.37424293405778,0.4061457072614204,0.6539405608048128,0.12840542518134546,-0.9917217587527023,0.0,-1,False,56000.0
-232.15630493225768,17.617681590829243,0.4836935049010304,0.5988599050772638,-0.12683431119190486,-0.9919239171952865,0.0,-1,False,56000.0
-15.056569094837737,-183.99860383641087,0.747048093532637,-0.18577335261507433,-0.35625081966266864,-0.934390364617133,0.0,-1,False,56000.0
-53.788317851880144,-244.7687899514908,-0.21795372078590297,-0.8660254037844388,0.9668820768778562,0.25522352832776385,0.0,4,True,56000.0
182.59956707971085,-125.40111536690608,0.6935638821733469,0.5307629253499263,-0.8800592348026034,-0.47486392075878214,0.0,0,True,56000.0
-177.7748093924873,269.59170694760974,0.6864985594798032,0.5430004232270133,-0.9204068107312587,-0.39096202214429376,0.0,0,True,56000.0
-32.5103299696374,10.607650388045915,0.275263634285952,-0.8660254037844388,-0.6583305209972071,0.7527289851753859,0.0,4,True,56000.0
-2.215663040228681,-99.12858802531794,-0.5007001671517257,-0.8648126787038595,0.8204190077299077,0.5717627582793566,0.0,3,True,56000.0
-7.978397462169464,113.38752489012533,0.9543744074777811,-0.07902584437391733,-0.8988007760473938,0.43835734849130614,0.0,5,True,56000.0
181.34078097655492,87.90427925493233,-0.546432157965963,0.7856025470823268,0.7141318422873855,-0.7000112226463584,0.0,2,True,56000.0
-45.23771015788523,134.602277115164,-0.7669722570950959,-0.4036158902843919,0.5369224740775972,0.8436315883311021,0.0,3,True,56000.0
94.32640910447483,13.06635382617833,-0.5231822945925083,-0.8258724917141852,0.8093387345612176,0.5873421598510846,0.0,3,True,56000.0
-201.99428402577135,-188.5178252301453,-0.725964528730821,0.4746433593142996,0.665202512436222,0.746662987865483,0.0,2,True,56000.0
-191.44780338768794,95.50760490356336,0.3229583726446934,-0.8660254037844387,0.5185418809438969,0.8550522309817291,0.0,4,True,56000.0
37.76250478929391,108.42792288152157,-0.214841333623923,-0.8660254037844387,0.6928762034286348,0.7210565627757414,0.0,4,True,56000.0
16.03217909445987,-6.022208443533521,-0.31877412742460576,0.7006965450730249,0.711501675147644,-0.70268440018389,0.0,-1,False,56000.0
46.77716156148558,141.36204292225673,-0.002083247651167344,-0.8660254037844387,-0.03391367114609824,0.9994247660074471,0.0,4,True,56000.0
219.96588205093994,-111.03833744144556,0.750584796321698,-0.1709241238775485,-0.9922054383971616,0.1246128725884198,0.0,-1,False,56000.0
-3.088939623716534,-39.778245923949285,0.5328930669489897,0.8090529406120235,-0.9912183948835338,0.1322349940227795,0.0,0,True,56000.0
-86.74575438691569,-86.81566258773287,0.6007928130916037,-0.6914471304719877,-0.7961654868401,0.6050789349865111,0.0,5,True,56000.0
52.15877822446207,116.65445837099458,0.6037545755920793,-0.47756989545428896,-0.9651654203212969,0.26164042389454917,0.0,-1,False,56000.0
-33.78977002505932,-233.39790108100496,-0.6612796443431161,-0.5866808655555233,-0.25916560497920216,0.9658328992094913,0.0,3,True,56000.0
69.11938546992185,-57.81887671021496,0.49288102068522505,0.8660254037844386,-0.2701323562734115,-0.9628231977336028,0.0,1,True,56000.0
43.73239854904226,205.61348617794977,0.7425368669261493,-0.20305564224638142,-0.3435181467012939,0.9391460391688804,0.0,-1,False,56000.0
-208.57653511716686,30.536542931764014,-0.7140987050190266,0.49519556885678284,0.950145682522791,-0.31180632126841545,0.0,2,True,56000.0
-13.342639364267747,147.34650653088386,0.872303927237221,-0.2211760859521453,-0.950197524999653,-0.31164830094870655,0.0,5,True,56000.0
-95.33706800292431,-211.84581226646623,0.10422148659351482,0.8660254037844386,-0.9638380848793533,-0.26648854785089715,0.0,1,True,56000.0
-128.83979128273236,19.611435166863416,-0.09419532717303045,-0.8660254037844387,0.788164862464801,0.6154641740795965,0.0,4,True,56000.0
61.564551723990895,-91.76156955508489,0.7688001071450572,-0.039229935589301074,-0.859953167252144,0.5103729519994635,0.0,-1,False,56000.0
189.6284920267538,123.79777054842344,0.5979162024811866,-0.48485957493182397,-0.8670419744203459,0.4982350997199261,0.0,-1,False,56000.0
14.977423016363181,133.1298335083598,0.2929894525542891,0.7118635917677841,-0.9710038434104595,-0.2390638744808718,0.0,-1,False,56000.0
-20.49912158671269,53.82209935633528,0.9627003107794728,0.06460495683648243,-0.6646303888018538,-0.7471723002632709,0.0,0,True,56000.0
-116.7435442402014,176.83192257551673,-0.739017466907228,0.45203500720470735,-0.28623719953213517,-0.9581587893473448,0.0,2,True,56000.0
65.56960065517563,124.41943201412548,0.2643771798587858,0.8660254037844385,-0.317815629394194,-0.9481525329356777,0.0,1,True,56000.0
-44.8624521781408,-128.14868382839816,0.37507536293285415,-0.6722433076746692,0.8073284365196131,0.5901023602617333,0.0,-1,False,56000.0
-6.3242638488587115,47.272480510210265,0.45897848698046995,0.8660254037844386,-0.5131398495864471,-0.8583050126651236,0.0,1,True,56000.0
-303.5995863194874,-58.8454094258279,-0.9397016301999993,0.1044398401071781,0.9655975471775127,0.26004110614373005,0.0,2,True,56000.0
31.503988224463722,123.40195133943364,-0.6415291602253184,-0.6208897075216313,0.9819573984059699,0.18910226787491338,0.0,3,True,56000.0
85.48076764240982,17.03851266341342,0.7388298503569102,0.4523599686021984,-0.9947271239050055,-0.10255705225513179,0.0,0,True,56000.0
81.19849571321625,212.95937161527235,-0.967800675525244,0.05577086595967368,0.7611526293996713,-0.6485727983484192,0.0,2,True,56000.0
111.27697720901689,-52.60215697278993,-0.6416049566225854,0.6207584243105337,0.6744371620319384,-0.7383322520856537,0.0,2,True,56000.0
101.14028739176362,29.575074714975774,0.9236996732394448,0.13215604258338917,-0.9955919438881318,0.0937906246093748,0.0,0,True,56000.0
-112.4528393547528,-132.94799603796915,0.7621319172878012,-0.10838603804832336,-0.23458479361746165,-0.9720956612406855,0.0,-1,False,56000.0
37.038946669768734,-159.3022007191359,0.6458241734447759,-0.6134505264063507,-0.6964001016071265,0.7176537455355341,0.0,5,True,56000.0
-56.81614519717202,144.15349619991656,0.9021888269651165,-0.16941392124432936,-0.923585640861561,-0.38339218040272716,0.0,5,True,56000.0
241.9117978184718,-173.83259299382667,-0.15401074822354408,0.7542368872073392,-0.37960872095160336,-0.9251471336912911,0.0,-1,False,56000.0
-90.59300558128244,45.52622300090979,-0.7732961996415832,0.3926625004897293,-0.3441127723625239,-0.938928325217981,0.0,2,True,56000.0
-105.91938110708435,-222.4261233127458,-0.9666567177931774,-0.057752258873323956,0.9999901651090201,-0.004435051838738088,0.0,3,True,56000.0
22.374160429420808,197.33748295156198,0.7002245028334473,0.3198096906352962,-0.5553418698872854,0.8316221543163089,0.0,-1,False,56000.0
103.56615451594213,-77.50692360620405,-0.30512438603430747,0.7067472685761008,0.8604337703716584,-0.5095622894246158,0.0,-1,False,56000.0
-34.67150280869597,-269.3149059527255,-0.18239728060756044,-0.8660254037844388,0.8283758277683264,0.5601727304757901,0.0,4,True,56000.0
11.361791105658495,-12.980305882304435,0.97288573780093,0.04696327973853398,-0.651150281575565,-0.7589488196207567,0.0,0,True,56000.0
-214.1527676242385,-23.809717453118523,-0.0755391683168052,0.7660851301536911,-0.47435103071437024,-0.8803357880149058,0.0,-1,False,56000.0
259.2540715664079,60.18002944528212,0.49275410525611973,0.5914270744105593,-0.9881964829705584,-0.1531917460055714,0.0,-1,False,56000.0
107.53741445818699,139.37146916962976,-0.3478511764583911,0.8660254037844385,0.9359378772889232,-0.35216514571344737,0.0,1,True,56000.0
-32.23307695659975,-113.78135880579228,0.7679689135201768,0.05306920443375328,-0.9440583777380674,-0.3297783792521846,0.0,-1,False,56000.0
-109.95215619233053,110.85008050854498,-0.2906764162245392,0.8660254037844386,0.6884704806858108,-0.7252643636798186,0.0,1,True,56000.0
-120.68193645998373,-159.6840933415298,0.5703832355113513,-0.7441180638776927,-0.98907762766348,-0.14739554421742876,0.0,5,True,56000.0
-97.48087889954499,-84.01154030136885,-0.046452748128374466,0.8660254037844385,-0.8994086213436476,-0.4371088329607417,0.0,1,True,56000.0
-116.75085627135208,159.17538754069002,0.5662577334591944,-0.7512636430387577,-0.5867232800275552,0.8097874984669737,0.0,5,True,56000.0
-151.89382761696464,-34.21635276640218,0.6227906590918362,-0.4524647914927179,-0.6614799305600711,0.7499628667246859,0.0,-1,False,56000.0
-58.91612451745445,-76.75813336528925,-0.25749500360239896,-0.7254577284117889,0.9544814605049661,0.2982702491899714,0.0,-1,False,56000.0
50.16966757497823,-175.41481931541378,0.9969206125395795,-0.005333655537638406,-0.9705454461140067,0.24091811270011562,0.0,5,True,56000.0
-29.74437102406419,179.66963492816103,0.06571022156648886,-0.7669907166154459,0.7143809054709424,0.699757044907862,0.0,-1,False,56000.0
-22.037014934906676,96.59990370346786,0.2314356615170859,0.7341867113825619,-0.9174257692671833,-0.3979069713942621,0.0,-1,False,56000.0
-69.6471706188117,60.89359865670211,-0.7647455517267445,0.08807288860227999,0.9615591335611712,0.27459794730618586,0.0,-1,False,56000.0
100.16765813030717,-196.45823122318563,-0.19106249500066866,-0.7457128908612964,0.7283433250441345,0.6852123764667504,0.0,-1,False,56000.0
-96.12039490846374,-174.1734489557022,0.31153874195383047,0.8660254037844385,-0.3755104291462281,-0.9268181685757841,0.0,1,True,56000.0
49.48163205310862,34.52521251590493,-0.2014857005749202,0.8660254037844385,0.8006104040829687,-0.5991852642328414,0.0,1,True,56000.0
-12.663168557949408,3.9605995733213772,0.5429614054504704,0.5456972647758482,-0.6305253533253499,-0.7761686535886778,0.0,-1,False,56000.0
-0.6050290858636468,-143.36514895174653,0.7031246749874936,-0.5142031464351844,-0.03971921645752194,0.9992108805670866,0.0,5,True,56000.0
55.93764449239207,136.1117676502038,-0.40524087923796354,-0.8660254037844388,0.7005626351437186,0.7135909151888917,0.0,4,True,56000.0
-18.045596468605805,212.07668823812853,-0.4322656049790664,-0.8660254037844387,0.5171617142199318,0.8558877036999443,0.0,4,True,56000.0
-64.00355099393038,0.5484654446655626,-0.7152936200680816,-0.28451296926940123,0.9768863671267953,-0.2137592704923657,0.0,-1,False,56000.0
249.8769979275864,-67.20243691180242,0.177723744725374,0.8660254037844385,-0.6915171947500985,-0.7223599998370771,0.0,1,True,56000.0
-154.97994488195107,-78.92165778721794,0.1859116871545562,0.8660254037844386,-0.9924290564979199,-0.12281924856572216,0.0,1,True,56000.0
-99.58743240880403,93.94203452753557,0.5240002405540432,0.8244557677509609,-0.9755430561681409,0.21980842923253568,0.0,0,True,56000.0
-341.8815825696608,46.47438549718114,-0.9599680317921707,-0.06933740286294245,-0.3498664756556412,0.936799577931075,0.0,3,True,56000.0
-23.642979733547712,-56.07461980854603,-0.7488505127224327,0.17836900568187836,0.4953665050952628,0.8686840769977123,0.0,-1,False,56000.0
-77.3205466206565,-99.28962067314355,0.7268373745511156,-0.25357449309469904,-0.957069739739727,0.28985774661742536,0.0,-1,False,56000.0
102.90777505670857,224.13136819479817,0.9054384487905854,0.16378541113723247,-0.8893778562536778,0.45717286534225493,0.0,0,True,56000.0
44.9321450430227,-64.24957297178842,0.7602566246334863,0.12084062766094246,-0.9253950233396181,-0.37900402475169315,0.0,-1,False,56000.0
119.55196173472164,-3.133285329196253,-0.5972316649126441,0.6976152200512271,-0.0893470731268508,-0.9960005524713704,0.0,2,True,56000.0
-206.19691004543918,12.89609899107963,-0.3993425783938359,0.8660254037844386,0.5246305997557255,-0.8513299793849358,0.0,1,True,56000.0
76.72110607802996,-17.146562134033896,0.5146142848031957,-0.8407127199890216,0.3855297872007473,0.922695390245598,0.0,5,True,56000.0
90.47954479109357,154.06871287745847,0.6141296126792868,-0.4641523579849419,-0.9821360412949742,0.18817225191044662,0.0,-1,False,56000.0
-186.29831822896028,57.44384349404766,-0.14344580185923758,-0.8660254037844387,-0.19802704119115397,0.9801965573071809,0.0,4,True,56000.0
67.9366605539544,-4.264994941704241,-0.23562256842359458,-0.7328537356403806,0.8111237025487797,0.5848746354248223,0.0,-1,False,56000.0
-185.13323558122292,24.38804516501966,0.8686548835459004,-0.227496415024551,-0.9837743805553034,0.17941005591271286,0.0,5,True,56000.0
272.73156558493577,203.01456613895064,-0.17925351289311864,0.8660254037844385,0.9238803722552549,-0.382681405036881,0.0,1,True,56000.0
22.0143701221918,258.9965928038693,0.0607703676348701,-0.8660254037844387,0.49774310449256914,0.867324507857219,0.0,4,True,56000.0
-152.83563028410848,208.1032565084552,0.48065248201291466,-0.6013034043870177,-0.44061316607123036,0.8976970746773996,0.0,-1,False,56000.0
-7.030832945226789,-74.36794394643327,-0.24407757743842073,0.8660254037844385,0.7472394804778375,-0.6645548576414839,0.0,1,True,56000.0
108.40089193396423,-206.51591667714774,0.905178979901277,0.16423482443649795,-0.9513537632112474,0.308100660861648,0.0,0,True,56000.0
34.71429808509146,15.546254878060696,-0.5910644421042259,-0.7082971632970053,0.9470338883108663,0.3211336394563674,0.0,3,True,56000.0
175.98513269978164,211.13115445855752,0.8278768841605222,-0.2981259817910385,-0.952975748337438,-0.30304656916107536,0.0,5,True,56000.0
104.12434828386526,-67.71875487238762,-0.34185529350233057,0.8660254037844385,0.9931923722994985,-0.11648567124641487,0.0,1,True,56000.0
-266.0511259696464,27.014010616754025,-0.35954036294128083,0.8660254037844385,-0.9186493874122834,-0.3950737943813177,0.0,1,True,56000.0
-168.66099783535418,-133.05842640637826,-0.7811927031151266,-0.37898535527140814,0.8263171656939979,-0.5632050618373214,0.0,3,True,56000.0
64.77118822982908,-117.74672214656202,0.5357869825935032,0.8040405316829082,-0.826621094625677,-0.5627588879079575,0.0,0,True,56000.0
-160.220199252288,43.08190197495525,-0.6032252776922128,0.68723397819612,0.8310849710257372,0.5561454584322196,0.0,2,True,56000.0
23.622667467972377,-154.83120699465982,-0.04569420944486505,-0.8660254037844387,0.7377590863891815,0.6750640935865071,0.0,4,True,56000.0
209.65758357741413,-32.813374455418575,-0.7298888152817462,0.2446526311307552,0.8697882111120058,0.49342524034582,0.0,-1,False,56000.0
34.489132925782094,-225.76056839847834,-0.5182790417007662,-0.5691919074673567,0.5448532006321446,0.8385314482835301,0.0,-1,False,56000.0
-97.10662237548871,-72.66220608287863,0.7370746921340422,-0.22206641080564002,-0.6902906746363607,-0.7235321585870402,0.0,-1,False,56000.0
130.48081536674283,-105.2274198585552,-0.26641379781918256,-0.7222300747851421,0.9936865845891212,0.11219167351987888,0.0,-1,False,56000.0
-129.2338198193754,86.47245295854268,-0.21826560907605955,-0.7382091278812861,0.7883361864672718,0.6152447131881678,0.0,-1,False,56000.0
-109.80117729727108,-118.78657006888982,-0.7074845212945098,-0.5066516711182412,0.9845220448878744,0.17526078605713802,0.0,3,True,56000.0
-258.7328412903151,214.3473206872097,-0.48786254064001017,0.8660254037844385,0.37702207759824446,-0.9262042717474634,0.0,1,True,56000.0
22.462144533154152,-40.83606758809216,0.25265822936557353,0.8660254037844386,0.6515838418954509,-0.7585766256485651,0.0,1,True,56000.0
132.170812203585,30.43609939092467,-0.5334821038678021,-0.8080326987411074,0.9794373152994899,-0.20174871845586603,0.0,3,True,56000.0
166.17862897402648,-150.88588863813112,0.6743343300474082,0.5640694866388462,-0.899827802822889,-0.4362452581593971,0.0,0,True,56000.0
-178.4427629135713,190.68674909121643,0.865330674525048,-0.2332541139436463,-0.9897600990153004,0.1427408364721714,0.0,5,True,56000.0
186.5349100624557,-60.539944378653296,0.23062133948918306,0.7344429115763915,-0.8924922029130594,-0.45106282016916077,0.0,-1,False,56000.0
32.57155239019421,-103.0461485227684,0.7318917192524783,-0.23859401476617947,-0.9772953968705751,-0.21188135183470908,0.0,-1,False,56000.0
279.8142012736975,89.9965013250096,-0.648715559514992,0.608442498828439,0.9603532775283451,-0.2787859077146551,0.0,2,True,56000.0
268.9186320506907,-185.1080413729585,-0.8979477160244355,-0.176759740874125,0.9864140980874812,-0.16427789593832923,0.0,3,True,56000.0
-170.77616305543012,-53.74218014136816,0.76711496085987,-0.06424351654099003,-0.6360492269567934,-0.7716484827220271,0.0,-1,False,56000.0
-31.84557284755398,-210.08556170896273,-0.944353287411816,0.0963829334769176,0.804856844438301,0.5934690050547015,0.0,2,True,56000.0
181.76278341732677,-0.8178315695152403,0.6195671838536044,-0.456868796575457,-0.7382292275337322,0.674549929667652,0.0,-1,False,56000.0
128.27152677523353,270.2188704230094,0.0034843731079194154,0.7697924731618498,-0.4203303162265813,-0.9073711617968236,0.0,-1,False,56000.0
26.819635159257583,100.14213136763294,0.6590533683297614,0.5905368887223255,-0.9920575777663256,0.12578458727589203,0.0,0,True,56000.0
-86.61060098390874,203.91002229994243,0.15098975681583793,-0.8660254037844387,-0.45707729624867216,0.8894269757848242,0.0,4,True,56000.0
-145.26543441418895,-65.84763644921013,0.7520093946867092,-0.16454319461928982,-0.9100473989983169,0.41450419970864816,0.0,-1,False,56000.0
238.46274681223068,21.902842718075465,0.26005315968521125,0.7245446478515526,-0.33332836436980295,-0.9428107983610434,0.0,-1,False,56000.0
-40.25309660679186,217.97264959970028,0.2625672636000161,-0.7236373571604716,-0.997875234251887,0.06515379395297749,0.0,-1,False,56000.0
-21.27576562009103,68.79428011179544,-0.7066083514316894,-0.3054459531235969,0.3280666102122573,0.9446545925699268,0.0,-1,False,56000.0
139.12112805030844,-147.92679291360906,0.9603709880523051,-0.06863946214716146,-0.8296575601017779,0.5582726331870513,0.0,5,True,56000.0
28.50556981304276,-86.22042184858299,-0.8686095886072631,-0.227574868159597,0.7849455510747324,-0.6195647519408625,0.0,3,True,56000.0
-91.59705397926558,6.969439224260611,-0.545193722165786,0.7877475808101455,0.9999213745764758,-0.012539723472444753,0.0,2,True,56000.0
-70.98454202902967,47.7418118225418,-0.6187540406608292,-0.6603373717557824,0.27788115576414574,0.9606154606661694,0.0,3,True,56000.0
-105.53834670600219,41.10545532227071,0.30965215721029204,-0.7047752366021418,-0.6699842571465553,0.7423753061461008,0.0,-1,False,56000.0
-15.114031639041418,-22.345585476347004,0.4669264695470009,-0.6120230915814908,-0.5645942612885783,0.8253685965188862,0.0,-1,False,56000.0
-33.155052099322866,36.34079143282889,0.17198670942992256,0.8660254037844385,0.9694677725729582,-0.24521875528195264,0.0,1,True,56000.0
68.98357934766794,119.13550880327314,-0.8270594686282909,-0.2995417870237595,0.8189964830539158,0.5737985367226409,0.0,3,True,56000.0
-1.4312670927209974,7.971644070649531,0.3250246959765156,-0.6978191310059978,-0.7371384371379099,0.6757417587315119,0.0,-1,False,56000.0
81.20574811840045,64.24268528677673,-0.5815745206762098,-0.7247341893701656,0.6095864449815526,0.7927196011796446,0.0,3,True,56000.0
23.41744736856604,-115.74588485491847,0.6682150227555288,0.38220580314330715,-0.8923142990171686,-0.451414656130253,0.0,-1,False,56000.0
-57.91905952604731,-308.2540368997457,-0.5746463036830859,-0.7367342132081186,0.6954167482478572,-0.7186066700609661,0.0,3,True,56000.0
39.13231931775073,-210.76526610368546,0.8105992444670186,0.3280517315750564,-0.8921880492152912,0.45166412834884745,0.0,0,True,56000.0
143.46744132380672,158.0681327325859,-0.05980556941122858,-0.8660254037844387,-0.3029687046934252,0.9530005057585835,0.0,4,True,56000.0
84.05220551046652,-91.46571897949566,-0.7152321183618164,0.2846675419788159,0.9990776506814079,0.04294005016962782,0.0,-1,False,56000.0
13.606601767975938,-179.48918220723687,0.6005028760468427,0.6919493161645102,-0.21310270877586251,-0.9770298027757293,0.0,0,True,56000.0
145.20380498469981,55.81909357827474,0.4160869550988885,0.8660254037844387,-0.5088795889020559,-0.8608377106042665,0.0,1,True,56000.0
-300.0699002453039,209.85710961826405,0.6959126813687625,-0.5266946858066891,-0.6045218930109888,0.7965885266999099,0.0,5,True,56000.0
85.82190833987816,147.46204701905415,-0.20027101074937786,-0.7432927517782041,-0.27262354947880363,0.9621207825783288,0.0,-1,False,56000.0
58.637404363197696,-55.288307313357684,-0.21599069560386408,-0.7388779412089329,0.18490978671510938,0.9827554989805593,0.0,-1,False,56000.0
-3.630166022546367,113.52307195528886,0.10283082235675148,0.7629013137791981,-0.7760668482057578,-0.6306506537819236,0.0,-1,False,56000.0
54.859463488143035,-16.320933294608988,0.9087193354100345,-0.15810274881847342,0.15641104043264248,0.9876920504035845,0.0,5,True,56000.0
-214.6378964062531,-126.53505308507053,0.07518157345523735,-0.8660254037844388,0.9313640882078671,0.36408918577236915,0.0,4,True,56000.0
-51.228859593624954,-94.96119389837061,0.049491411012208754,-0.768207779724088,0.33795494800745807,0.9411622884056075,0.0,-1,False,56000.0
2.758890255197312,-27.010569579112136,0.2509332783518413,-0.7277534489153519,-0.4760843439771923,0.8793996232768437,0.0,-1,False,56000.0
68.06598289546125,-37.60891981877089,0.6965263853028358,-0.5256317194120697,-0.9405004933489044,0.3397923218823149,0.0,5,True,56000.0
32.419041020273454,29.119095870614153,-0.696018382140496,0.5265116066996478,-0.31466609176040233,-0.9492024287242244,0.0,2,True,56000.0
-18.469119700246136,-193.5501995231541,0.6366557668711768,-0.43273782721443055,0.3920547982523241,0.9199418651018431,0.0,-1,False,56000.0
27.327947152189818,170.79324885805278,0.39776549806569816,-0.8660254037844387,-0.5819961552879278,0.8131915366195593,0.0,4,True,56000.0
130.80083960133348,27.245231337876177,0.32837801518915954,-0.8660254037844387,-0.09022503774360563,0.9959214038084808,0.0,4,True,56000.0
-82.02756016229108,148.207557192077,0.0551278561134817,-0.7678238808951722,-0.9432291110098551,0.33214280685146846,0.0,-1,False,56000.0
-7.752390710452655,31.109594228686586,-0.7372016330955863,0.22164463619450162,0.9611760465495958,0.27593587577355605,0.0,-1,False,56000.0
-13.183750137908866,117.84175192623775,0.17382528381498585,-0.7499182377427769,-0.5795424011923187,0.814942087034349,0.0,-1,False,56000.0
-38.55682692676224,-197.69306408295208,-0.9672989362607984,0.05663990385784551,0.9995912989473797,-0.02858732355901597,0.0,2,True,56000.0
105.09079106170452,-120.01812425725062,0.5188556850081918,0.8333663993387357,-0.5356772685334715,-0.844422799299152,0.0,0,True,56000.0
297.8226084872673,-155.44878618125625,0.7831119824586945,0.3756610659344313,-0.982152432917051,-0.1880866781962222,0.0,0,True,56000.0
110.77842713875883,-17.8820909175133,0.7624522828302408,-0.4114447153600245,-0.16848027701517104,0.9857050249728146,0.0,5,True,56000.0
98.02628183209345,75.56405574958715,0.4431802382581926,0.6294313854662826,0.05353041923975188,-0.9985662192441576,0.0,-1,False,56000.0
-16.78201780119842,119.63207297936921,-0.48557439618882575,-0.5973358338141532,0.9981315942430486,0.061100904849978044,0.0,-1,False,56000.0
151.22388276486387,2.3773829275307135,0.8971442696087515,-0.17815135088724865,-0.04908611106867944,0.9987945502953806,0.0,5,True,56000.0
4.539651637362724,-21.58974597543003,0.4509854519138102,0.8660254037844386,-0.4323172796584408,-0.9017215588574793,0.0,1,True,56000.0
4.3665480913904915,168.42740973739006,0.04256137203371044,-0.8660254037844387,0.8939471644861496,0.4481723631671543,0.0,4,True,56000.0
144.26497828293867,-250.06589568511689,0.6883316995236436,-0.5398253315336927,-0.3073066414407378,0.9516105443542057,0.0,5,True,56000.0
-1.315825827887949,-127.0133127359027,-0.40080658752911413,0.6572264997592983,0.915793136294827,-0.40165026019531913,0.0,-1,False,56000.0
180.98345286600673,-42.13645309226579,-0.5979827676388584,0.4847774769928607,0.9643616583401947,-0.26458758837655905,0.0,-1,False,56000.0
106.84079796155405,-118.34495553728674,0.056632182784057,0.7677143925091581,0.5884407125219916,-0.8085403687177661,0.0,-1,False,56000.0
133.64333482275669,56.84933024419536,-0.7331172738133622,0.2348013105352187,0.9336044447744791,-0.358305373525139,0.0,-1,False,56000.0
169.94041119141835,107.85843463759139,-0.12529106708701998,-0.8660254037844387,0.6747733982176983,0.7380249731935451,0.0,4,True,56000.0
170.77154901775086,-255.4787165229078,0.7474833590571393,0.18401418566308458,-0.7867832968708997,0.6172293283413669,0.0,-1,False,56000.0
71.63076465406809,11.193034965564696,-0.03800257806549401,0.8660254037844386,-0.9741027802661908,-0.22610566883051988,0.0,1,True,56000.0
10.21182557076224,198.62755458713545,-0.8473414893260998,-0.2644122966949909,0.9478038485249887,0.31885398652187485,0.0,3,True,56000.0
-195.36515011793878,-228.6376135431152,0.31979618267155835,0.7002306720940547,-0.8833451777368734,-0.46872304932514175,0.0,-1,False,56000.0
-222.93429668998422,-133.45886874037512,-0.6492700339587303,-0.41357105265700295,-0.35716557478921984,0.9340410869898115,0.0,-1,False,56000.0
-105.71195170953723,80.97228039260028,-0.7358681633820384,-0.4574897609187909,0.9991416903137875,0.04142321422255807,0.0,3,True,56000.0
243.83683217269746,-19.745788013421922,-0.8629484818378241,-0.23738019271133712,0.7682674884042244,-0.640128945026398,0.0,3,True,56000.0
-90.05182242599636,-102.73349425550781,0.6009183216578294,0.6912297432584995,-0.8543125160129422,0.5197596800284765,0.0,0,True,56000.0
27.39020676653275,-21.892046876738757,0.7665941774194021,-0.07018518176412034,-0.9480878468319961,0.31800854499382275,0.0,-1,False,56000.0
180.36801763098603,-74.7336338626981,-0.7569044447990568,0.14031483897301747,0.40434682388706966,0.9146057325493051,0.0,-1,False,56000.0
-112.74132334560174,-80.09818967136503,0.5493626561634263,0.7805267753128311,-0.8771174273948139,-0.48027598166046687,0.0,0,True,56000.0
164.89582677896456,179.80656004968077,0.4487901487054228,0.6254438384200112,-0.8251885781484946,-0.5648573364072456,0.0,-1,False,56000.0
-166.32254185702692,43.43021348452343,-0.6086389628308997,0.6778572004797335,0.16210678987111637,-0.9867732204905965,0.0,2,True,56000.0
-83.86215212968062,212.3653830538785,-0.03043438084913827,0.7691985056244728,0.7279152430283027,-0.6856671196481955,0.0,-1,False,56000.0
4.070467504227778,-4.374974028156342,-0.704447874942846,-0.5119112968839417,0.27392063383260623,0.9617522998986787,0.0,3,True,56000.0
-76.22010251923824,-185.90106755160096,-0.7680991757143038,-0.0511492801474228,0.851658134294458,-0.5240977220802251,0.0,-1,False,56000.0
-299.8878903759598,-47.869131990017955,0.35317525541588535,0.8660254037844386,0.7666155647114951,-0.6421063587458002,0.0,1,True,56000.0
-71.72089916889693,100.42100893544882,0.3927124329298324,-0.8660254037844387,0.9924590511142044,0.12257663668537008,0.0,4,True,56000.0
-134.5583406884581,-164.47317403963203,0.5541843187769189,-0.7721754106893067,-0.5067190449536222,0.8621112512204803,0.0,5,True,56000.0
78.71139494899018,-34.44481685928241,0.5694234216533588,-0.5180246707109357,-0.8273254229256417,0.5617229250978866,0.0,-1,False,56000.0
-128.7830289235249,89.72526301671654,0.0028131710670477317,0.8660254037844385,-0.8598980796672836,-0.5104657604424938,0.0,1,True,56000.0
-16.137989808777245,89.17947239986654,-0.7140048945488876,-0.4953580533573457,-0.16780078567559736,0.9858209250803998,0.0,3,True,56000.0
-48.17260018969047,145.91945494596735,-0.7620773407713409,0.10876910993234153,0.616534650012397,0.7873277750300368,0.0,-1,False,56000.0
-228.25179466868332,-97.86842712180336,0.354751314617305,0.8660254037844386,0.2555551617358859,-0.9667944762511238,0.0,1,True,56000.0
43.235248017052385,-5.572386292770237,-0.5736551302312302,-0.7384509759858463,0.9977027981430137,0.0677430924684631,0.0,3,True,56000.0
31.91406529835504,-35.94410993237659,0.21526828200444315,-0.8660254037844387,-0.8474371211880027,0.5308957766192269,0.0,4,True,56000.0
-178.6179246715276,-273.1054851565364,-0.9102871433365053,-0.1553872258333167,0.9164648284334374,0.4001152562001743,0.0,3,True,56000.0
65.96747390570052,-39.31378374181459,-0.9391782788439773,-0.10534631124601786,0.30150897064520343,0.9534633399455107,0.0,3,True,56000.0
149.3610473243893,230.00262893462303,0.24991463230773625,-0.8660254037844386,-0.7204580481628797,0.6934985225917817,0.0,4,True,56000.0
164.01406823555655,-79.54971626804024,0.9788888051719039,-0.03656566205074705,-0.48004145735400977,0.8772458031937459,0.0,5,True,56000.0
50.67167795162268,-280.0761022186576,-0.7699972109775404,0.3983765164694453,-0.37775650218288315,-0.9259049762574062,0.0,2,True,56000.0
200.16170446642712,-85.21971327903515,-0.5585562405377977,0.7646030200727489,0.4385987078830738,-0.8986830216727721,0.0,2,True,56000.0
156.17032552072783,144.53114043022867,0.628516526171182,-0.6434282508436958,-0.4142919284033562,0.9101440534659424,0.0,5,True,56000.0
-260.8973342470298,82.11977083689276,0.8509857378528584,0.2581002730912373,0.3953848126114854,-0.9185155687063,0.0,0,True,56000.0
-143.89666608043333,-56.62514146937765,-0.6327575946534675,0.6360825047539986,0.6940246497461358,-0.7199512383102256,0.0,2,True,56000.0
-223.17249821545698,184.36158447818985,-0.28980828255316626,0.8660254037844385,0.21043640118370915,-0.9776075496110226,0.0,1,True,56000.0
-82.85034423817744,258.8560365871162,0.975914473244249,-0.04171735606801984,-0.8747266843538872,0.484616578006729,0.0,5,True,56000.0
-138.6785185123616,-150.8266795176509,-0.4067390322491591,0.8660254037844386,-0.9906191905140433,-0.13665145218748473,0.0,1,True,56000.0
-102.48953358982392,151.77982570995295,-0.7378270197495446,0.4540969221655408,0.8079120547885076,-0.5893030728979591,0.0,2,True,56000.0
-69.96826466759072,27.947228447249874,0.5496913849730867,0.538917409144446,-0.6406571313969106,-0.7678270899036099,0.0,-1,False,56000.0
-56.31803009778294,253.28290674382126,0.6397794671733329,-0.4281060919631937,0.012196403467746475,0.9999256211049521,0.0,-1,False,56000.0
124.15456255372824,131.39171236025246,-0.994090768510668,-0.010235089173208568,0.8787462151982737,0.47728931401660735,0.0,3,True,56000.0
284.72799950500405,152.4854464184782,0.5119830987483878,-0.8452700679201167,-0.6870769981581941,0.7265846121420773,0.0,5,True,56000.0
269.5214012902163,68.52656578350155,-0.2674764247878131,-0.7218372079460311,0.8556223033355193,0.5176006897546808,0.0,-1,False,56000.0
29.483184278234795,-123.70693110733788,0.795087104156927,0.3549195467262721,0.36955108022572297,-0.9292104170227599,0.0,0,True,56000.0
-97.91381853025153,-55.5432938018898,0.4719823927953608,0.6081325624267773,-0.9965819834088865,0.08260962622154555,0.0,-1,False,56000.0
50.930530881863476,123.35229488046025,0.4952201674637282,0.8660254037844386,0.5047058299496068,-0.8632913906755983,0.0,1,True,56000.0
296.8757202580139,91.1286440667138,0.6651782281799932,-0.3874667951552976,-0.8262343552880326,0.5633265395323556,0.0,-1,False,56000.0
-88.2080567232465,-123.04897385231364,0.4606516254163232,0.6167598175901959,-0.3163964624601018,-0.9486270492361293,0.0,-1,False,56000.0
-165.03018786474453,118.4085031281995,0.5047969610130877,-0.8577168235878437,-0.5414495490988975,0.8407332429375142,0.0,5,True,56000.0
119.48234849628469,102.31098167205919,-0.2778144507853485,-0.8660254037844388,-0.9609691722077316,0.2766554717805482,0.0,4,True,56000.0
-74.05804827469342,-26.19246523009776,-0.7214563398944209,0.4824517714290593,0.3578532880257531,-0.9337778238150506,0.0,2,True,56000.0
89.08920837374195,161.59563293317296,0.779681793287682,-0.3816023278581973,-0.7773007462999353,0.6291291996094489,0.0,5,True,56000.0
-17.705053715241924,-379.43698279002217,0.7275754065263559,-0.47185323712764854,-0.8902774471105275,-0.45541856260589025,0.0,5,True,56000.0
254.43267704269599,263.97165256135304,0.4530688558199857,-0.6223513513109467,-0.6633609542650503,0.7482995685928101,0.0,-1,False,56000.0
18.42762535110047,-186.3523031897263,-0.6915711229018973,0.5342144856553311,0.6010833755659147,-0.7991863209652094,0.0,2,True,56000.0
144.69819540731316,165.01227563558842,-0.265348275081561,0.7226222287639874,0.9324134788603378,-0.36139328222763667,0.0,-1,False,56000.0
50.78421278488071,125.03774935892321,-0.17266094975128587,-0.8660254037844388,0.8267888146368954,0.5625124496320278,0.0,4,True,56000.0
59.20224047675268,-185.51074501371315,-0.7145886206156352,0.28627905246321494,0.6898804176512633,0.7239233449343656,0.0,-1,False,56000.0
-68.50588510659978,195.8285837687292,-0.62507485204293,0.4493039304703458,0.8883933646421757,-0.4590830313346674,0.0,-1,False,56000.0
84.46115977778156,-14.703058319423613,0.5892224397251464,-0.7114876050052333,-0.906149981798918,0.42295651134072537,0.0,5,True,56000.0
57.733284407762305,-96.7918064554897,-0.7695829166642081,0.018295545119041856,0.9386333433932845,-0.34491657929133873,0.0,-1,False,56000.0
89.25572121799131,65.38506661666203,-0.672335935598191,-0.3749092987589099,0.9499536346957763,-0.3123909280500274,0.0,-1,False,56000.0
71.31526325850655,91.2204636480646,-0.10771794066741414,-0.8660254037844388,0.8238943632252496,0.5667433971782919,0.0,4,True,56000.0
62.62144936006184,145.84255078808482,0.18299246397499974,-0.8660254037844387,-0.884482694905602,0.46657299794589874,0.0,4,True,56000.0
143.7557808044883,250.3775261947231,0.761556986557484,0.4129954139922666,0.11663032956739855,-0.9931753954989972,0.0,0,True,56000.0
-194.55121950691134,270.3357763062929,-0.830092057099146,0.294289189713791,0.972137109498805,0.23441296963889086,0.0,2,True,56000.0
-67.80917895197429,156.2863261964912,-0.8511799586493641,0.2577638728038031,-0.04493174785640924,-0.9989900590267257,0.0,2,True,56000.0
-14.822076287883087,21.812978657903955,0.6024537416232596,0.6885703178674188,-0.10889064196173964,-0.9940537350127552,0.0,0,True,56000.0
189.16121474767135,-181.97624278705823,0.7284690092628247,-0.47030547178630155,-0.994808588973316,-0.10176380154318476,0.0,5,True,56000.0
-0.737565218209005,-62.02463937558338,-0.5351321767019795,0.8051746887561224,0.9991609936796744,-0.04095495951202199,0.0,2,True,56000.0
-39.657012522654284,-116.32508932210823,-0.4651806742751907,0.6133510682092853,0.9153705176842817,0.4026124878267803,0.0,-1,False,56000.0
-118.78626698950302,-52.062889717881404,-0.7798979965772456,-0.3812278527759097,0.107081765650825,0.9942502177343009,0.0,3,True,56000.0
37.33973740313092,-248.89166267961244,-0.769412328700674,-0.02443892460806052,0.8320177314938235,-0.5547490373849637,0.0,-1,False,56000.0
-234.39017524159652,-39.59067021309223,-0.7519252677752818,0.1649272090155634,0.3244070835706769,-0.9459175673010619,0.0,-1,False,56000.0
54.49758925090021,-16.08869482355577,0.3823726780619737,0.6681195459379305,-0.9849645748668527,-0.17275643622458553,0.0,-1,False,56000.0
171.10069687648843,82.7281981168508,0.9208080017215471,-0.13716456457118734,-0.9531478138841609,-0.3025049501868374,0.0,5,True,56000.0
85.54930165635325,160.2379261641326,-0.4592614934825363,-0.617795656505274,0.7850616549554917,0.6194176280331654,0.0,-1,False,56000.0
104.81512327717786,-38.15073380672233,-0.48545119606535375,0.8660254037844384,0.38294575160657485,-0.9237708326886157,0.0,1,True,56000.0
11.376368809602962,-15.264202579918853,-0.7260368859253694,-0.2558574463805668,0.9791251959857546,-0.20325808861006378,0.0,-1,False,56000.0
142.24389681227117,-51.00753590875253,0.9924135133805982,-0.013140180275744498,-0.9214664919524478,0.38845785383799625,0.0,5,True,56000.0
31.517585949898287,21.7985473666393,0.21642407300464275,0.7387511172354824,0.8811187780029044,-0.47289501905845693,0.0,-1,False,56000.0
-96.56316063090885,95.97718921737079,0.21585938020361325,-0.8660254037844387,0.6994570564310081,0.7146746296102255,0.0,4,True,56000.0
-371.36232272581054,-127.72507898872878,0.911502181761295,0.15328271754843317,-0.5898413627753742,-0.8075191432770773,0.0,0,True,56000.0
-128.0616595736857,-219.96635720254045,0.27280151761854476,-0.719841596865318,0.5154948769173037,0.8568926606475622,0.0,-1,False,56000.0
-70.18987733556365,28.981138600160016,0.16581644702822268,-0.8660254037844388,-0.676101705615818,0.7368083086278363,0.0,4,True,56000.0
-174.435915064805,98.52350330305512,-0.7653126602139602,-0.08300075125457593,0.9996910570004435,0.024855392833971257,0.0,-1,False,56000.0
73.42947427181144,61.04904403850163,0.45656522712228537,0.8660254037844386,-0.7277071937691044,-0.6858879209727692,0.0,1,True,56000.0
243.20173469963595,-196.85459222043846,0.9673400130198435,-0.05656875682416868,-0.8806550370591055,0.47375806663533737,0.0,5,True,56000.0
-144.71989307120302,-157.9140257671364,-0.531544793635571,0.8113882184933543,0.4943866452378777,-0.869242109547224,0.0,2,True,56000.0
-102.662679016049,78.66767896480269,-0.7916678512348956,-0.3608418665111584,0.9462869361299915,-0.3233280601949105,0.0,3,True,56000.0
-107.85533586369293,-83.8215616427647,0.11553091534621694,0.8660254037844386,-0.2756223651076432,-0.9612659943283443,0.0,1,True,56000.0
163.27005378448123,-92.92365403196645,0.7136838733973383,-0.28852715893857256,-0.9886289575263049,-0.15037547785479616,0.0,-1,False,56000.0
77.73990180074159,184.38730533921435,-0.1961213063783879,0.8660254037844385,0.4653219248603224,-0.8851415176365385,0.0,1,True,56000.0
-0.23584275974608349,75.96345946262332,-0.46971962731782785,-0.6098820085106571,0.5020069766343319,0.8648635704029092,0.0,-1,False,56000.0
-79.69179580730774,52.31321900135333,0.5878621877781864,-0.7138436304884624,-0.3638880063436255,0.9314427082965839,0.0,5,True,56000.0
106.61457643903448,15.71944195180297,-0.818391488372362,0.31455516922603255,0.9211913084945663,0.3891099756541992,0.0,2,True,56000.0
116.03027628972426,11.778485492223874,-0.3894485230321273,0.8660254037844386,-0.9884926429932452,-0.15126894839293564,0.0,1,True,56000.0
-202.86521226514225,-105.91206923149778,-0.11775102491716552,0.7607412758116582,-0.04277572148802879,-0.9990846999383456,0.0,-1,False,56000.0
-109.97374021040544,19.593315776611796,-0.20029237051064702,0.7432869963263302,0.6926949048872193,-0.7212307319733748,0.0,-1,False,56000.0
-176.78895901892065,-164.67553813655994,0.7582709132533426,0.13273211633411852,-0.9051528150444084,-0.4250863223121002,0.0,-1,False,56000.0
-175.99490462145027,-107.535936111173,0.6963450854495095,-0.5259457399694355,-0.46275998050341655,0.8864836154402195,0.0,5,True,56000.0
-2.9302219752903893,175.512775359361,-0.31479058059625337,-0.8660254037844388,0.7403249541542034,0.672249181670142,0.0,4,True,56000.0
-61.30189746362553,32.872398089082736,0.4180487063214073,0.646396064139928,-0.5382619090110016,-0.8427776203171493,0.0,-1,False,56000.0
-345.9370761549807,49.613141742037755,-0.692617766524914,-0.5324016457228481,0.2864527386732489,0.958094373486341,0.0,3,True,56000.0
95.9854419549981,-131.541744871519,-0.15952633096818764,-0.7530895978038872,0.5888899324165999,0.8082132438273761,0.0,-1,False,56000.0
41.252335396222605,-7.3754695778575945,0.8263116424286768,-0.3008370599967222,-0.9324925605639419,-0.36118918102929837,0.0,5,True,56000.0
-113.68808480089051,0.013001214591630311,-0.5733341488942167,-0.7390069319698346,0.6377648918520671,0.7702310969576452,0.0,3,True,56000.0
111.76257802154211,94.94538877882465,-0.5405914731825364,0.5480451183204971,0.15173303961115991,-0.98842151164879,0.0,-1,False,56000.0
-103.15018592667593,0.1710689506120496,-0.5846908859017041,0.5007286296349278,-0.371730305546338,-0.9283407671421633,0.0,-1,False,56000.0
45.07841366931285,-31.56562743432186,0.8617521042173564,0.23945237953502613,-0.9865693988098567,0.16334265006903947,0.0,0,True,56000.0
28.147218463934184,-57.64033687836978,-0.18213866944348148,0.8660254037844386,-0.3090437062118957,-0.951047836678263,0.0,1,True,56000.0
-135.2761263267409,-194.28022591083283,-0.799410069904133,-0.34743195041273106,0.7681340710328998,0.6402890354504527,0.0,3,True,56000.0
71.15005256225612,-143.59112066199583,-0.5358806658796014,-0.8038782674715667,0.8627221293379667,0.5056782846339447,0.0,3,True,56000.0
-25.199810206879903,224.43313939121987,0.3003797681612569,-0.7087768248694238,0.869684985577335,0.49360715742470285,0.0,-1,False,56000.0
-95.99856921641914,32.59659104193169,0.3000450029295989,0.7089186052076566,-0.9779754518145654,-0.208719945495553,0.0,-1,False,56000.0
-88.70840013857244,91.74358511266294,-0.49744310473678977,0.5874886808632278,0.9595072703586689,-0.28168386203067713,0.0,-1,False,56000.0
52.969770903117194,-82.38279783278357,0.34650761853504103,0.8660254037844386,-0.948217161921392,-0.31762275396685663,0.0,1,True,56000.0
250.14187569248824,9.104354386666653,-0.6254659792945647,0.6487119530248677,0.24942958738885168,-0.9683929372597679,0.0,2,True,56000.0
-3.3159716052834343,-131.66653996801668,-0.5168648811291983,0.5704763687024135,0.6080699040431418,-0.7938834875450271,0.0,-1,False,56000.0
209.7091141036356,151.70912924356182,-0.39643164676191556,0.6598746411540817,0.40225850779475214,-0.915526129013527,0.0,-1,False,56000.0
-188.5411519979056,178.6267944435149,-0.13147877834533173,-0.8660254037844387,-0.9741753797675923,0.2257926691774765,0.0,4,True,56000.0
65.70906098885987,56.093550389091924,-0.7003956338691082,0.518929984308173,0.034190870121033445,-0.9994153212753797,0.0,2,True,56000.0
-72.65943308353899,142.91025874873438,0.5367548852264554,0.8023640751458552,-0.9999316906268878,0.011688202587574872,0.0,0,True,56000.0
178.08485481118288,-107.55669772614263,0.32220486019972433,-0.8660254037844387,-0.23324166493008625,0.9724188016180072,0.0,4,True,56000.0
-195.18126775738892,-4.270506336289565,0.7608677349389501,0.11693110160031837,-0.5941835532604968,0.8043294754232136,0.0,-1,False,56000.0
-149.80393114392834,184.01743386700863,0.7572143860556876,-0.420517018698352,-0.8914256605180793,-0.453166957941061,0.0,5,True,56000.0
304.0069491894327,-276.0983272433325,0.970649985214326,0.050835716811685396,-0.9942998580315003,0.10661984955085288,0.0,0,True,56000.0
-54.526631593743545,253.89308215316345,-0.528294676460471,0.8170175865711796,0.9584818531418264,0.28515353267586696,0.0,2,True,56000.0
-184.49466703194315,79.03928623936301,-0.2379939352561013,-0.8660254037844387,-0.414887798193347,0.9098725816893106,0.0,4,True,56000.0
-60.159145428805495,-162.7346200082155,0.5945547542135049,-0.48897570168129134,-0.9997040401459043,-0.024327599874609196,0.0,-1,False,56000.0
-104.4017425174952,-180.73744253221096,-0.6522289961385325,-0.6023570480872944,0.9481188015972472,0.3179162437773064,0.0,3,True,56000.0
83.4524166322436,12.425974638690565,0.7517518938357528,-0.16571566826028022,-0.28707201147942224,-0.9579090041464058,0.0,-1,False,56000.0
106.41252658657918,-32.133535708864926,0.32005553192423,0.8660254037844385,0.9841077163001964,-0.17757252804997214,0.0,1,True,56000.0
116.19488536587569,-200.24824064283777,0.08590776231992489,-0.8660254037844387,-0.033224858967410134,0.9994479019670282,0.0,4,True,56000.0
43.197162624196864,-30.159869011231187,-0.7819380663170332,-0.3776943483356135,0.8564932713348535,-0.5161581890832172,0.0,3,True,56000.0
-156.96214829073233,-27.854233288675793,0.5196815597929386,-0.5679116735935005,-0.7117313888061443,0.7024517280124953,0.0,-1,False,56000.0
250.33408208732985,-77.12699151751248,0.5832312246397267,0.7218646939322533,-0.3909575322504222,-0.9204087178946163,0.0,0,True,56000.0
-71.95652291178166,48.60917231925581,-0.8535422147748802,-0.25367232517391797,0.8318933834312265,-0.5549354904877623,0.0,3,True,56000.0
-69.91466710868124,83.83477410033743,-0.6350249208977278,0.4351275013503822,0.25465331919107403,-0.9670324126029005,0.0,-1,False,56000.0
143.1711582380403,151.1192649227322,0.5144639490719849,-0.8409731091136724,-0.7666201699586286,0.6421008604667682,0.0,5,True,56000.0
184.73788262392947,338.16414153003336,0.8013643473416392,-0.3440470425988845,-0.8928463268259829,-0.4503614511400197,0.0,5,True,56000.0
-62.11653776049128,132.62653953141913,0.16455778680174096,0.8660254037844386,0.6607977241803181,-0.7505640330562671,0.0,1,True,56000.0
-26.501837297870274,-83.11046866420415,0.4392906276435552,0.8660254037844387,-0.2491259471637059,-0.968471095309253,0.0,1,True,56000.0
-63.19363057125324,172.7644899862753,-0.3809158471517887,-0.8660254037844387,0.5648746966863551,0.8251766944377567,0.0,4,True,56000.0
58.36534950578223,46.649634350587974,-0.19984245671786338,0.7434080878532069,0.5479137896840423,-0.8365348044605323,0.0,-1,False,56000.0
49.84764270510914,116.37943515809434,-0.17834022390542065,-0.7488573676808934,0.9733931252888932,0.22914149261966713,0.0,-1,False,56000.0
45.15733320211764,-239.0148055201801,-0.4125145687080588,0.6499417844670372,0.1343150594321446,-0.9909386786322391,0.0,-1,False,56000.0
161.1308308346683,19.021002010408154,0.5652527047390461,-0.75300440384512,-0.9784676237816302,-0.20640036146018342,0.0,5,True,56000.0
116.03896292408712,132.82219876734453,-0.6943349107273201,-0.33240280434719066,0.9513376725682233,0.30815034115219325,0.0,-1,False,56000.0
12.351503299274182,57.503131642306926,-0.35656195799434104,-0.8660254037844387,-0.9121929875332502,0.4097608491483475,0.0,4,True,56000.0
-58.1629821333077,220.91968640234597,0.6337822918392244,-0.6343076771658948,-0.6844114546234046,0.7290959887284907,0.0,5,True,56000.0
132.3073454338398,-26.894404682662607,-0.6974419780226857,-0.3258332086887339,0.6830209379362157,0.7303987940436084,0.0,-1,False,56000.0
-23.11729929238191,-171.9330973782274,-0.22841600849018706,0.735131770268435,-0.41833244807999903,-0.9082939848325884,0.0,-1,False,56000.0
157.06686773683447,23.309949791952043,0.7694607765943335,-0.39930564807608643,-0.9906587688097217,-0.13636423204067016,0.0,5,True,56000.0
17.39698387493301,-113.63746546823509,-0.3361515728290456,-0.692527770329213,0.41437599432005856,0.9101057824950058,0.0,-1,False,56000.0
-206.00044691784348,108.69583000769974,-0.5529073747342914,-0.7743871426495599,0.9664334994393384,0.2569168954372557,0.0,3,True,56000.0
-50.96673164891576,-160.6828913055828,-0.3800750911053547,-0.669429247728129,0.43250482948467117,0.9016316168325866,0.0,-1,False,56000.0
-28.181951194225896,99.43184930135033,0.2886308383679133,-0.8660254037844388,-0.568039235201428,0.8230014746471647,0.0,4,True,56000.0
-83.81244846202732,111.2740359998174,-0.9406129660582774,-0.1028613600978807,0.13012185502958418,0.991498009500422,0.0,3,True,56000.0
-3.4828825011924014,-110.08539144447124,0.8611016153351627,0.24057905932874438,-0.9149327602284832,0.40360629858854574,0.0,0,True,56000.0
-253.1491060741008,-34.31724045017985,0.6065067211838442,-0.47406981527135345,0.06445968859427909,0.997920311721312,0.0,-1,False,56000.0
29.68556857315039,90.73449540129377,0.5891150726439202,0.7116735702449776,-0.5210027015781067,-0.8535550274868088,0.0,0,True,56000.0
40.39614750405921,240.38642553512315,-0.33513815708796607,0.6930187647216157,-0.850332989195037,-0.5262450070892634,0.0,-1,False,56000.0
-108.9166905622584,38.95448987824469,-0.2014722516289939,-0.7429680507371335,0.9987463771058215,0.050056710015800504,0.0,-1,False,56000.0
94.82317997906297,-87.86984925912869,0.8681072494079686,-0.22844494517540834,-0.4541498713955137,0.8909253023183208,0.0,5,True,56000.0
22.72678485678679,152.08205229163278,0.17730519555083182,0.7491031038670669,0.8236264174389356,-0.5671327221174569,0.0,-1,False,56000.0
-141.41333628895677,-59.84342187654523,0.8334325893512816,-0.28850321812876917,-0.9768794580352553,0.21379084280765398,0.0,5,True,56000.0
-30.645256536963103,-57.79569951377124,0.5672124022431029,-0.5204446976713287,0.2914312797802411,0.9565917672472867,0.0,-1,False,56000.0
-84.86885789069817,341.2366200700188,-0.2998227494217846,0.709012631426094,0.7595603644290161,-0.6504368169069776,0.0,-1,False,56000.0
124.12079637203232,66.8095139466877,-0.8471815483022911,-0.2646893226744422,0.9233543867095919,0.38394879416889904,0.0,3,True,56000.0
55.42291483945053,-229.81027383232583,-0.560697920907322,-0.5274565708025627,0.863711419487856,0.5039866901475568,0.0,-1,False,56000.0
90.73591537949899,-250.56678247794878,-0.8191507520504142,-0.3132400859593041,0.41186007813992626,0.9112470993283166,0.0,3,True,56000.0
-159.6109603279436,13.176112390682093,0.7752292564912255,-0.38931434781222973,-0.906272433909159,-0.42269406848925906,0.0,5,True,56000.0
112.56092467564709,-6.094049205417239,0.7639754744154845,0.0945201940551742,-0.9249441524207003,-0.38010303195641404,0.0,-1,False,56000.0
-167.79202279742287,-47.868684956234006,-0.969436246014878,-0.052937974772267166,0.631907124423811,0.7750441188100315,0.0,3,True,56000.0
-341.10665906436844,-107.75377590977673,0.9384807128922599,-0.10655453091602247,-0.981681127768235,-0.1905312661564147,0.0,5,True,56000.0
81.81593472119425,7.970864930600264,0.6655161350345934,-0.38688611580309906,-0.5317957171793048,0.8468726676362934,0.0,-1,False,56000.0
-78.73468228234285,-5.429147149402849,0.13025044130860858,-0.7587011368987825,-0.8163347235974745,0.5775791019841054,0.0,-1,False,56000.0
176.37583829827312,149.01239486980208,-0.6054877851020863,0.6833152004097178,0.9128208241714838,-0.4083603102144906,0.0,2,True,56000.0
113.68356087617653,128.86874581005637,0.9442735807311984,0.09652098949745018,-0.8391906767811016,0.5438372992020185,0.0,0,True,56000.0
-278.9864948275411,-158.34817514287948,0.8935194633197718,0.18442969954735727,-0.9497211663494244,0.3130969597225437,0.0,0,True,56000.0
129.2685832098195,-113.62903756416894,0.5322624044624005,-0.8101452800812248,-0.9473321384514386,-0.32025274309005713,0.0,5,True,56000.0
-62.3823377738173,27.804707346614364,0.21359750020687068,0.7395733232736077,0.41635486308925806,-0.9092021931240258,0.0,-1,False,56000.0
-224.42228856168717,-152.30318625985663,0.6970378511958,-0.5247458344991167,-0.9727174623599818,0.23199297062540777,0.0,5,True,56000.0
-123.93658121807911,-189.70175421457907,-0.3060746907694518,0.8660254037844385,0.6325467270876799,-0.7745221998434637,0.0,1,True,56000.0
131.4665834376156,-66.44848680978566,-0.9500777128349385,0.08646793779993062,0.9973091663192182,0.07331048202867838,0.0,2,True,56000.0
286.0875981796072,180.58613589068432,0.714025815594213,-0.4953218170438944,-0.22442448679198673,0.9744914826348066,0.0,5,True,56000.0
147.73824841949127,190.80635026458052,-0.4936144670855581,-0.5907091928152404,0.1405971788686139,0.9900668832426482,0.0,-1,False,56000.0
278.17847823983385,-31.176770462107697,0.5460472607704888,0.542609419009326,-0.3557199036995151,-0.9345926118430776,0.0,-1,False,56000.0
94.26742203741101,8.993052209449313,-0.8555233197753707,-0.2502409506579396,0.9658522561947928,-0.25909345650408855,0.0,3,True,56000.0
-44.084094793833486,-7.71594890451395,-0.8158709409149796,-0.3189208854851072,0.9499993371294635,0.3122519166525675,0.0,3,True,56000.0
-15.104552777032657,153.58034848446937,-0.7612776192359455,-0.11423212789335199,0.970218455480679,-0.24223160125041143,0.0,-1,False,56000.0
91.39381493974086,-229.9923967778919,-0.5654713022124735,-0.5223359062583406,0.6414025816015975,0.7672044892428682,0.0,-1,False,56000.0
-43.48345032495293,-46.09523754705064,-0.5853685297991602,-0.49993627285221265,0.7893080251188809,0.6139974279119165,0.0,-1,False,56000.0
73.49324050432479,-139.28729776510585,0.03177186309137944,-0.7691444216194349,-0.8880452740774657,0.4597560126723779,0.0,-1,False,56000.0
175.1719787388958,-79.4997679432396,-0.6007440876340863,0.6915315254400296,0.8628064464169379,0.5055344063670889,0.0,2,True,56000.0
91.58289354482727,-8.006374333137362,-0.05458462639745254,0.8660254037844385,0.9494237109143575,-0.3139977980070264,0.0,1,True,56000.0
-81.98956656345203,41.56931127445616,-0.5088084152768336,0.5776734277566087,0.5200758668047413,-0.8541200692917329,0.0,-1,False,56000.0
-27.186559924071958,159.37140254710621,-0.09288778489024402,0.7641756682928187,0.15984753368994578,-0.987141715243003,0.0,-1,False,56000.0
277.9782433958742,-132.9796069539022,-0.6653702185757621,0.5795957831524484,0.7972240539175302,0.6036835328671228,0.0,2,True,56000.0
82.4267192559399,29.10602684261309,-0.06322756140547683,0.767199366573845,-0.8212393685072668,-0.570583823476784,0.0,-1,False,56000.0
-11.344775987344475,213.90042255688329,-0.9023810628176734,0.16908095898066458,0.7965425053794963,-0.6045825312754178,0.0,2,True,56000.0
211.02049364498376,190.503127770789,0.6501336481412767,0.412212120330185,-0.9996156809373111,0.027721659833835954,0.0,-1,False,56000.0
15.465968036603284,120.94278582304375,0.4117085179984882,-0.6504526799084472,-0.9782641301947897,-0.2073627053593095,0.0,-1,False,56000.0
-138.35473213547124,-92.0707968546534,-0.3678795829403429,-0.6762079599119133,-0.22350936564770849,0.9747017818119635,0.0,-1,False,56000.0
-193.25906312407452,73.16319117573966,-0.7219287267655159,-0.2672293136302855,0.7351170125720794,-0.6779402465016011,0.0,-1,False,56000.0
-31.416132961164745,238.13929485059157,0.5343179088123006,0.5541633016675162,-0.340714601911133,-0.9401667724633808,0.0,-1,False,56000.0
82.57623258529256,139.63312912276444,0.3301090585465491,0.8660254037844386,0.9450671868300448,-0.3268761422568742,0.0,1,True,56000.0
131.98251525957738,32.07723727722787,0.9420406804347703,0.10038848625909913,-0.7423428362445976,-0.6700202336317601,0.0,0,True,56000.0
140.00689675246178,-57.76522235357869,-0.49308283307928114,0.8660254037844386,-0.09097977107382893,-0.9958527407478499,0.0,1,True,56000.0
49.668020794601226,43.34846901453912,0.6453376699510536,0.4196806933071111,-0.2961901552552785,-0.9551289922986361,0.0,-1,False,56000.0
148.16251305841993,-160.40505999321206,-0.7690231895176873,-0.03458217136958628,0.9998074668174562,0.019622163381103064,0.0,-1,False,56000.0
-38.639252789073744,107.49978284707866,-0.5595423896454556,0.7628949597144467,0.7530305156651564,0.6579855944295174,0.0,2,True,56000.0
91.06382103584255,-138.80852590838228,0.7668888331606203,-0.06688878954006236,-0.45592149726100173,-0.8900199932220256,0.0,-1,False,56000.0
-155.20360360811716,13.854779056955895,0.20283153010417077,0.8660254037844385,0.9632467763338346,-0.2686180334268419,0.0,1,True,56000.0
-61.78486559364444,-169.58059259210583,0.8956228734952034,0.18078648625435223,-0.41417048548280233,-0.9101993237498134,0.0,0,True,56000.0
-30.048438410143547,75.33538661757424,-0.4353479975332947,0.8660254037844384,0.4980096677674133,-0.8671714771657388,0.0,1,True,56000.0
-123.61651103475809,-7.338454563994267,0.9283216001538502,-0.12415063033876793,-0.9962555169964064,-0.08645776340959442,0.0,5,True,56000.0
246.33525233069642,262.7659002016932,-0.74663858898427,0.18741240629203446,0.7918636130715355,0.6106979763294161,0.0,-1,False,56000.0
-21.13333316060493,-122.71147639124614,-0.6910759930587727,0.5350720756999663,0.9975656613747281,0.06973342990087733,0.0,2,True,56000.0
91.39380580086208,147.72173215799177,0.9912309021194622,-0.015188523065635562,-0.8944002148995365,0.44726754363283483,0.0,5,True,56000.0
-17.27022111892235,86.66176702919154,0.8902885258219045,-0.19002584744974202,-0.647670894153709,0.7619202142388708,0.0,5,True,56000.0
42.801476454147824,28.12071847556146,-0.5956518382209657,-0.4876386779333414,0.4668552905655193,0.8843337252817204,0.0,-1,False,56000.0
31.339957016823416,115.32488937729899,-0.2948237112108757,-0.8660254037844387,0.19920626168918742,0.9799575834206486,0.0,4,True,56000.0
17.918650470251613,261.19790657244204,-0.6744243108319334,0.5639136353483436,-0.24665883055666915,-0.9691023791674471,0.0,2,True,56000.0
125.70671327985188,-122.3149401097656,0.7935891613756015,-0.3575140597303585,-0.8503659987539137,-0.5261916648549301,0.0,5,True,56000.0
93.63007975238656,91.46720323396657,-0.18464275764302832,-0.8660254037844387,-0.40975758054257055,0.9121944557974376,0.0,4,True,56000.0
42.516455388818166,26.845035363669677,0.9945975960912314,0.009357238052996122,-0.6914954242638802,-0.7223808401540435,0.0,0,True,56000.0
-144.61337445073374,-180.73591616541313,0.7011398481000538,0.5176409674484592,-0.9801016446162838,0.19849626248389973,0.0,0,True,56000.0
104.94776154044158,-75.9311533461821,0.8878021244780174,-0.19433242090536207,-0.67369698869506,0.7390076910444422,0.0,5,True,56000.0
19.141680594509822,-46.20313079017627,0.45962660354254925,-0.8660254037844385,-0.4589920202604706,0.8884403892985075,0.0,4,True,56000.0
-200.45406893926352,-288.84974088222367,0.6946527489433144,0.3317380758642109,-0.24423953569193502,-0.9697149319282502,0.0,-1,False,56000.0
241.6475935199623,-70.51899368891819,-0.6294865167768366,0.6417481778318378,0.2343175266808521,-0.9721601188537532,0.0,2,True,56000.0
-79.79101552309129,-171.3885801281137,-0.570851750032555,0.7433065729228839,0.2895388996060813,-0.9571662476365507,0.0,2,True,56000.0
-149.25940121137512,-13.077954113592758,0.5618877435771682,0.7588326875429887,-0.4956133786761282,-0.8685432510110411,0.0,0,True,56000.0
-133.12713323614074,230.85026516911148,-0.4546158753360564,0.6212221812564516,0.4243243571129748,-0.9055102649667875,0.0,-1,False,56000.0
-98.80099822056724,7.0847827560871846,0.7311200050508433,0.24094839863972362,-0.9997514064033312,-0.02229630898345064,0.0,-1,False,56000.0
-54.99948189573243,-13.700260991263997,0.9207172594642704,-0.1373217347711843,-0.7752705122831637,0.6316293476272086,0.0,5,True,56000.0
151.37801407020322,99.36079822208197,0.4276124783439905,0.6401094913818279,0.5174750166084447,-0.8556983155211456,0.0,-1,False,56000.0
245.3803424067264,46.54407004543289,0.44510749362703095,-0.8660254037844387,0.8091264031460518,0.5876346345576116,0.0,4,True,56000.0
46.20818374657914,211.36372190050403,0.22979376788166858,0.734702264073916,-0.17550501690243314,-0.9844785366079449,0.0,-1,False,56000.0
-190.4489334947048,-90.50276362955704,0.9916876187030826,-0.014397466738145438,-0.9913193669044024,-0.1314759019743868,0.0,5,True,56000.0
66.29327297821345,31.364213758597376,0.6526020635362006,0.6017108763998851,-0.20911026398391236,-0.9778920684289001,0.0,0,True,56000.0
110.87199163301835,-153.63126897208065,0.7361124786927866,0.22523545747806642,-0.9535598465091344,-0.3012036173839063,0.0,-1,False,56000.0
80.64821799392125,-130.7850866360857,-0.831008279697745,0.29270224562197483,-0.21473550406291986,-0.9766722394409105,0.0,2,True,56000.0
-27.989649093772968,116.23704457284332,0.3404085958122772,0.8660254037844386,-0.5769393898689898,-0.8167869614637371,0.0,1,True,56000.0
145.6134777656089,87.37903309134062,0.9624825090401642,-0.06498220051494184,-0.4113196558801929,0.9114911632518696,0.0,5,True,56000.0
-84.4167192907311,38.19663867446238,0.6533232827652142,-0.600461688051838,0.08299845307808978,0.9965496760253227,0.0,5,True,56000.0
138.32724179133842,113.97467240945171,0.6098576118970568,0.6757464383805533,-0.07316884004861368,-0.9973195680650776,0.0,0,True,56000.0
117.99424343869146,-34.638394837671434,0.8394173733368221,-0.27813726819348894,-0.5616429876999564,0.8273796917782689,0.0,5,True,56000.0
-158.5285391312543,-229.4135659067625,-0.16087830349636278,-0.7528019421180611,0.6479474991700542,0.761684999405228,0.0,-1,False,56000.0
114.12903400749785,98.22973194725505,-0.2592652442207033,-0.7248269626136788,0.9464686484594298,0.3227957519595895,0.0,-1,False,56000.0
113.25021423925851,180.337355837054,-0.5317152398572729,-0.8110929969774091,0.7335116052785599,0.6796769268714157,0.0,3,True,56000.0
-119.50053864182223,293.0809276677467,0.5461935629905941,-0.5424621501452727,0.5120643533493627,0.8589470868619536,0.0,-1,False,56000.0
73.60589560742584,-119.22047551472484,0.1270409874418864,-0.8660254037844388,0.9703949327948256,0.2415236518560722,0.0,4,True,56000.0
-43.95172311676665,-150.8883111729585,0.7479153646831299,0.18225037685418705,-0.9144903609614593,0.4046076861703839,0.0,-1,False,56000.0
-18.94267022811736,50.0744767246272,0.7513999087645523,-0.1673044222404619,-0.9999999993385357,-3.6367633840128644e-05,0.0,-1,False,56000.0
-56.52788048984357,8.840739486857975,-0.7667301833648784,-0.06868346605881528,0.798554253282041,0.6019228393779148,0.0,-1,False,56000.0
16.53963248433082,14.68837931388399,-0.9252605939868885,-0.12945244854222812,0.9977664643298672,-0.0667988222823965,0.0,3,True,56000.0
15.969747585268262,-49.41085823530916,-0.1286997625831826,-0.8660254037844388,0.8049838003898896,0.5932967900716731,0.0,4,True,56000.0
46.09956398506186,40.73577901283984,-0.8023885866058098,0.3422730081542346,-0.28282849839721624,-0.959170496050619,0.0,2,True,56000.0
14.373923097848982,-331.8129156638594,0.49128105051898296,0.8660254037844386,0.047549632506396766,-0.9988688765038929,0.0,1,True,56000.0
-267.1536012402873,-57.507116477949516,0.7611386283681382,-0.11515459608049274,-0.8626812783078337,0.5057479728647831,0.0,-1,False,56000.0
120.20132908006751,-204.03127348914205,0.9923115992326645,-0.013316700757975565,-0.983226354055206,0.18238951913684548,0.0,5,True,56000.0
-33.95237910376374,143.80521392304917,-0.2885118469138843,0.7136900635310344,-0.2031796594709212,-0.9791414739335681,0.0,-1,False,56000.0
47.22625304823495,-12.063247517708131,0.7908286537928034,0.3622953991184442,-0.2722776408987064,-0.962218730989099,0.0,0,True,56000.0
-8.249453636164748,249.35612697763773,-0.39625755146462643,-0.6599792008085189,0.6076316080956413,0.7942190055915074,0.0,-1,False,56000.0
128.40542033334245,34.902043409752046,-0.8204385208486479,-0.3110096049723613,0.14236624612836968,0.989814049184385,0.0,3,True,56000.0
151.53135956044608,-164.45868469133674,-0.6633412472822328,-0.5831100645199397,0.1712036291401478,0.9852356659038375,0.0,3,True,56000.0
96.64546981971343,-97.91949497163661,0.40829873555389806,0.6525984486172797,-0.49359932132460915,-0.8696894330665117,0.0,-1,False,56000.0
25.177257753628698,-6.4691244681743125,-0.8618418277903148,-0.2392969737480252,-0.20786064231229295,0.9781584500362288,0.0,3,True,56000.0
114.22413412961768,-131.23544409698823,-0.9121143769104674,-0.15222236444591802,0.9850252194442942,-0.17241031598589507,0.0,3,True,56000.0
59.59479588058939,89.82447087808791,0.7135821184652141,0.2887787263620531,-0.7288932880786081,-0.6846273253337098,0.0,-1,False,56000.0
139.39406033985912,68.4122159925739,-0.7949889610685427,0.35508953554176564,0.6534106407697267,0.7570036555582697,0.0,2,True,56000.0
-77.47675226420115,7.193825321287759,-0.9976686896481003,-0.0040379479777009255,0.9999791958452496,0.006450416756904628,0.0,3,True,56000.0
-111.23168965357446,239.0883394701771,0.4725639071375571,-0.6076807930677739,-0.8970702297467331,0.44188799814178126,0.0,-1,False,56000.0
-65.52340397002243,-75.66592503314585,-0.27987747223549864,0.7171200688362166,0.9980892075017076,0.06178943168680151,0.0,-1,False,56000.0
-14.478724257752166,-75.37493723102605,-0.5945302528102837,0.4890054918770672,0.08335724174078007,-0.9965197289813597,0.0,-1,False,56000.0
-63.44401524688354,87.74248281445573,-0.25001893869705744,0.7280680757218994,0.9148770182554902,-0.40373263611888044,0.0,-1,False,56000.0
61.161764215421115,-134.55786377733082,0.22106505168827512,0.8660254037844386,-0.8622078982711703,-0.5065545776700606,0.0,1,True,56000.0
-70.31561162065643,-75.66960883967407,-0.21948875998882295,-0.8660254037844387,-0.7884264161306676,0.6151290810448679,0.0,4,True,56000.0
-4.041644104964289,27.52489047256096,-0.590981837447082,0.7084402387601197,0.2205927206296689,-0.9753660090472922,0.0,2,True,56000.0
-265.97931324074017,-78.37948179121385,-0.5150161867445412,-0.8400166054069513,0.9217523199421785,0.3877791390480749,0.0,3,True,56000.0
8.61912504201032,-110.98593466607157,0.2291274043155834,0.8660254037844385,-0.5912004998043094,-0.8065246239456904,0.0,1,True,56000.0
-101.5900928508697,-10.925245359515914,0.6074656831541503,-0.6798893804913513,-0.27662267912289046,0.9609786123501662,0.0,5,True,56000.0
-19.295521028116823,68.57481925908039,0.6312786361935616,0.4405449762262525,-0.39719749195904563,-0.9177331596826251,0.0,-1,False,56000.0
-118.77279816259878,133.5992131756277,-0.8603597187543822,0.24186406190061752,0.9609305640994439,-0.27678954275619394,0.0,2,True,56000.0
92.13756542204196,63.842548334376765,-0.6383647758433973,-0.6263705820457957,0.8958719283236247,0.44431237664661594,0.0,3,True,56000.0
-17.159206261156715,46.58428273497395,0.888449589600946,0.19321097841632145,-0.9956439200949976,0.09323724780161613,0.0,0,True,56000.0
55.030805455222406,-41.762444298510985,-0.38409429556935526,-0.8660254037844387,-0.32538575027426103,0.9455813627171893,0.0,4,True,56000.0
10.185827490439683,-75.5991200597038,0.5692814241932591,-0.7460264570609824,-0.5768708412075925,0.8168353766604806,0.0,5,True,56000.0
53.914211215069514,-147.1771656134966,-0.2882704441187863,0.7137876040112703,0.9200964587096753,-0.39169185167620707,0.0,-1,False,56000.0
14.715516680647633,127.91286875468924,0.1362235830642513,-0.8660254037844388,-0.7916075861806952,0.6110298106482709,0.0,4,True,56000.0
110.07808244932906,-137.40641118383988,0.2129226213282082,0.8660254037844386,0.7080830060829157,-0.7061292066584495,0.0,1,True,56000.0
109.29533045124005,102.52179550706148,-0.9076817571837156,0.15989988702328534,0.9084166731608819,-0.4180659612105709,0.0,2,True,56000.0
2.946877760316442,0.5059922311511986,-0.7507609341665331,0.4316947252545693,-0.1602459005936494,-0.9870771253263326,0.0,2,True,56000.0
112.8902127704996,-122.63024377578328,-0.6014825940091507,0.6902523948767046,0.9949181214387457,0.10068729628066656,0.0,2,True,56000.0
-94.14068248785453,-116.3484958358016,0.976007954464397,-0.041555441845170016,-0.25744649394948693,0.9662925554679077,0.0,5,True,56000.0
80.77435216681498,51.80641817451408,0.6014341260999314,-0.6903363437580091,-0.202241956809656,0.9793355864592459,0.0,5,True,56000.0
-182.59342106747502,-157.2487544662987,-0.6888620862480395,-0.5389066747793793,0.04227357866795589,0.9991060727201868,0.0,3,True,56000.0
-89.96194421188987,-39.984392764940296,0.7571202990280991,-0.13914541096347444,-0.8724073512506665,0.4887795141813366,0.0,-1,False,56000.0
-29.960642784730418,9.077433631797081,-0.9806322264381467,0.0335459678386194,0.13814085761644324,-0.9904125925374361,0.0,2,True,56000.0
36.78357600932742,-97.65135025767967,0.3326719336460001,-0.6942060048406551,0.7218562582533544,0.6920430206426169,0.0,-1,False,56000.0
50.926537670409644,-48.87739430109514,0.5915402409478372,0.7074730555256878,-0.816104037893465,-0.5779050089189398,0.0,0,True,56000.0
-156.815184332172,101.69792408059202,-0.6741177860119669,-0.37169584766972635,0.9848213082455923,-0.17357128456385984,0.0,-1,False,56000.0
20.54855999387633,-176.65044567679573,0.19783921672205831,-0.8660254037844387,0.4554585811592668,0.8902569746135319,0.0,4,True,56000.0
-167.50383073128228,152.58663202642194,-0.02226503225733635,-0.7694783043927699,-0.20074714604402316,0.9796430897806144,0.0,-1,False,56000.0
175.0571168045861,83.84394013433992,0.16017514974126745,0.7529518669861673,-0.7286875057870883,-0.6848463469344456,0.0,-1,False,56000.0
-67.21879031847683,-50.88837652567742,0.9574178596388588,-0.07375443060052543,-0.22413482168544413,0.974558146909461,0.0,5,True,56000.0
75.29544882965963,-124.18892863173676,-0.472468438836186,-0.8660254037844388,0.18387375236907716,0.9829498680956954,0.0,4,True,56000.0
16.317580452037816,153.65354885407487,0.33004062872572437,-0.6954608371309782,-0.4849208139806209,0.8745580622051189,0.0,-1,False,56000.0
-150.15737995348178,22.68333947996378,0.7448490999170218,-0.19440270303006302,0.07037902291485576,0.997520322165556,0.0,-1,False,56000.0
-77.5697999595118,-101.87670953703348,0.5197494738272399,-0.8318183116929074,-0.48614167408341724,0.8738800104814357,0.0,5,True,56000.0
99.79185330339708,-67.42185483970027,-0.7605727772455756,-0.11883451983975166,0.9974916179656214,-0.0707846882315728,0.0,-1,False,56000.0
8.836684491533383,22.480540979918317,-0.3172490074353662,0.7013883801959276,0.45010003904833196,-0.8929781379453137,0.0,-1,False,56000.0
-117.71542680973512,-131.13446666814107,-0.8624926009890234,0.238169801503658,0.6842293702688504,-0.7292668708100805,0.0,2,True,56000.0
156.77455495391814,-43.995689496487714,-0.21120568698334313,-0.740259920824089,-0.5577498656787692,0.8300090887062369,0.0,-1,False,56000.0
-43.809396245704725,-172.20910812253334,-0.7092179189365354,0.5036493383325326,0.04432629316540229,-0.9990171068274404,0.0,2,True,56000.0
141.60973727733366,263.2411768789481,0.4157027518780202,0.8660254037844386,-0.21672415050943,-0.9762328833764963,0.0,1,True,56000.0
-298.47378035720243,-143.31183287686252,-0.8586425931399939,-0.24483821070771583,0.9772864410249404,-0.21192265614699693,0.0,3,True,56000.0
44.796613856129916,37.86518455842674,0.5564887477328533,0.5318955407214024,0.17463810702312244,-0.984632688658504,0.0,-1,False,56000.0
60.017848733096535,149.65656167382716,0.7527743560732733,-0.16100733346981816,-0.8485225800766454,-0.5291591736895129,0.0,-1,False,56000.0
203.64487129901806,186.85322626153663,-0.08499612951259133,-0.8660254037844387,-0.06471059747074004,0.9979040728319482,0.0,4,True,56000.0
-104.13226429983474,-249.23096991667447,-0.8149541908177407,-0.32050874323136913,0.6786600057572572,-0.7344525829386559,0.0,3,True,56000.0
124.90304791277023,196.51867158439978,0.5047123595673069,0.5812555605691819,-0.9946873002141465,0.102942580074257,0.0,-1,False,56000.0
45.45221606019102,-106.450786887284,-0.48316178194228276,0.5992889829313985,0.09157438070149976,-0.9957982390016995,0.0,-1,False,56000.0
-78.59610481242014,-172.69218093738448,0.4485287782388963,0.8660254037844386,-0.1377494642121827,-0.990467104506242,0.0,1,True,56000.0
83.7280784079161,-93.16976905190788,0.7717325211567458,-0.39537087107216967,0.2784917555068812,0.9604386196495664,0.0,5,True,56000.0
-68.60415832202285,-149.2704081367824,-0.9645069044130761,-0.06147584487445044,0.8012196447316877,0.5983703542921093,0.0,3,True,56000.0
68.90625416436734,69.59867857505178,-0.9407402016089137,-0.1026409816596496,0.9222132077700772,0.38668178055611657,0.0,3,True,56000.0
-88.66661336473582,-92.93700606340336,0.19713406949468082,-0.8660254037844387,-0.7738280894196552,0.633395680459484,0.0,4,True,56000.0
14.018082857418054,-93.66926771458706,-0.9814578492370817,0.032115947202977065,0.9725130564231599,-0.23284835212240035,0.0,2,True,56000.0
-2.7224235751858563,-47.84747533387714,-0.4748790749193972,0.8660254037844385,-0.30279362765160767,-0.9530561468524268,0.0,1,True,56000.0
-83.21322511876497,-78.54853847917586,-0.5314096641406062,0.8116222696442345,0.509821360616437,-0.8602802916834672,0.0,2,True,56000.0
-299.14782692611,-43.76284969531966,0.5696669071646956,-0.7453587809690022,-0.3441857710602885,0.9389015683229105,0.0,5,True,56000.0
-2.0458788729372985,-26.96681726589539,0.32233002297857566,-0.6990679143539799,-0.954926428627621,0.29684257765374344,0.0,-1,False,56000.0
68.68465644446265,11.82022236613791,0.4654647727528366,-0.8660254037844386,-0.1371270227095131,0.9905534713696554,0.0,4,True,56000.0
-18.495960224083273,191.16867446618696,-0.11511122311040745,-0.7611451891108676,0.9911867058757897,0.13247231444613045,0.0,-1,False,56000.0
-240.04269362515316,-156.5316253307561,0.7658149134205895,-0.07823113814337199,-0.8903766379612376,-0.4552246067300717,0.0,-1,False,56000.0
3.5390593588814148,-233.10480871697834,-0.7524177609721151,-0.4288250170479589,0.18043168310144903,0.9835875191017829,0.0,3,True,56000.0
148.41631452263678,173.07388874232714,0.8123304465559062,0.32505320159893336,-0.6255311414005675,-0.7801991996520738,0.0,0,True,56000.0
261.32466702705915,-42.0575580661464,0.3302721107889827,0.6953509368855285,-0.8982289578236076,-0.43952785955701146,0.0,-1,False,56000.0
-136.2952765527105,-107.71828700929557,-0.779658019928433,-0.3816435045242832,0.8557920031592328,-0.517320062754525,0.0,3,True,56000.0
88.82918826387949,-47.953830387010065,-0.5522181929068133,-0.775580840590406,0.6854664814952436,0.728104183991613,0.0,3,True,56000.0
-47.83615951136382,-100.7451985834827,0.5257333145180161,-0.8214539955920859,-0.824036046716804,-0.5665373718573451,0.0,5,True,56000.0
143.1039660999265,228.9555129865447,0.4126629506485039,-0.8660254037844387,-0.4882159647903526,0.8727228493189801,0.0,4,True,56000.0
75.148821856159,-243.81022037640733,-0.3738187471481651,-0.6729428927280298,-0.19927608535918093,0.9799433870400758,0.0,-1,False,56000.0
-198.520758714632,-1.7831603654246504,-0.370938435924817,-0.8660254037844388,0.5335048046096229,0.8457970344344289,0.0,4,True,56000.0
-237.51381065883095,-107.93437062207501,-0.2104015126048801,0.8660254037844386,0.4897478039583416,-0.8718641456772913,0.0,1,True,56000.0
47.782620730560566,148.64925728470664,0.5725706325492088,0.5145439372247925,-0.45566973708915287,-0.890148914901716,0.0,-1,False,56000.0
20.717879810888792,-150.80326430870932,0.26228180149411606,0.8660254037844386,-0.9746127260071168,-0.22389737449236047,0.0,1,True,56000.0
-153.60147933103408,37.16103438049009,-0.7631828175596503,-0.4101793920919939,0.6464726328048627,0.7629371763349002,0.0,3,True,56000.0
181.4671702903075,-167.34348812354972,0.7675235116931857,0.05916292412273583,-0.15337236120152914,0.9881684668208712,0.0,-1,False,56000.0
-138.71050758996748,199.4145686808393,0.8022732751413515,0.3424727334693714,-0.2802257533928813,-0.9599341264561327,0.0,0,True,56000.0
41.68207681825726,-59.62658531838841,-0.10606899194904366,0.8660254037844386,-0.5068930114816433,-0.8620089761195082,0.0,1,True,56000.0
-50.89569999582928,-107.23926133527948,-0.1287699160138529,-0.8660254037844388,-0.9237077898000975,0.38309779307921255,0.0,4,True,56000.0
-6.954015537520545,-85.62094380852808,-0.9924919946451112,0.013004246738166721,0.8137930427665412,-0.5811547844975675,0.0,2,True,56000.0
0.30953717666658576,-45.846306470630665,0.7606427692580098,0.11838568396600357,-0.25503229876710926,-0.9669325346606135,0.0,-1,False,56000.0
-113.91408055739491,34.674197526371245,-0.09404228736773718,0.8660254037844386,0.08021769857149497,-0.9967773677384526,0.0,1,True,56000.0
-26.87684394507711,-224.31385725139208,0.14424277155575305,0.8660254037844386,0.5517684612898198,-0.8339973411980706,0.0,1,True,56000.0
21.358609779313877,-56.106166248530826,-0.4051684272382997,-0.8660254037844387,0.49330859180287856,0.8698543747392818,0.0,4,True,56000.0
115.24384452881367,65.38464283850136,-0.7501617352409474,0.4327325682375242,0.9984663012555841,0.055362850872041236,0.0,2,True,56000.0
32.147793734130374,3.073256143570218,-0.7681727575851488,0.05003206068732877,0.5812858404325099,0.8136994357331313,0.0,-1,False,56000.0
-55.335331733241325,9.259969576990263,0.5266535940207239,0.8198600247362308,-0.8347020473841493,-0.5507018177674627,0.0,0,True,56000.0
-250.85185193798702,181.80722310624364,-0.5080266599896064,-0.8521228208673608,0.9600327787702496,-0.2798875911615062,0.0,3,True,56000.0
69.67699370656469,-210.43442626066724,0.7017380977888978,0.516604768591769,0.09393306198098539,-0.9955785151692007,0.0,0,True,56000.0
182.52641221810657,-199.50240374023056,-0.10106052091519946,0.8660254037844386,0.8393279785739797,-0.5436253713564971,0.0,1,True,56000.0
-139.46410383257938,49.96668930565184,-0.027161017528654963,0.7693210459355706,0.986556488965598,-0.16342060481909454,0.0,-1,False,56000.0
34.43582739020473,180.08350762800947,0.7926641290750556,0.35911626267354685,-0.7098970498808759,0.7043054582849814,0.0,0,True,56000.0
106.66570232168257,14.775983919056511,0.4989281015180041,-0.5862280632213308,-0.8906126945125071,0.45476260661229906,0.0,-1,False,56000.0
-102.11125622697263,49.364484067943515,0.5403834286807904,0.7960792535254753,-0.38904375410448555,-0.9212192775837698,0.0,0,True,56000.0
-224.3082712208382,36.010827593006454,0.7218568922654284,0.2674232968189011,-0.9970438907446886,0.07683410654311101,0.0,-1,False,56000.0
101.39727242071359,-1.326176656177552,-0.41247166100708454,0.8660254037844385,-0.3259370027913079,-0.9453914904476981,0.0,1,True,56000.0
-72.78171484367685,-64.14592528379171,-0.18483930306823182,0.8660254037844385,-0.9620457091926842,-0.272888353404257,0.0,1,True,56000.0
-99.10791030332524,29.909009606732077,-0.7694152062820476,0.024348160804187113,0.6104065737185268,-0.7920882619764288,0.0,-1,False,56000.0
-168.90112443616283,79.8551111535846,-0.7462853313393168,-0.18881418596164423,0.3700471927155649,-0.9290129574785368,0.0,-1,False,56000.0
-22.419042786677345,117.94552584968314,0.9559755386146157,0.0762526038953401,-0.9999507471066943,0.00992488591771673,0.0,0,True,56000.0
-103.01214267792265,2.7043891698813685,-0.32717111106938795,-0.8660254037844387,-0.22847098268296306,0.9735507229063604,0.0,4,True,56000.0
-170.7535177823819,-49.556466075336616,0.6779491042686833,0.5578085140297075,0.00556207473609438,-0.9999845315424433,0.0,0,True,56000.0
-63.851530118859515,29.06142472888416,-0.7188816942295264,-0.27532108944699085,0.9236802750766578,0.3831641285846774,0.0,-1,False,56000.0
-17.227749032893136,162.32543001078105,-0.5138310610571675,-0.842069303310838,0.7757663872027954,-0.6310202155921798,0.0,3,True,56000.0
-181.15033549390495,-101.06928474950263,-0.03643008217916553,-0.8660254037844387,-0.6420716338168736,0.7666446484828059,0.0,4,True,56000.0
-40.764969529612465,72.48735128198828,-0.5721344519165924,-0.741084868088767,0.9656100126794226,0.25999481420365117,0.0,3,True,56000.0
60.107588405866615,168.24448060971864,0.7680249629239458,0.40179255030340016,-0.34750425642874566,-0.9376784052987754,0.0,0,True,56000.0
-217.80348713059104,-83.09502341458365,0.9093000042764376,0.15709700083949021,-0.9848099090354462,0.17363594980633162,0.0,0,True,56000.0
189.51617682554686,93.41356994707361,-0.5470696047688285,-0.7844984568326414,0.9997679284501434,0.021542730609800886,0.0,3,True,56000.0
120.40100766585348,28.40112889851781,0.7696914396065546,-0.012949146264596964,-0.8459581779950972,-0.5332492485535206,0.0,-1,False,56000.0
203.59158870269698,113.35167910331438,-0.9107303618293144,0.15461954888491766,-0.1925009344975871,-0.9812967900779066,0.0,2,True,56000.0
-52.0087862135114,-30.599683505125768,0.8791784336864262,-0.2092690915051619,-0.9573570873476205,-0.2889072641954211,0.0,5,True,56000.0
16.077478424692597,53.810843008201665,-0.37808929100838734,-0.8660254037844388,0.383266625390511,0.9236377503445209,0.0,4,True,56000.0
192.67972914347925,-180.5641366247774,0.7352694395111756,0.45852678108283007,-0.8615218618312092,0.5077204758392944,0.0,0,True,56000.0
108.17554832289431,-40.255810249241705,0.9202005984879232,-0.1382166178325052,-0.9834343660825327,-0.18126457902041768,0.0,5,True,56000.0
-175.84911769680926,67.55795200895463,-0.2524674215569225,0.8660254037844384,0.7188031924225834,-0.6952136150585281,0.0,1,True,56000.0
92.29361566355612,-259.315113659109,0.4050257086248675,-0.8660254037844387,0.13983768385132656,0.9901744402754338,0.0,4,True,56000.0
-67.19383401357761,-11.067753558135378,-0.6676618283010098,0.5756265986772002,0.03188170227390669,-0.9994916493196491,0.0,2,True,56000.0
2.8667529977427315,-170.97585890677274,0.8780496091011532,0.2112242730396881,0.004851460679837105,-0.9999882315951691,0.0,0,True,56000.0
-138.3989511317452,113.09522883851196,0.568672098023777,0.7470818409449067,-0.4450856817174084,-0.8954879875966332,0.0,0,True,56000.0
-96.59026873519008,-133.2255330803111,0.7206147686683056,-0.48390941555087885,-0.9500480527850645,-0.3121036645074783,0.0,5,True,56000.0
97.47609563157569,279.8043184407381,-0.5745296733333181,0.7369362228996208,-0.27487730054691584,-0.9614793131647101,0.0,2,True,56000.0
149.97248702020133,40.67823285924956,-0.7332347955137577,0.23443405733913777,0.9672216946946103,0.25393344268067364,0.0,-1,False,56000.0
-54.85033919258078,322.7962024386448,0.9979078304462413,-0.0036237439651579033,-0.34794375891455304,0.9375154082104813,0.0,5,True,56000.0
-116.86386779535796,-83.92410389401145,-0.7683796324827625,0.04674754515744069,0.9966049830642694,0.08233169335736551,0.0,-1,False,56000.0
-87.45822308672706,30.62653797329549,-0.34367724085110357,0.8660254037844385,-0.1802393472805579,-0.9836227822145711,0.0,1,True,56000.0
-44.90034569996504,-93.41855734410096,-0.31788441202579293,0.7011006298553784,0.9850699131344756,-0.17215477407546598,0.0,-1,False,56000.0
17.469974805001772,266.71336686181104,0.9458609782534276,-0.09377153633713928,-0.9993634547878808,-0.03567471421136151,0.0,5,True,56000.0
233.64980632009375,-118.66782685526364,-0.5321062941841913,0.8104156710146664,0.998269681619234,0.05880172411925538,0.0,2,True,56000.0
-67.07775136764427,-144.13963481747524,-0.22580217575590283,0.7359388357849399,0.9963453007135512,-0.08541687038099895,0.0,-1,False,56000.0
-53.52962989442448,-281.3228134460504,-0.9194875045046881,-0.1394517328420401,-0.0736575917347348,0.997283590148528,0.0,3,True,56000.0
80.77061429175204,73.60472329075685,-0.7062502250374978,0.30627310072397146,0.8412602780095203,-0.5406303216089781,0.0,-1,False,56000.0
165.95781448861635,194.08369337780798,0.3469036920293683,0.687204788290205,-0.3321556648080951,-0.9432245831908804,0.0,-1,False,56000.0
252.09675316681805,176.6817724576718,0.1832264543466834,-0.8660254037844386,-0.7586742544320183,0.6514701648285366,0.0,4,True,56000.0
-71.25531360346541,98.1919330178688,-0.925608175694816,0.12885041936431624,0.6285704229893727,-0.7777526749183447,0.0,2,True,56000.0
166.0931516069715,-69.05971940611,0.7118956069689626,-0.4990114466135494,-0.6793119691267866,-0.7338496089804559,0.0,5,True,56000.0
-134.21083691882748,-329.9212680439956,-0.28390308116590335,-0.8660254037844387,0.5479791886022128,0.8364919658063632,0.0,4,True,56000.0
-76.75188751267572,-210.56389126838147,0.40044791376220934,-0.6574451010967276,-0.650758825085461,0.7592844997581617,0.0,-1,False,56000.0
-166.89673535990065,58.118124000860746,0.44387949976031604,0.8660254037844386,-0.6858066218799141,-0.727783812258324,0.0,1,True,56000.0
40.31407603893316,-279.1148377156752,0.5543667331523393,0.5341068411531493,0.2707449200929377,-0.9626511248855928,0.0,-1,False,56000.0
-148.30307427829814,-46.04923893138705,-0.3532182333335584,-0.6839806080827966,0.9885471172240164,-0.15091254761523232,0.0,-1,False,56000.0
-155.13241853188785,-167.46225699006686,-0.24269262277292986,-0.8660254037844387,0.5729401624704561,0.8195971999879152,0.0,4,True,56000.0
-117.62001376734604,-68.85767989667735,-0.6121177160585595,-0.46680241460370037,0.9857628132261418,-0.1681418331650661,0.0,-1,False,56000.0
-137.3640004749091,-173.48321996038845,0.508756710570958,-0.8508583361683636,-0.4787728950545319,0.877938787707133,0.0,5,True,56000.0
25.943053371905084,49.7132476724677,0.6362195807291973,0.6300861689757387,-0.9645035666561006,0.2640698201369907,0.0,0,True,56000.0
86.15172141281857,-31.165367963477212,0.4964371807554095,-0.8660254037844386,-0.4668450039687006,0.8843391556801461,0.0,4,True,56000.0
-60.74984971637125,160.47230316277324,0.7014869684769819,-0.5170397373192771,0.009661056460318784,0.9999533309048438,0.0,5,True,56000.0
-200.30523265021466,205.7248095502782,0.7071265112913647,-0.3042444570103057,-0.9643290718925549,-0.26470632992516274,0.0,-1,False,56000.0
186.8944092566213,-159.62423132746815,-0.6629959468956409,-0.58370814233339,0.9591067278268461,0.28304466897829034,0.0,3,True,56000.0
136.691104297653,18.789481903703855,0.569978852032997,0.5174134718266805,-0.4815136979284373,-0.8764385652781927,0.0,-1,False,56000.0
102.7874963451177,59.56209366603586,0.7209293058044481,-0.2699139281787971,-0.9848393758396876,-0.1734687401099248,0.0,-1,False,56000.0
-86.27638299093594,261.0640682280079,-0.597924821047745,-0.6964146384076543,0.928070858564443,-0.372403653960548,0.0,3,True,56000.0
-32.66415305240487,199.6579662752182,0.19061551875260369,-0.7458272699514735,-0.943129695097821,0.33242499638901646,0.0,-1,False,56000.0
65.80422251710506,34.67413392159448,-0.9711258005742915,0.05001158043320375,0.5385901906920013,0.8425678646198258,0.0,2,True,56000.0
-32.42848212841102,-113.56342477619407,-0.5649315832957372,-0.7535606025003315,0.5948848571068008,-0.8038109272612857,0.0,3,True,56000.0
-121.50776729709467,61.069391723558645,0.8986304447838495,0.17557721997503198,-0.728437378533161,0.685112388995703,0.0,0,True,56000.0
-56.16075148226739,68.2265789472916,-0.7632987306136736,0.09983807107585223,0.8021447173091537,-0.597129678120756,0.0,-1,False,56000.0
150.59581252536827,-29.752856908897396,-0.04053747621620548,0.8660254037844386,-0.4769731261336146,-0.8789178783857077,0.0,1,True,56000.0
-71.4161129252488,16.19438949295339,0.4581259911397001,-0.8660254037844387,0.9998432345035375,0.01770611242114188,0.0,4,True,56000.0
82.31980912682428,-157.33582204805322,-0.7430942260094682,0.20100637766991825,0.17646257617590916,-0.9843073499720801,0.0,-1,False,56000.0
-25.625279104791368,-57.092867888497075,0.8491888100782237,-0.26121264329443594,-0.7410065717214556,-0.6714977741327643,0.0,5,True,56000.0
-71.03442207390515,-146.93004924407364,0.4709407320250968,0.6089395860939395,-0.017919987724649644,-0.9998394241275368,0.0,-1,False,56000.0
22.25371774177294,-35.815813916211354,0.47440257684290715,-0.8660254037844387,0.9632912341447105,0.2684585595945827,0.0,4,True,56000.0
6.5408492309070345,74.62039694288013,0.7224954111066916,-0.2656933825340125,0.2924035177060741,0.9562950291791241,0.0,-1,False,56000.0
-80.37937992723137,-93.95418354579216,-0.01092868003325854,-0.8660254037844387,-0.035009593879795985,0.9993869762689567,0.0,4,True,56000.0
-143.8165142186848,285.76930713067134,-0.3224427705980244,-0.6990159170445707,-0.652339002506221,0.7579273222472207,0.0,-1,False,56000.0
-352.51063027028664,148.23286654697986,-0.32828664809380204,-0.6962905063807265,0.8234890682761035,0.5673321376665705,0.0,-1,False,56000.0
-0.5477242885014446,108.62379633038948,-0.4827884663599142,0.8660254037844385,0.17613327868541084,-0.984366328222918,0.0,1,True,56000.0
-182.4328063671778,37.4534978390608,0.19203868176528588,-0.8660254037844387,-0.10334703569953399,0.9946453590158161,0.0,4,True,56000.0
-93.5773111150274,167.13164315954427,0.9302784801739293,0.12076121471967524,-0.9995789923359931,0.02901444606038367,0.0,0,True,56000.0
-63.96634252358285,-115.35943432895249,0.7732213962134823,-0.3927920638277802,-0.9922024192536449,0.12463690956837181,0.0,5,True,56000.0
-298.2153120184395,-80.82615423642186,-0.2663465848357298,-0.7222548645311679,0.7542836009467024,0.6565487410257365,0.0,-1,False,56000.0
102.72524879309914,-17.057292164907356,0.33061154092545825,0.6951896155722455,-0.6320124780517311,-0.774958210219467,0.0,-1,False,56000.0
226.6572404780503,85.68544127169515,0.005101645953846767,-0.8660254037844388,0.963965110571031,0.2660286931919259,0.0,4,True,56000.0
-82.96352046113515,-175.83039278371072,0.589779706042284,0.49472466173950674,-0.8238486112958745,0.5668099025823163,0.0,-1,False,56000.0
24.326480283370152,-65.0399078069242,-0.5759241588004117,0.734520903220198,-0.2528158742190024,-0.967514410095529,0.0,2,True,56000.0
-219.805943628313,-60.161637888406794,0.22704776433085672,0.8660254037844386,-0.7891231057139121,-0.6142350722875274,0.0,1,True,56000.0
-27.421537914648248,280.8351104996072,0.4877545565259491,0.5955569537674519,-0.5702991487292197,-0.8214370827752566,0.0,-1,False,56000.0
200.22610929723615,95.90632534461851,0.592406744983227,-0.7059722265114291,-0.9540128963643728,-0.2997655643500552,0.0,5,True,56000.0
-71.98305294130259,-31.679391207596147,0.321235083423391,-0.8660254037844387,-0.7954622562901483,0.606003134329721,0.0,4,True,56000.0
-99.7665301772149,19.79771878564707,-0.6229450583912085,-0.45225219382393944,0.1668188105020117,0.9859875681073843,0.0,-1,False,56000.0
-184.89485023669386,-6.315860459714491,0.5861063005792698,-0.7168849163293457,-0.10007349708022228,0.9949800476300237,0.0,5,True,56000.0
3.449742564803984,53.10919820431735,0.5155244063332141,0.5716880085040962,-0.9725862719597854,-0.23254234796064077,0.0,-1,False,56000.0
119.8876604261471,14.87206771987011,0.5688433307528543,-0.51866160225198,-0.7946374150375721,-0.6070843257917241,0.0,-1,False,56000.0
-210.9065117041245,-102.43672254847027,-0.9545273202513102,-0.07876099168103909,0.6552225349299656,0.7554359203265895,0.0,3,True,56000.0
87.36545345095799,86.85934250878496,-0.7768128834706113,-0.3865714254236969,0.7618052498685646,-0.6478061139511118,0.0,3,True,56000.0
-245.37801673442743,104.96874992268461,0.8611419150337586,-0.240509258203246,-0.8250261761375982,0.5650945130572917,0.0,5,True,56000.0
-79.50166086640378,150.52433220242557,-0.7795297634963004,-0.3818656511811345,0.9502512956037427,0.31148430972200913,0.0,3,True,56000.0
-281.1249958468178,105.78242088556392,-0.5270844906503804,-0.5610477094761384,-0.1300520982915193,0.9915071617137223,0.0,-1,False,56000.0
-139.57961770599096,-266.6378885368723,-0.7691706965738329,-0.031129280825568095,0.27800336351238186,0.9605801007075778,0.0,-1,False,56000.0
160.75477731344526,-119.908940475001,0.6823239183514787,0.550231113764638,-0.787345496455031,-0.6165120187081365,0.0,0,True,56000.0
19.05244988827238,-151.04074968980166,0.746061593393635,0.1896963137637175,-0.4589795393388133,-0.8884468371647338,0.0,-1,False,56000.0
-85.73251992739551,-7.058927262632699,0.2622279151516261,-0.7237603975818405,0.0776195510983782,0.9969830516548215,0.0,-1,False,56000.0
-179.2700351344478,-49.82577281236057,-0.674387151042832,-0.5639779979910664,0.6670979067686,-0.7449700549583291,0.0,3,True,56000.0
43.705101724609484,38.63541331346533,0.5048040416979801,0.581175939004684,-0.9645287238202237,0.2639779174958074,0.0,-1,False,56000.0
-260.45157809937103,1.238186013727117,0.7548649298866883,-0.42458639615321475,-0.995875038053661,-0.0907353766802832,0.0,5,True,56000.0
139.59172335042282,-14.78639090302546,-0.9920810560485862,-0.013716013266139145,0.9948167083888126,0.10168439757383269,0.0,3,True,56000.0
61.98246647965298,-52.97088779724912,0.614035295612354,0.6685104779277049,-0.6311825167035294,-0.7756343407866213,0.0,0,True,56000.0
197.61751269578644,276.5940953494727,0.4395694732064581,0.8660254037844386,-0.511373763303229,-0.8593584084680871,0.0,1,True,56000.0
163.0707041560486,234.8962192718059,0.8724730526105264,-0.22088315221273144,-0.6237554612466946,0.7816195523171829,0.0,5,True,56000.0
-140.30578014529746,-46.01794601317561,-0.9264383753390087,0.12741247140014866,0.43482628184196814,-0.9005143555873987,0.0,2,True,56000.0
-24.81068563536984,-149.85571895458318,-0.37100469311956596,0.8660254037844385,-0.7995568847836739,-0.6005903662186386,0.0,1,True,56000.0
91.50131222557553,-34.41774706260459,0.4302188518798137,0.6383606598779465,-0.2505592008818652,-0.9681012792332634,0.0,-1,False,56000.0
-89.4773534803677,-108.20522558606042,-0.8097216313618392,0.32957180206261505,-0.40616439748861494,-0.9138000230971143,0.0,2,True,56000.0
-69.45385867814522,-56.08293807125048,-0.5851323251499384,0.7185718912582716,0.9928892299520927,-0.11904191297510974,0.0,2,True,56000.0
-78.98002251600383,-0.26089375550995475,0.5557504375195835,-0.7694628134563256,-0.4396785098252077,0.8981552248901246,0.0,5,True,56000.0
328.0735406118005,263.75968510881347,0.9580507672786687,-0.0726582024118764,-0.9963668832960378,-0.0851647454676693,0.0,5,True,56000.0
-103.44271234873011,-74.4487228131713,0.6959689814433925,0.5265971712169604,0.10348251738325814,-0.9946312726813218,0.0,0,True,56000.0
-5.2093570578494015,107.0665156236511,0.286761724693338,0.8660254037844385,-0.3856345701498645,-0.9226516018005149,0.0,1,True,56000.0
-0.9795653788854538,-112.98467298078893,-0.13825585816932867,-0.7572832430963032,0.5972614436682231,0.8020466120538194,0.0,-1,False,56000.0
-118.66299042513369,-240.27614112387764,0.003583408461453441,0.8660254037844386,-0.9865455283265638,-0.16348675952074138,0.0,1,True,56000.0
128.6732640772396,-2.2971261650799075,-0.4569433651133153,-0.8660254037844387,-0.06251209063046698,0.9980442066985955,0.0,4,True,56000.0
-100.42979330419094,-88.77306699953837,-0.3611688942201119,-0.6798158739250018,0.8717097787056114,0.49002251143044295,0.0,-1,False,56000.0
-76.65594039526344,102.45479542332669,0.7567564299613302,0.42131022192141493,-0.9185981350903034,0.39519294807501826,0.0,0,True,56000.0
31.055901392974803,-251.1972927801958,0.37653929602138825,-0.8660254037844387,-0.2512501891220681,0.9679221778974934,0.0,4,True,56000.0
-281.2704640723916,83.45557807514531,0.7569040033893097,-0.140317220061645,0.07999710629235296,0.9967950957867553,0.0,-1,False,56000.0
-90.93540933335382,108.90827017198781,-0.330970317980546,0.8660254037844386,0.5251431607053934,-0.851013901627944,0.0,1,True,56000.0
247.56736385395132,-85.69552733767269,-0.9824268290196733,0.030437624988020957,0.9982482913912699,-0.05916374509838146,0.0,2,True,56000.0
-166.53305339901578,60.7446776444303,0.6232807893177431,-0.6524968130889133,0.26758191769467715,0.963535114732498,0.0,5,True,56000.0
-242.51521028365525,-3.392655511411651,0.2861684128303134,0.8660254037844387,-0.978512839204444,-0.20618589552030528,0.0,1,True,56000.0
72.5401788582259,148.36561692267472,0.38666640881870556,-0.8660254037844387,0.2492575653624327,0.9684372287914513,0.0,4,True,56000.0
-105.84989549688224,-154.32056091556692,-0.14891637599194796,-0.8660254037844388,0.8664633179101991,0.4992407422432781,0.0,4,True,56000.0
114.05851680992568,-47.31400966076328,0.48237498897503894,-0.599922463826721,-0.3356935237404185,0.9419712618325117,0.0,-1,False,56000.0
-7.440075454200842,-38.8423545209658,0.1976224600686866,0.7440013144269254,0.5033732518886767,-0.8640690766846267,0.0,-1,False,56000.0
-122.50458825518217,-155.3241878638437,-0.16119838957989863,0.8660254037844386,0.37925952833423104,-0.9252903383086631,0.0,1,True,56000.0
-196.81968813203002,-90.78089789660551,-0.47230756859288264,-0.8660254037844388,-0.5522501714354273,0.8336784440952807,0.0,4,True,56000.0
235.76165222057142,64.84489851897244,-0.7687263164971609,-0.04065025113451587,0.9997540884965382,0.02217571947048942,0.0,-1,False,56000.0
-18.22736452290632,11.044810757632568,-0.7677502633394544,-0.05614379515842238,0.6198362116327795,-0.7847312092356303,0.0,-1,False,56000.0
-29.980674687507967,-70.14313368696635,0.3861849981475457,0.665923223651475,-0.2472952651587399,-0.9689401693756875,0.0,-1,False,56000.0
-59.58475129258167,-182.47923312982564,-0.8606193510299177,-0.2414143656081052,0.9829777851086324,-0.1837244512374781,0.0,3,True,56000.0
-75.03203675848161,108.34505134867861,-0.7086320890405599,0.5046640254769551,-0.3630230006716093,-0.9317801784664737,0.0,2,True,56000.0
-191.93308394599725,-83.0898716368788,-0.24593011617421284,0.7294593686773312,0.4524609355885572,-0.8917842237704853,0.0,-1,False,56000.0
-19.1807216357407,-116.9608884549398,-0.7240971526966572,-0.4778777494823078,-0.3152305685320365,0.9490151150864552,0.0,3,True,56000.0
-39.57017695968949,22.25471630436854,0.7444780852166142,-0.44257693885210936,-0.9953117529138809,0.09671873919278323,0.0,5,True,56000.0
309.09301799068646,-324.0915579757301,0.7604299152201106,-0.11974529899301992,-0.4255767145525283,-0.9049223502767003,0.0,-1,False,56000.0
-38.85187417019627,169.24034512265317,0.8590748259762472,0.24408956147462588,-0.7680134267550692,-0.6404337407754697,0.0,0,True,56000.0
-1.451880127726732,-102.73168939038221,-0.2439663367790496,0.8660254037844385,0.6815457819676971,-0.7317754758678924,0.0,1,True,56000.0
-45.6800764383853,-23.743486176945975,-0.4870285726433573,0.5961507879903928,0.9620048587794707,0.27303232717813153,0.0,-1,False,56000.0
283.1436281705748,7.317870332818616,-0.5602991305335946,-0.7615842460480255,-0.38681243910943985,0.9221584120690857,0.0,3,True,56000.0
219.5904759292354,-277.33752407673137,0.7163640965805881,0.49127179557312056,-0.9993118150172603,0.03709307706997106,0.0,0,True,56000.0
-224.14972818247364,-135.38772927229678,-0.983593212456697,-0.02841738961398864,0.9172275642004893,0.39836364727527007,0.0,3,True,56000.0
117.07636491154386,-39.981293438151106,0.688749490017404,0.34382660250969255,-0.9018557598962538,-0.4320372534186882,0.0,-1,False,56000.0
-104.55093280722237,10.40126419535208,-0.5730368865031913,-0.5140246290785306,0.8975890225922075,0.4408332411712427,0.0,-1,False,56000.0
93.25427069293582,116.96677803703813,0.8832830157053747,0.20215974690450988,0.22079927543810038,-0.9753192707855637,0.0,0,True,56000.0
-193.06376784461537,125.75699808044307,-0.26426483828477254,0.7230191476295184,0.9993054575328225,0.03726395771764093,0.0,-1,False,56000.0
39.98675012042751,78.0081037199702,-0.19228378769495602,0.745398911712563,-0.48770672519019953,-0.8730075315848801,0.0,-1,False,56000.0
136.07074097614338,111.29377870665583,-0.3074491689534471,-0.8660254037844387,-0.9942079019492377,0.1074739396383412,0.0,4,True,56000.0
-257.8199883045345,50.04414975624534,0.5229055826081099,0.5649445497302061,0.10479559789635512,-0.9944937821129172,0.0,-1,False,56000.0
-92.96806445281203,115.6093726544273,-0.9073379502304691,-0.1604953781343032,0.5008890534843577,0.8655114996920494,0.0,3,True,56000.0
-197.6095336529279,-122.46008219638158,-0.9863357578299423,-0.023667161685464674,0.84831476560811,0.5294922647696804,0.0,3,True,56000.0
37.27688214523839,125.48352579266539,0.4003977564405371,-0.657475649153622,-0.8642737223500019,0.5030218015702153,0.0,-1,False,56000.0
96.33043776536485,-88.53497453528027,0.705442245904995,-0.5101889958559283,-0.7276184663372741,-0.6859820460075081,0.0,5,True,56000.0
111.92719587222703,-92.32305318756532,-0.9619522639502415,0.0659006119511521,0.9998441519622998,-0.017654228567503982,0.0,2,True,56000.0
114.48155026001466,6.850249894587691,0.6074648849021327,-0.6798907631044032,-0.8865607366310173,0.4626122136994205,0.0,5,True,56000.0
-72.9854549677502,33.26312836524788,-0.839138229710568,0.27862075913677015,0.9596216034159802,0.2812941134416414,0.0,2,True,56000.0
65.59965598462703,-39.11593874088966,0.11196986685023416,-0.761613643201153,-0.9063801084698269,0.42246313326697593,0.0,-1,False,56000.0
-56.60480829687833,-84.73036335895567,-0.17354802388449161,0.7499824504602626,0.13479463632875732,-0.9908735570276139,0.0,-1,False,56000.0
-66.27034024575087,-62.71016418513653,0.5981907152175098,-0.6959540961961854,0.3560212223289292,0.9344778698562449,0.0,5,True,56000.0
184.92017086522125,-96.8002316063817,0.09710459205994199,-0.7636512887394774,-0.9253667919727042,0.3790729485386388,0.0,-1,False,56000.0
-61.77430788199317,-52.293936589879664,0.995156145299589,-0.008389802445592367,-0.7819703107981186,0.6233156768684847,0.0,5,True,56000.0
-4.3850667230337494,31.27090501756735,-0.26511994595082883,-0.8660254037844388,0.8819382282017738,0.47136499831450124,0.0,4,True,56000.0
-89.30980597710122,-163.18490761478793,0.8725457605505371,0.2207572183665198,-0.9021262575236051,0.4314721491430046,0.0,0,True,56000.0
190.72080821062312,66.25053481288913,-0.25073212867009487,0.7278227752998359,0.8460922533404326,-0.5330364892170756,0.0,-1,False,56000.0
-64.06502294347293,101.70947078045559,-0.05431195789078025,-0.8660254037844388,0.9120609962389264,0.41005455629619575,0.0,4,True,56000.0
115.6320191113644,103.88475868039582,-0.4962033686897617,-0.5885361581870097,0.9840251314028754,-0.1780296064343449,0.0,-1,False,56000.0
14.106320466439506,-183.1796459479984,-0.46948972019908164,-0.8660254037844388,0.31398805101146193,0.9494269344303035,0.0,4,True,56000.0
-7.0360633215248995,-68.88493207819847,-0.7631390913982937,0.41025512802508357,0.9555468360298308,0.294839353128158,0.0,2,True,56000.0
101.38315443257147,-88.17324232028933,0.5754463965113279,-0.511325764395576,-0.5037963069765942,0.8638224823865895,0.0,-1,False,56000.0
-276.96754106983434,298.3291173549336,-0.9883993650236411,0.020092889179114472,0.9740429094096396,-0.22636344808395628,0.0,2,True,56000.0
14.190239013296011,-105.78092379058975,0.6977305022149846,0.325214911822041,-0.6308398397615362,-0.7759130728176825,0.0,-1,False,56000.0
-128.96916854010556,35.308825371575615,0.7840886618058898,-0.37396940768238535,-0.2573014268440191,0.9663311936099573,0.0,5,True,56000.0
-259.60131919369366,61.127343365736884,-0.37572060669013785,0.8660254037844386,0.5316731153440135,-0.8469496433791558,0.0,1,True,56000.0
48.14624216869042,58.27246440664983,0.4216317746077428,0.8660254037844386,-0.7813605028008757,-0.6240799345135661,0.0,1,True,56000.0
59.25032182046577,-83.20086921574992,0.3096907589328546,-0.8660254037844388,-0.5324632435929187,0.8464531258269112,0.0,4,True,56000.0
-116.43430114895507,-98.54540453370672,0.7507597659134337,-0.17015394934646222,-0.8377092564165023,-0.5461164726629731,0.0,-1,False,56000.0
-126.85659159970982,-130.1008859148749,0.4772857608530969,0.8660254037844387,-0.0998938260859813,-0.9949981022643022,0.0,1,True,56000.0
-21.58524050466135,227.00073481051052,0.32562066129268474,-0.8660254037844387,0.714800328435752,0.6993285997782903,0.0,4,True,56000.0
-1.3530008782663299,11.273094344821038,0.6407232124914372,-0.4266923453347211,-0.9888957003444494,-0.14861121707338415,0.0,-1,False,56000.0
-130.9147173581728,119.64363169693317,0.1824051591593334,0.7478776307021427,0.7994884902812369,-0.6006814079921907,0.0,-1,False,56000.0
92.01646274181462,202.29207367284056,-0.8126278148315516,-0.3245381446369565,0.393045848657601,0.9195188746582051,0.0,3,True,56000.0
-224.52094866063976,-54.00679313495961,0.8271469615370096,0.29939024486055704,-0.9649510169182287,-0.26243005724983665,0.0,0,True,56000.0
-40.95222277248097,35.32951439638725,-0.638945976053662,-0.42934907974447256,0.9881371200638632,-0.15357419038209696,0.0,-1,False,56000.0
32.67807529840476,98.70636514937128,0.5522114483450349,-0.7755925225140803,-0.48232649456040977,0.8759915254411884,0.0,5,True,56000.0
-171.14336850340226,229.89420303063437,-0.729611042292581,-0.4683274125548423,0.7085540479484078,-0.7056565461579076,0.0,3,True,56000.0
66.81045047558354,241.03385440686094,0.6884650080842509,-0.3443958844645863,-0.4536430063159086,-0.8911834955946657,0.0,-1,False,56000.0
-169.60671009733122,62.186659440694555,-0.8355973059026574,0.28475381907780156,0.9751051851810295,0.22174281912319316,0.0,2,True,56000.0
51.08198544991386,-51.08844183125559,0.738724508626493,0.45254242583143833,-0.8474858261327538,0.5308180239061907,0.0,0,True,56000.0
-22.096215484218753,-91.97107527580101,0.7322622329912707,0.23745444768887836,0.18970486626449967,-0.9818411601247914,0.0,-1,False,56000.0
-22.366202394583834,-142.66089160452825,0.7503357567042916,-0.17201408315481145,-0.33249246884879374,-0.9431059103613542,0.0,-1,False,56000.0
2.4320505418980956,-104.25485411163628,0.8211574438714315,-0.30976439377016907,-0.5572072128549577,-0.8303734834049878,0.0,5,True,56000.0
4.816991051043318,253.07928758374706,0.10370747520667956,-0.7627826375703948,0.21519717346308892,0.976570620351224,0.0,-1,False,56000.0
49.604556113829325,159.06559729636885,0.23893574813639806,-0.7317802271550469,-0.2651419944672531,0.9642093770388098,0.0,-1,False,56000.0
-134.77807963766125,8.516223626276613,0.7697778731058704,0.005883763183092458,-0.9390459323195401,-0.3437917058245369,0.0,-1,False,56000.0
60.87199312270928,-156.2382244690035,0.4263511479832381,-0.6409503032263636,-0.4539994339824661,0.8910019719075444,0.0,-1,False,56000.0
-42.954178413651256,-212.96005248869042,-0.7687295642713801,0.040588786724000556,0.8457194693499084,0.5336277533657453,0.0,-1,False,56000.0
34.04202047268625,-26.443561949320355,0.6222692497029162,-0.45318161201306717,-0.8907740711369423,0.4544464260941059,0.0,-1,False,56000.0
148.48839341960655,-54.334987307929005,0.000522528807729794,0.7698001815771659,0.596015630692254,-0.8029728314022693,0.0,-1,False,56000.0
-41.07983149632754,-46.346490269573714,0.8862057883028264,0.1970973562667537,-0.9649090791014265,0.26258421328654497,0.0,0,True,56000.0
248.38884863537712,184.20319054001004,0.6548544893777049,0.5978095604021189,-0.8352742348102689,0.5498335681474285,0.0,0,True,56000.0
-97.80073458654934,39.69401142525824,0.25663529114335665,-0.8660254037844387,0.8823486995925641,0.47059618817722726,0.0,4,True,56000.0
115.63509818657934,-86.6096363616068,0.6878197793593056,-0.5407120032677445,0.04071104388259589,0.9991709618006401,0.0,5,True,56000.0
52.65979087267406,-188.46957318193077,0.2145530974496983,-0.8660254037844386,-0.7918120465395634,0.6107648344120944,0.0,4,True,56000.0
-237.04924584924046,-42.80403699590459,-0.20175344408420248,-0.8660254037844387,-0.9395385704611035,0.3424430969014637,0.0,4,True,56000.0
124.09728009973766,114.10787295928046,0.4246973574354338,-0.6420473091447014,-0.5237829335784838,0.8518517702578525,0.0,-1,False,56000.0
98.59547194909595,111.00421412763714,0.982716745794188,0.029935474404595357,-0.9973063137162624,0.07334927826046791,0.0,0,True,56000.0
-14.44325542541064,-104.71406207160945,-0.6141503950193872,0.46412485915982044,0.8317991984519277,-0.5550766554759805,0.0,-1,False,56000.0
182.84528638523503,79.60219402492018,-0.27001579036592094,-0.720891160679377,-0.6086191257126271,0.7934625131765625,0.0,-1,False,56000.0
-121.55969756667749,29.521290105163118,0.12137371207524161,-0.8660254037844386,-0.9981403331721123,0.06095797974606469,0.0,4,True,56000.0
-80.7581815553705,-116.67510188288216,-0.4226149322603632,-0.6434199341201365,0.12213816024630048,0.9925131081307423,0.0,-1,False,56000.0
-95.74053266553966,189.93990153487206,-0.0834144394106923,0.8660254037844386,-0.23509542987676518,-0.97197229325261,0.0,1,True,56000.0
148.38150661660558,85.44384555207716,-0.15572025698686276,-0.7538857964947594,-0.6123946924861022,0.7905521745049452,0.0,-1,False,56000.0
18.81054552370126,-79.29704467642634,0.9823267275130123,0.03061100588347236,-0.6881815515471204,-0.7255385255862041,0.0,0,True,56000.0
171.4886298417453,52.148891692580385,0.48759486667467844,0.5956877022275137,0.5395798940605512,-0.8419344023884449,0.0,-1,False,56000.0
58.38328622064971,-34.13783038746417,-0.7574422185891446,-0.1373822335360243,0.9626591278176514,-0.27071646353507417,0.0,-1,False,56000.0
23.940658076359664,239.63575218155262,0.4351174444168274,0.8660254037844386,-0.08042434092374556,-0.9967607162135865,0.0,1,True,56000.0
-188.9509830290815,63.946334151344246,-0.7697935464865697,0.0032385768821837635,0.9725250837410332,0.23279811316689494,0.0,-1,False,56000.0
3.196910690883811,-127.12957981327727,-0.7265785226592932,-0.2543152433552327,0.6366032687445771,0.7711914666431643,0.0,-1,False,56000.0
2.4236762296575476,-78.08337595935481,-0.35659150258337735,-0.8660254037844387,0.2322302918110789,0.9726608306933289,0.0,4,True,56000.0
176.58746027455177,167.06524891816278,-0.181740156885975,-0.8660254037844387,-0.8398283575545595,0.542852033105609,0.0,4,True,56000.0
-169.06136361333472,-78.70799023975145,-0.8875948102676599,0.19469149965083277,0.504920039450545,-0.8631661217639154,0.0,2,True,56000.0
33.75725456633377,-43.60324053648283,0.15502439614269342,-0.7540291965124333,-0.03068469030825202,0.9995291140234208,0.0,-1,False,56000.0
288.7853569966947,-102.4449633830784,-0.6825731226208094,0.3559305056724836,0.603329351493567,0.7974921276263813,0.0,-1,False,56000.0
-59.50314778061318,-124.68063646168373,0.6713374305624857,0.3766943680470308,-0.8546628555899248,0.5191834004227466,0.0,-1,False,56000.0
-128.675142240713,-220.5243089121864,0.40393371925773636,0.8660254037844387,-0.5617985727621636,-0.8272740559464687,0.0,1,True,56000.0
30.298428914527587,177.94594438101618,0.7652160202975271,-0.406657781647903,-0.1487264223001089,0.9888783804440134,0.0,5,True,56000.0
-55.755221135040195,168.6547081887679,-0.808582177488907,0.33154539406341493,0.9540014051471889,0.2998021330425934,0.0,2,True,56000.0
-50.10085187020069,112.81274192295074,-0.9265294610301024,-0.12725470635533134,0.9931886380572693,-0.11651750612475589,0.0,3,True,56000.0
28.30499584261115,353.05372319070136,0.4118608233451656,0.8660254037844386,-0.5016998022326662,-0.8650417957759708,0.0,1,True,56000.0
-20.397446617341707,112.53576806178066,0.45373597937066734,-0.8660254037844388,-0.15706939411502774,0.9875875684879655,0.0,4,True,56000.0
169.79861934180428,161.6990364970191,-0.7711279604089013,-0.3964180010036986,0.9796251395610929,-0.20083472294298288,0.0,3,True,56000.0
-122.59509409417655,-67.81081141615219,0.8084575617069314,-0.33176123492922116,-0.9992669277964481,0.03828324714239073,0.0,5,True,56000.0
-147.41769773388995,105.93535682989551,0.1592255401193027,-0.8660254037844387,0.24268452901850202,0.970105262007534,0.0,4,True,56000.0
-81.12297124554468,-103.49779156070004,0.38391255969688975,-0.6672358946426477,0.4926859555566776,0.8702071875116568,0.0,-1,False,56000.0
-61.444668075305316,46.550895812370555,-0.7508270242167971,0.16985691713422013,0.9179086999315033,0.3967916564012074,0.0,-1,False,56000.0
-38.13604208494842,196.53725558130316,0.2549699519491915,0.8660254037844386,0.87394477112324,-0.4860252431983658,0.0,1,True,56000.0
-47.710624985681626,85.84552577038873,-0.40570217567559447,0.6542158185527782,0.9148475805699054,-0.40379933670694956,0.0,-1,False,56000.0
40.28466422652048,-204.6627619670866,0.6668877554397717,0.5769673322016245,-0.7077767722709452,0.7064361546759295,0.0,0,True,56000.0
-82.06587297904662,-324.2117659262397,0.9585372785469141,-0.07181554017682129,-0.9994337572707365,0.033647657084204,0.0,5,True,56000.0
-173.64244074018376,175.03423439462406,-0.44281142456402645,-0.6296909042285508,0.19265731241752154,0.9812661004903553,0.0,-1,False,56000.0
-182.54336891950533,-78.48524873545502,0.7369615918522092,-0.45559588725401284,-0.16961296752249172,0.9855107514622974,0.0,5,True,56000.0
21.25279659612906,162.98141180079003,-0.14932187976677797,0.8660254037844384,0.9021196428536569,-0.4314859788883325,0.0,1,True,56000.0
-10.926067463575661,-108.62847649619567,0.08112537854871449,0.8660254037844386,0.017530348233892018,-0.9998463316382566,0.0,1,True,56000.0
74.5805365932608,118.45566665567084,0.7480860354355361,-0.18154855047323898,-0.960266778437181,0.2790837047008475,0.0,-1,False,56000.0
0.27738196260048836,-69.01695525820654,0.7167323287214091,-0.4906339987962387,-0.828605871880554,0.5598323937436225,0.0,5,True,56000.0
-70.94810842347395,-77.39388012010347,0.6759597910021664,-0.5612541056794856,-0.4813966358139138,0.8765028688068455,0.0,5,True,56000.0
103.9158631840991,295.47329975543863,-0.431766878228649,0.8660254037844386,0.5089836710479643,-0.8607761745112621,0.0,1,True,56000.0
230.0174750428826,131.04878811660328,-0.33375760304610225,0.693684694224626,-0.11644159358133171,-0.9931975409171614,0.0,-1,False,56000.0
14.618829409628459,-166.88148613132807,-0.6294471506373822,0.6418163619854707,0.10486853285636555,-0.9944860938274717,0.0,2,True,56000.0
-77.62101579859852,242.37304367603087,0.1837466512771705,-0.7475491694444041,-0.9980322286466775,0.06270303487305172,0.0,-1,False,56000.0
-224.78057234093473,87.5913731313114,-0.37995701442961405,0.8660254037844386,-0.9883113794299093,-0.1524487365937088,0.0,1,True,56000.0
248.5551486921327,200.218204472078,-0.8850342511105641,0.1991265182067087,0.9305122179848591,0.3662608526454012,0.0,2,True,56000.0
32.46570933010136,-57.32017751659989,-0.436017481440258,0.8660254037844386,0.5318520655791987,-0.8468372809098196,0.0,1,True,56000.0
24.650982042256494,-183.26015671610887,0.48677535729014415,-0.5963575639896292,-0.6931013322440037,0.720840164836323,0.0,-1,False,56000.0
-64.81117652125255,96.21258447343692,0.742176788939149,0.4465629009279484,-0.8115484104114247,0.5842851851265538,0.0,0,True,56000.0
26.26376126634602,-152.80458003767578,0.6357992148437771,-0.6308142640470548,-0.24186944999706406,0.9703088009277092,0.0,5,True,56000.0
270.02489559204895,-290.930185145858,0.6532272733601496,0.6006279812194143,-0.5241653202276553,-0.8516165317032803,0.0,0,True,56000.0
15.76160633472475,128.60966593789377,0.44421065510578844,-0.6287046098789786,-0.2733807646792786,0.9619058984656622,0.0,-1,False,56000.0
-234.6271422090535,37.1635624677204,-0.6602588702331553,0.5884488981770262,0.9231369013827514,0.3844714050551542,0.0,2,True,56000.0
-34.06669493862615,55.291851387517355,-0.502588020082099,0.8615428215112348,0.7945757731773938,-0.607165002844472,0.0,2,True,56000.0
38.839013880761705,-48.25232649792776,-0.7041443790298922,-0.31108404985341165,0.9867790984460294,-0.16207100564140525,0.0,-1,False,56000.0
-64.24255705295664,4.084534063100079,0.18032905699434065,0.8660254037844386,-0.9272515736725109,-0.3744389391096158,0.0,1,True,56000.0
12.89339365654377,-323.3983028943546,-0.34637581649480603,-0.8660254037844387,0.10086462676949243,0.9949001593458108,0.0,4,True,56000.0
119.35792018419046,121.82364608673296,0.9118171973738227,-0.15273709450235673,-0.995276351192265,-0.09708236068942636,0.0,5,True,56000.0
-47.33433832310019,-481.1845295540035,0.11584234916900092,0.8660254037844386,0.733799112767467,-0.6793665152930237,0.0,1,True,56000.0
-13.57757077887756,153.84663023444176,0.7896532865062578,0.3643311949762957,-0.2819081818329653,-0.9594413880041623,0.0,0,True,56000.0
-152.91264712552484,75.57351706069072,0.3614508904178541,0.6796659815002755,-0.974404237967249,-0.2248029827005238,0.0,-1,False,56000.0
-12.498232535860685,-99.96429821423723,-0.0516301449294313,0.768067002758977,0.9311881372833668,-0.36453895948490567,0.0,-1,False,56000.0
-94.3421237139204,105.35159337191159,-0.37465738327215997,-0.8660254037844387,-0.35335601455051213,0.9354889240288621,0.0,4,True,56000.0
6.319658061960563,95.82083073911959,0.08671234760753865,0.7649010140959298,0.9598573206307476,-0.2804887235364361,0.0,-1,False,56000.0
-141.48520456478047,8.048747507865318,0.8941009808291012,0.18342248167570777,-0.951925919896804,0.3063283255399611,0.0,0,True,56000.0
194.22844942153716,22.739825470856253,0.6188428167945444,-0.4578494956799518,-0.8718743959072259,-0.4897295557356551,0.0,-1,False,56000.0
-56.913129009056384,-13.051207498064713,-0.7458080272470327,-0.19069079444609216,0.9713010588876696,0.23785342756266403,0.0,-1,False,56000.0
-29.88902025472052,138.290052401073,-0.781923002139442,-0.37772044025657603,0.9547495759327487,0.2974109064173249,0.0,3,True,56000.0
260.6065125122718,56.9393024767684,-0.2007426941056306,-0.7431655019952188,0.8409967991075318,0.5410400945312633,0.0,-1,False,56000.0
-172.93597849670616,-13.144347717990147,0.6301998798620477,-0.6405125967240083,-0.9412105223888019,-0.33782059224410843,0.0,5,True,56000.0
-39.37397505764926,49.416445554315644,0.6165274349345622,0.46096259562528663,-0.8471381116804918,-0.5313727690972846,0.0,-1,False,56000.0
-112.82031589395925,123.93594675939673,-0.6139281496968361,0.46441879764110705,-0.08731096011086648,-0.9961811061469223,0.0,-1,False,56000.0
29.15249701017879,183.34948140316172,-0.9566944823375646,-0.07500735683940903,0.8036375450730642,-0.5951190604816758,0.0,3,True,56000.0
163.81317344225528,117.76832798168998,-0.6262513208495778,-0.6473517015502901,-0.10338541159787928,0.9946413708811873,0.0,3,True,56000.0
43.37069193514655,187.32066526173696,0.8345777062835721,0.2865198174214354,0.18183459983318367,-0.9833291302016693,0.0,0,True,56000.0
-142.44048963583893,28.395222357680264,-0.5717993514119185,-0.7416652791885036,0.49760918704579915,0.867401347109405,0.0,3,True,56000.0
117.81230646441774,-53.112673003761486,-0.9585784944653482,0.07174415211201263,0.9377752939369994,0.34724270774344235,0.0,2,True,56000.0
42.75763293222532,208.30748857159205,0.5644965736137225,0.7543140613713651,-0.9808555074820882,-0.19473693394371894,0.0,0,True,56000.0
-139.68846312744085,-54.2270653502784,-0.9893599904567695,-0.018429037121892932,0.868529504698238,0.4956374677808768,0.0,3,True,56000.0
35.14480660975332,252.1791813001346,0.9999185252341577,-0.00014111843397337687,0.19051303521831092,0.9816846659755203,0.0,5,True,56000.0
135.25073769216942,-33.86161266160694,0.7092211276096261,0.299329224675311,-0.8635974727985031,-0.5041819165497992,0.0,-1,False,56000.0
7.829210919076885,-297.0457913453883,-0.6832148863420366,0.3546970702912987,0.6949207807621428,0.7190863011242277,0.0,-1,False,56000.0
219.4204058643565,-27.013614705782498,0.6574765121125787,-0.4003963394099281,-0.9995665730418264,-0.029439192535188452,0.0,-1,False,56000.0
226.99994862698364,106.39150341503732,-0.9899314014233112,-0.017439324295840324,-0.16877838284850855,0.9856540252455328,0.0,3,True,56000.0
-37.12556849866521,-111.98026969979837,-0.8907001152010662,0.1893129537331789,0.8825145235886627,-0.47028514292358514,0.0,2,True,56000.0
130.05402128710207,64.86395020302825,-0.7697668190056883,0.007185885502589157,0.9971819145894952,-0.07502152501315448,0.0,-1,False,56000.0
21.125394808855074,130.4090172987318,-0.7178113317144297,-0.4887651107908082,0.782277531246653,0.6229300635755793,0.0,3,True,56000.0
-47.97848632464539,42.943296318946,0.3740664668321697,-0.6728052251463937,-0.9911795557668416,0.1325258021268039,0.0,-1,False,56000.0
48.55006549896126,40.20487728694549,-0.6107414166375396,-0.6742156436660671,0.1562476143954331,0.9877179167127134,0.0,3,True,56000.0
67.90197033466886,-186.29623214952358,-0.7169859398006365,0.4901947315216546,0.48742760976250815,-0.8731634012262266,0.0,2,True,56000.0
1.2543145457182898,207.83788335637226,0.9599871893358877,0.06930422102387676,-0.9991390264917227,0.04148741665489226,0.0,0,True,56000.0
118.70510983881816,54.407855374495206,0.3567839603237944,-0.6821274061700361,-0.7013499260133844,0.7128171443510054,0.0,-1,False,56000.0
19.516762603925386,44.63705119718971,-0.1364321475200431,0.7576139265586803,0.7016939308487935,-0.712478510138798,0.0,-1,False,56000.0
-3.9247873603858143,-287.94567111343207,-0.7681270085637374,0.050729590058626955,0.9709005595409856,0.23948299205294993,0.0,-1,False,56000.0
115.63846739319253,10.68990679125598,0.8898452800759554,0.19079357160196525,-0.22409261859162238,-0.9745678520721255,0.0,0,True,56000.0
-165.70444406010745,-207.216412735353,0.7914112503520501,0.36128631227751423,-0.9999805599988191,-0.006235352763407365,0.0,0,True,56000.0
-62.79609567061929,-65.11822742568013,-0.6114916852097724,0.4676221888575275,0.268110548920517,-0.9633881531122809,0.0,-1,False,56000.0
103.44329945142734,255.04362086747196,-0.7697532241889433,0.008518593975460564,0.6666883474603141,0.7453366000407731,0.0,-1,False,56000.0
-140.85210814707858,32.479709266738105,-0.8709597670272273,0.2235042397293672,0.8149911412944296,-0.5794734157933858,0.0,2,True,56000.0
140.51518354187863,-35.317513224879605,0.90593917286339,0.1629181316025624,-0.9169024069301143,-0.3991114833794567,0.0,0,True,56000.0
46.643940375408185,150.16156633085762,-0.06374441708634754,0.8660254037844386,0.183930917890831,-0.9829391728094898,0.0,1,True,56000.0
146.9260278133291,-141.56800572187873,0.4381225401582208,-0.6329622677521154,-0.9664095001479351,-0.2570071555880823,0.0,-1,False,56000.0
202.92338465839583,150.54562107044507,-0.9385438333575903,-0.10644520306307276,0.9984676819664943,0.05533794419821081,0.0,3,True,56000.0
-11.170327746321876,-191.33130353720463,-0.5787442156852022,-0.7296364214155068,0.3512536702787266,0.9362803314794708,0.0,3,True,56000.0
-7.498685458244571,-25.493001155909543,-0.7539910490184651,0.4261000022167401,0.7080534661957052,0.7061588270410433,0.0,2,True,56000.0
36.890704022163156,123.41559740397516,-0.7450859559960458,0.44152407577769726,0.9678236061954244,-0.25162962323713034,0.0,2,True,56000.0
14.510647959746318,-36.74219629169521,0.7247124494038922,-0.25958516573872864,-0.9987744696387165,-0.04949301766364406,0.0,-1,False,56000.0
-53.35387503054592,18.491821351807044,-0.9791251725974199,0.036156261660500094,-0.41036472640078736,-0.9119214830925877,0.0,2,True,56000.0
43.89854844595754,68.38079680299641,0.2650812974821525,-0.72272020749234,-0.687563202386703,0.7261245366487166,0.0,-1,False,56000.0
57.74014886297519,-111.55504131773148,0.5027027449814353,0.5829944620497886,-0.999608101826984,0.02799362001189526,0.0,-1,False,56000.0
-66.3635365646381,-109.04478096799342,0.9777375160142677,-0.03855975336597621,-0.8769450000023769,0.4805907479036309,0.0,5,True,56000.0
-21.7629468841477,-99.93164499940494,0.11865101881702372,0.7606014254037885,-0.6040547201968386,-0.7969428429990288,0.0,-1,False,56000.0
-114.81429414001848,45.97679746951873,0.6131868167064598,0.46539716416195637,0.46008999877376755,-0.8878722841873153,0.0,-1,False,56000.0
-149.05062980010595,-3.6037870246084633,-0.6049851113304531,0.6841858569218191,0.5570932751141374,-0.8304499279440667,0.0,2,True,56000.0
-101.33541049207481,276.2319902469866,-0.5518329091536647,0.5367243547367639,0.9886058846802972,-0.15052708983826965,0.0,-1,False,56000.0
38.98193287721478,-169.13973218255168,0.7483836633796969,0.18031773340128496,-0.9868195252429655,0.16182467240475784,0.0,-1,False,56000.0
-193.21545086978801,-70.74274341366223,0.9038699158999685,-0.16650218979712322,-0.7115108490939961,0.7026751110016316,0.0,5,True,56000.0
145.7175991819568,17.304516811384467,-0.566113316725297,0.7515137801593309,0.4062939469203575,-0.9137424301713979,0.0,2,True,56000.0
0.4585874262706866,-224.0865733777695,-0.5591771779935495,-0.5290684985932943,0.2843818387386137,0.9587110981913609,0.0,-1,False,56000.0
-109.06782240462564,17.01291416140491,-0.7469078870669278,-0.1863362574213878,0.4754925199153983,-0.8797197641886365,0.0,-1,False,56000.0
87.19839597077798,7.343604375708907,-0.37333715505165754,0.6732101909883175,0.8094117189317324,-0.5872415765727079,0.0,-1,False,56000.0
-52.84430514858839,-174.90614669920402,-0.16694442478993654,0.8660254037844386,0.02843065253916674,-0.9995957672958686,0.0,1,True,56000.0
26.71965052613571,-75.10393479595896,0.523271634652105,-0.8257177501918124,-0.9819282241322763,-0.18925369917699852,0.0,5,True,56000.0
48.98657377945697,81.60061670571865,-0.5810848298458426,-0.5049089156626376,0.9991778561653634,-0.04054148182307965,0.0,-1,False,56000.0
-126.54016954159881,39.81702749596183,-0.9141758023448092,0.14865187085762452,0.976101607179158,0.2173146393179205,0.0,2,True,56000.0
283.70393190498027,-188.88151081872684,-0.8031373089130924,0.340976183077261,0.7417618831918749,-0.6706633347986906,0.0,2,True,56000.0
247.379337199276,-34.84933826707098,-0.1369543492369738,-0.8660254037844388,0.9139042061349629,0.40592992253396687,0.0,4,True,56000.0
146.88022269019916,24.792711693505417,-0.17188270391760496,0.8660254037844385,0.9718924889788523,-0.2354251258173765,0.0,1,True,56000.0
151.00346918667262,80.94754404800861,0.9842216532990392,-0.027328898145500918,-0.8411032302767038,0.5408746213472784,0.0,5,True,56000.0
-96.88239158190225,103.21478671285354,0.9036826499406613,-0.16682654395317145,-0.991812870228167,0.1276997668341519,0.0,5,True,56000.0
166.63563372112287,-40.22932303338853,0.1070833011941604,0.8660254037844385,-0.7583589231185752,-0.6518372064603795,0.0,1,True,56000.0
-168.14726454158392,169.90123120209745,0.3551809097023615,0.6829634792399922,-0.4840612318456391,-0.8750341272337873,0.0,-1,False,56000.0
-96.28087765146475,107.03586613528482,0.11107171514916597,0.8660254037844385,-0.7793922834538499,-0.6265362467505,0.0,1,True,56000.0
-156.1730601117586,90.67411204057585,-0.8545764616572018,-0.25188095702616725,-0.3160014914661823,0.9487586929197127,0.0,3,True,56000.0
-232.20955435748368,-17.432085140693825,0.7494330673453204,0.1759052874758939,-0.9790945235152204,-0.20340578659936298,0.0,-1,False,56000.0
134.27541781183777,153.81794373621779,0.6497052503425157,-0.4128870066615822,-0.19035146178432877,0.9817160083222726,0.0,-1,False,56000.0
-65.63689584509416,-30.435284589858675,-0.3141280378945881,-0.8660254037844387,0.6164799353780657,0.7873706174832202,0.0,4,True,56000.0
-224.44265351513317,-25.100707735406758,0.7697345460761486,0.010065841720288987,-0.8607486080261925,0.5090302876849624,0.0,-1,False,56000.0
-121.31814052937821,147.02336553470076,0.6934267636382089,0.3342931588633426,-0.6777589984222345,-0.735284121994586,0.0,-1,False,56000.0
-67.07215565889207,-365.7506426975126,0.6083887713777211,0.6782905447882586,-0.7989969948415776,-0.60133501663705,0.0,0,True,56000.0
-227.55268385320548,-71.45323944558659,0.5831259122581017,-0.5025502592236413,-0.9156069919735543,-0.40207441630718405,0.0,-1,False,56000.0
-146.0735569434976,-155.63668006253985,-0.3800208664692552,0.6694600313988499,-0.1493173229394648,-0.9887893289623382,0.0,-1,False,56000.0
-192.05694992843956,-208.95443505138257,0.9911765470747916,0.015282668764653722,-0.07218253138121078,-0.9973914387857203,0.0,0,True,56000.0
-325.3224055140316,-49.07604156405022,0.6438724278750598,0.42192521756215073,-0.34408424465377224,-0.9389387799961777,0.0,-1,False,56000.0
44.828124266826535,-37.6725269832406,0.7142844074752309,0.494873922767547,-0.7372930934336737,0.6755730118755147,0.0,0,True,56000.0
27.799956490493905,-164.1199841606438,0.726763241175326,0.25378688671585725,-0.7902268633364986,0.6128144127392652,0.0,-1,False,56000.0
0.17882898166103636,86.66078057200245,-0.5680670797748034,-0.7481297632916357,0.738688612362459,0.6740468336588327,0.0,3,True,56000.0
-151.17488004142837,118.39513597768038,-0.43825159524459867,-0.8660254037844388,0.49844662650275223,0.8669203888060714,0.0,4,True,56000.0
234.06880992902947,62.28656222987312,-0.6671152576324303,-0.576573286845107,0.25721911344938975,0.9663531071383513,0.0,3,True,56000.0
3.4143482352548977,199.02838662840756,0.7076580772111553,0.30300600381907117,-0.8780058020760798,0.47864998853059004,0.0,-1,False,56000.0
-319.1841805458789,-3.6980400412006564,0.6527777290901368,-0.6014066147353281,-0.8808010711045345,0.47348650787623436,0.0,5,True,56000.0
-80.86766532777888,69.32258831716685,0.38378640196381275,0.8660254037844386,-0.5225656888333665,-0.8525990270072542,0.0,1,True,56000.0
7.415600311616213,108.48402811845422,-0.6156368062205405,0.6657365801854659,0.35920073916306683,-0.9332603221954856,0.0,2,True,56000.0
72.37300061279528,-231.18144994923804,0.9874915967390724,0.0216651899694871,-0.9983247493022204,0.05785926831802431,0.0,0,True,56000.0
21.574910861081126,-218.91457671880497,-0.94890643415409,-0.08849665198498187,0.9999965571660325,0.0026240533004261574,0.0,3,True,56000.0
-33.99132456120138,-31.131543649254372,0.435278519022819,-0.8660254037844387,0.7216830198006088,0.6922236769506622,0.0,4,True,56000.0
93.89357404677308,60.1926287547788,-0.4817062089740324,0.8660254037844384,0.09130127164602936,-0.9958233165553945,0.0,1,True,56000.0
60.105094995834385,-189.20098054456264,0.73206744517754,-0.4640727979542343,-0.9904634573387188,0.13777568608562146,0.0,5,True,56000.0
91.99604331652246,25.95617637595413,0.5175822274192149,-0.5698256140718461,-0.9755714786727826,-0.21968224780303447,0.0,-1,False,56000.0
-99.87689134802015,56.32012888818999,-0.14217923938397764,0.8660254037844386,0.7571955562369539,-0.65318824975245,0.0,1,True,56000.0
-10.806311968506515,238.8105344160025,-0.3782893345485883,0.8660254037844385,0.7192870381611898,-0.6947130031408412,0.0,1,True,56000.0
-80.1399560918413,24.68428670647508,0.9558348066549015,-0.0764963587998131,-0.6303528615633546,-0.7763087465169025,0.0,5,True,56000.0
-93.6847414843954,-2.795401124114986,-0.35729044143277455,-0.6818622537238481,0.5660635155226199,0.82436162962249,0.0,-1,False,56000.0
210.31914814220855,-496.9986213716958,-0.6008184401786328,-0.6914027430552036,0.5198602985160277,0.85425129208356,0.0,3,True,56000.0
15.396416425110141,262.6994923184831,-0.09608629763381026,0.8660254037844386,0.1362331937013131,-0.990676797413566,0.0,1,True,56000.0
10.055019261900135,147.5101391543193,0.42364270621762234,-0.8660254037844387,-0.5167362463224965,0.8561446441671813,0.0,4,True,56000.0
4.39060794043891,-91.25485385877894,0.5982748125231564,-0.695808435390026,-0.7174367138227357,-0.69662368726513,0.0,5,True,56000.0
138.50822527177309,-160.07403004570355,-0.5284440528472784,0.5597673406004813,0.7117737527167634,-0.7024088018690657,0.0,-1,False,56000.0
-45.00697250749786,138.7026088851095,-0.5113529733622658,0.8463614771040184,0.5689340093937796,-0.8223831789104551,0.0,2,True,56000.0
180.37480515901188,79.84549478007834,0.5427582613856149,0.5458993151582596,0.19976771671604188,-0.9798432830599694,0.0,-1,False,56000.0
385.8122777239326,19.36814785417932,0.6305955634127619,-0.6398272527104522,-0.18107986039056811,0.98346839510004,0.0,5,True,56000.0
-65.15836528378601,131.93186108980402,0.006209525615310518,0.8660254037844386,0.9013800291167651,-0.4330289171742608,0.0,1,True,56000.0
101.97974300675942,-109.50509200055424,-0.12446239901841666,-0.7596721028333032,0.9734340945402478,0.22896738542033637,0.0,-1,False,56000.0
-259.85674650006365,-149.20510970340632,-0.5440392625089723,0.5446226890621487,0.9299666594464265,-0.3676438661500099,0.0,-1,False,56000.0
26.299342146445863,94.37463012324955,-0.5043423551268705,-0.8585042240801926,0.9996807129327834,0.025268007238824483,0.0,3,True,56000.0
-15.669411762825664,-2.447110728208207,0.7398946604236992,-0.21248172643568947,-0.9302322636283239,-0.366971300927595,0.0,-1,False,56000.0
111.16172128286786,222.45445719279368,0.9459528628953104,0.09361238746896375,-0.058461177190432256,-0.9982896827880421,0.0,0,True,56000.0
67.11303113061672,-218.41077272476895,0.9086961150161493,0.15814296772045486,-0.9667632754047194,0.25567316896466097,0.0,0,True,56000.0
-112.69766939706307,-121.42726865309754,-0.7610824959985993,-0.11552500541932229,0.4520447360464853,-0.8919952671467293,0.0,-1,False,56000.0
-22.756528014931437,65.94026017608381,-0.38779185869025357,0.664988772030138,0.8854240661184353,-0.46478406076154044,0.0,-1,False,56000.0
-96.31085385013806,71.49078711394067,0.9018310913150964,0.170033537565843,-0.6454055933372372,-0.7638400487593144,0.0,0,True,56000.0
-164.01957216977814,-39.348585168423554,0.5902932885762736,0.7096328403878543,-0.8445974521888884,0.5354018525889044,0.0,0,True,56000.0
-100.44673204097107,6.976891415528502,-0.48874035418666706,0.8660254037844386,-0.14050235109723075,-0.9900803448891672,0.0,1,True,56000.0
-98.43837274808372,-102.09151670907013,0.5663502842800179,0.7511033403148091,-0.940103671624455,-0.34088867185310734,0.0,0,True,56000.0
18.735951462813848,-40.11377190163103,-0.76962314678408,-0.01651679529336028,0.8752540009627924,0.4836635543414274,0.0,-1,False,56000.0
16.305228012619498,21.42611432720756,0.8069173940961414,-0.3344288834832817,-0.869682095419632,-0.4936122495503069,0.0,5,True,56000.0
-24.239222965051443,73.31309193751764,-0.9985058942860211,-0.0025878670084898037,0.8491766404508527,0.5281089218260988,0.0,3,True,56000.0
237.36993805662635,21.68388358298547,-0.09107106422933825,0.7643943052199749,0.7455455850289344,-0.6664546350978233,0.0,-1,False,56000.0
58.05203919825799,-2.7674159242040792,0.8278432788089859,-0.298184187967306,-0.9909894291164278,0.1339401036997619,0.0,5,True,56000.0
-107.99158529507288,-143.92675098110135,0.7186292111570006,-0.4873485020418093,-0.7415075099822891,-0.670944567486369,0.0,5,True,56000.0
-41.25802871216922,-309.4198077570405,0.1628463450179629,0.7523786682960136,-0.4931909340292541,-0.8699210898644348,0.0,-1,False,56000.0
-55.24079660299639,185.63129421215876,-0.9172556061373848,0.14331749421154047,0.4060706612397882,-0.9138416810804297,0.0,2,True,56000.0
60.078656264594706,-27.810992295893286,-0.5299916873271051,-0.8140782775291733,0.38468886547827774,0.9230463026180015,0.0,3,True,56000.0
-41.76652886623993,-46.14689494322747,-0.693423820373249,0.3342992640308387,0.8081625262466998,-0.5889595327102151,0.0,-1,False,56000.0
101.52250478689147,-75.36967990471386,0.6105416391708405,-0.46886191936558,0.27625206256750967,0.9610852188680944,0.0,-1,False,56000.0
-229.7605098739441,-34.40606663766215,0.7495638686100217,0.17534708285845657,-0.8403330064706289,-0.5420705103910816,0.0,-1,False,56000.0
65.98487002952646,91.37247770200217,-0.9178181875181679,-0.14234307467663143,0.9805989165215736,-0.19602490891825305,0.0,3,True,56000.0
-93.15120949129567,-51.03780689338021,-0.6930975504059753,0.3349751904452461,0.9577015460581767,-0.28776335534158837,0.0,-1,False,56000.0
152.90773509332465,-35.79141377785759,0.6295994994387656,-0.6415524861210025,-0.8564208381224978,0.5162783629295068,0.0,5,True,56000.0
6.726477544814319,138.28180402308266,0.7532420139935341,-0.1588051036571462,-0.922214148367428,-0.38667953727937016,0.0,-1,False,56000.0
-132.4246542442252,321.19967094991534,0.2925111971212452,0.8660254037844386,-0.6787955955109439,-0.7343272700333563,0.0,1,True,56000.0
186.36423659313454,278.70888220712453,-0.3582858453903126,0.6813397431425392,0.8560960952522839,-0.5168166751309672,0.0,-1,False,56000.0
-99.37581345469573,-71.01994677050293,0.019880202232468364,0.8660254037844385,-0.8330817025842291,-0.5531499587083395,0.0,1,True,56000.0
-21.333573845732467,-146.49024568835267,0.7661579477989512,-0.07479700272799772,-0.38885099115947414,0.9213006603025529,0.0,-1,False,56000.0
-123.46760935137706,-62.15909188963205,0.31354764762173937,-0.7030508269417411,-0.5800045413942748,0.814613240723268,0.0,-1,False,56000.0
-123.38975943483577,28.32840331153323,0.46363901108609484,0.6145172576841926,0.32471873728272255,-0.9458106267414436,0.0,-1,False,56000.0
65.25936113075315,-76.76999487551453,-0.15603357947043128,-0.8660254037844388,0.840922342452834,0.5411558130181122,0.0,4,True,56000.0
99.67255755817239,6.480655709685595,0.42541840707656325,0.6415697713522917,0.6149535753134281,-0.7885633140140889,0.0,-1,False,56000.0
-137.24130004969408,213.67372415974106,-0.6644440701811885,0.38872441419809,-0.04779351953194033,-0.9988572367913064,0.0,-1,False,56000.0
-220.44023621130975,40.31754669790776,0.15277165461513298,-0.8660254037844387,-0.9654553177400227,0.26056866551287317,0.0,4,True,56000.0
188.25873138435458,41.02408767350247,-0.20450715052614998,-0.7421384089078444,-0.3093608834275645,0.9509447112237975,0.0,-1,False,56000.0
-100.77621045818793,-64.9504331802803,-0.9674268760911512,-0.05641830557136245,0.5502513000570081,0.8349991058589213,0.0,3,True,56000.0
-12.746215657350286,-139.88655323614188,0.3181977281692907,-0.7009584854900427,-0.8238820298048273,0.5667613262779977,0.0,-1,False,56000.0
149.88731513605663,-139.14863523381516,0.7358353236789861,0.22613926907734128,-0.9100355920459956,-0.4145301209913237,0.0,-1,False,56000.0
210.57668369776448,237.99658027011674,-0.7317782879063064,0.2389416873245588,0.4546146036763229,0.8906882519286785,0.0,-1,False,56000.0
77.62180094574639,-82.26207988022976,0.7186739620867751,0.2758628804516636,-0.9972555368785113,0.0740364380880073,0.0,-1,False,56000.0
-44.243733593655065,-53.06861490985671,-0.9478264558055568,0.0903672293557162,0.957342591936716,-0.28895529353787164,0.0,2,True,56000.0
-14.647197697470567,47.09758595855238,0.3522885515502444,-0.8660254037844387,0.9640173937952208,0.26583917028914245,0.0,4,True,56000.0
222.87954474634438,-183.43014113258653,0.7817547466353187,-0.3780118673383703,0.17162301683289427,0.985162697270247,0.0,5,True,56000.0
231.00307629246026,263.81472666507705,-0.6341316964860995,-0.4364282118564906,-0.1470433200088231,0.9891300531479337,0.0,-1,False,56000.0
90.53384350913133,-53.93451220240731,0.745940500579207,0.19017192797107133,-0.46797992450535303,-0.8837390962606463,0.0,-1,False,56000.0
184.45534300537247,220.8943888636796,-0.2638547672780765,-0.8660254037844387,0.21875693532626217,0.9757793824662747,0.0,4,True,56000.0
-299.3840576031523,-39.59284626787022,-0.5891426422759047,-0.4954831375988062,0.6767618842826468,0.7362019777085281,0.0,-1,False,56000.0
67.65290406184685,50.29258698375717,-0.9856714013612949,0.024817860843499823,0.6706570887810783,-0.7417675304752898,0.0,2,True,56000.0
-135.14445362728625,-37.174945704585184,-0.7185487260835338,0.48748790627830496,0.3618151745373758,-0.9322498482027689,0.0,2,True,56000.0
104.562116625785,-79.85713865775574,-0.7025044594667212,0.3147698794706414,0.31995897207512625,-0.947431399199061,0.0,-1,False,56000.0
221.95890897508644,49.326160794332836,-0.6081368388622402,0.6787269047051501,0.6968590837007873,0.7172080712480708,0.0,2,True,56000.0
-140.82584217596505,118.00353993373511,-0.8933292747462299,0.18475911581975082,0.98225159495027,0.1875681322005594,0.0,2,True,56000.0
86.56048633345152,23.24450142271963,0.21945061448711106,0.7378577236797225,-0.8456428305647338,-0.533749194954025,0.0,-1,False,56000.0
22.02605088472945,-75.81819175747661,-0.7486023608390812,0.17940763065919596,0.11432713512195725,-0.9934431569920601,0.0,-1,False,56000.0
-207.91643304795653,-59.07964151054583,-0.6001179196262183,0.6926160802437314,0.9821206257872476,0.18825269294989022,0.0,2,True,56000.0
57.2679902628141,-178.35439611496096,-0.7632193635290123,0.10044299740132112,0.8746230712723224,-0.4848035511397909,0.0,-1,False,56000.0
72.94247455055688,89.73227961894257,0.5912990258684396,-0.4929077546556015,-0.8254600855557936,0.5644604921108451,0.0,-1,False,56000.0
-284.9928876689403,26.257511828179254,0.462938849390488,-0.8660254037844386,-0.5050979083661351,0.8630620504713288,0.0,4,True,56000.0
-111.22047953475276,-3.368811892849841,0.8442416621374744,0.2697813548803736,0.172253915670899,-0.9850525816095778,0.0,0,True,56000.0
164.78583862317146,129.88098665668622,-0.06417192034167957,-0.767120953456659,-0.07569490385565239,0.9971310252569344,0.0,-1,False,56000.0
-62.51718065020311,200.2673551488104,0.5483756875078989,0.7822362551696825,-0.78180609798239,0.6235216316674008,0.0,0,True,56000.0
-137.406687576258,62.88469302373466,-0.6413564880997378,-0.6211887844161873,0.7708685974314138,0.6369941958084766,0.0,3,True,56000.0
-40.04993567013948,-24.471652696407936,0.02551666739608162,0.8660254037844386,-0.4249249099835029,-0.9052286014455693,0.0,1,True,56000.0
26.639060705454483,-99.85076701738257,-0.8737636015613757,-0.21864785586020563,0.9974853501341384,0.07087295864724968,0.0,3,True,56000.0
-79.3578882969647,-187.81701580440867,-0.7600285444159458,-0.12226693856301044,0.544536132810588,-0.8387373844436078,0.0,-1,False,56000.0
-166.47433230648537,54.2150036721362,0.07968661904423824,-0.8660254037844387,-0.9800358408286082,0.19882090104153982,0.0,4,True,56000.0
-46.055159438174364,8.54843210866387,0.5328932333207139,-0.8090526524477444,-0.8053796293142059,0.5927593547852503,0.0,5,True,56000.0
79.56582914411234,-152.06553221578503,-0.6232613206653184,0.6525305337840674,-0.17568197009273578,-0.9844469743892117,0.0,2,True,56000.0
32.69181509114138,-290.37057193005234,-0.21610289433654506,-0.8660254037844387,0.3955214315945676,0.9184567475657284,0.0,4,True,56000.0
101.18169972974219,130.21599553758824,0.2342676925675699,-0.8660254037844388,-0.6823102351592463,0.7310627490145075,0.0,4,True,56000.0
-194.55756973328772,-47.289040296528846,0.41853153011477057,0.8660254037844386,-0.17721054663130648,-0.9841729635395818,0.0,1,True,56000.0
3.6444073895392934,-173.07714745628624,-0.9505535802759182,-0.08564371121448519,0.996650126297389,-0.08178340755389142,0.0,3,True,56000.0
1.5496967379928561,120.50850016071935,0.7624437413094777,-0.41145950970796025,-0.15857324573922715,0.9873472164012334,0.0,5,True,56000.0
-129.61233129199118,55.27409789881025,0.8961901863544788,0.1798038715583001,-0.30073883744269087,-0.9537065332968957,0.0,0,True,56000.0
-292.7400563150729,171.7645049041931,0.8365669540704005,0.28307433918580455,-0.9171765735278169,-0.3984810321349483,0.0,0,True,56000.0
17.602764893450406,35.88781613017113,-0.6941787342021886,0.33272883490019234,0.661010602326337,-0.7503765612089497,0.0,-1,False,56000.0
-128.73945436417972,53.015419949222995,0.43068911556603673,-0.8660254037844386,-0.47510724711613533,0.8799278968968792,0.0,4,True,56000.0
162.16589549002322,-131.94366462557346,-0.1615806804060843,-0.7526514972496229,0.6366903279463478,0.771119592734631,0.0,-1,False,56000.0
238.61956416670714,110.90150437650532,-0.06072502764777681,-0.7674015009170683,-0.2653585980301252,0.9641497883893071,0.0,-1,False,56000.0
-72.59435770483637,-47.05631896767236,-0.3800073918544834,-0.8660254037844388,0.7943919308437393,0.6074055154589983,0.0,4,True,56000.0
-102.92959583600727,-150.41286524604618,0.613113796436008,0.6701065613202694,-0.33480523399467976,-0.9422873528225666,0.0,0,True,56000.0
-64.39052591451217,-41.07134121050874,-0.1782592895080442,0.8660254037844386,0.04763203199474084,-0.9988649505952587,0.0,1,True,56000.0
-67.96145661601373,-319.5945153341462,0.13984505676720987,0.8660254037844386,-0.3851000108818611,-0.9228748461294969,0.0,1,True,56000.0
-116.31691190320365,-48.29134481650716,-0.6531599575969717,0.6007445755413889,0.7221320505634922,0.6917552323970736,0.0,2,True,56000.0
21.306760956016138,160.00852505888264,-0.7452002267296977,-0.19305236252011915,-0.1855430311707454,0.9826361399743369,0.0,-1,False,56000.0
-170.3295971575155,-6.7817396337571125,-0.3581099540566099,0.6814322074852092,0.9571230129597544,-0.2896817875921017,0.0,-1,False,56000.0
17.27640651806947,3.6353294776836895,-0.9511762362571132,0.08456523941941886,0.9995543168770802,0.02985243058918479,0.0,2,True,56000.0
237.13578160479958,42.66552021826159,-0.12700878007661892,-0.759250526753878,0.9985944558794317,-0.0530010630694884,0.0,-1,False,56000.0
278.96551969326913,-8.370749078141031,0.37516070742976954,-0.6721956829624742,-0.40080517232430524,0.9161633117723874,0.0,-1,False,56000.0
16.302801713767817,-211.83945269601762,0.29520787526298725,-0.8660254037844386,-0.9827269348187178,0.18506153458082664,0.0,4,True,56000.0
245.30589246853097,-93.48512162078562,0.8955718350317484,-0.18087488746619582,-0.944442734378137,-0.328676012936648,0.0,5,True,56000.0
-82.59136529361527,156.525034704268,0.1220837120495551,0.8660254037844386,-0.9712015624303438,-0.23825936525670985,0.0,1,True,56000.0
50.18935702994775,-203.43622609779416,-0.5426868454017525,0.7920896187337654,0.923866741500864,-0.3827143111359986,0.0,2,True,56000.0
32.26171069459692,14.86892816120529,0.587644526833632,-0.7142206303032542,-0.8868585834382919,0.46204096461398564,0.0,5,True,56000.0
-113.43606575911906,-137.55391541801183,-0.3242517903210997,0.698178608284552,0.9569219205457475,0.2903453770574593,0.0,-1,False,56000.0
128.0910229011966,-388.28321481179506,0.22758919349215972,0.7353881638958983,0.43491758861624463,-0.900470261092439,0.0,-1,False,56000.0
-123.99135812742502,66.83127853206736,-0.7683243284711938,0.047647863245705524,0.6074782806867337,0.7943362880377557,0.0,-1,False,56000.0
148.71881443715307,-73.77872827824433,-0.7555464266844332,0.14745233032060467,0.9021112747679612,-0.4315034738401733,0.0,-1,False,56000.0
-20.23260078926995,-186.53632007601468,0.6017355219216246,0.48011139775087835,-0.9470200754322842,-0.32117437121904124,0.0,-1,False,56000.0
-224.65947489768698,-64.69664562452301,-0.46719702728514584,0.6118165822274803,-0.18108955401045773,-0.9834666102252738,0.0,-1,False,56000.0
82.6926089925075,-154.5763107567733,-0.503233351071355,-0.5825365112695399,0.7740807639860119,0.6330868588325402,0.0,-1,False,56000.0
28.699421974701412,85.09320343584683,0.7634222246446485,0.4097647268570851,-0.9995089207243293,-0.03133556114281638,0.0,0,True,56000.0
-26.458976112108374,155.42749891918695,-0.5586814504192518,0.7643861501964606,0.9830868802864071,0.1831397985375884,0.0,2,True,56000.0
108.7537502258981,160.70413115858614,-0.8889881984451267,-0.19227808053279422,0.008547039776838294,0.9999634733882946,0.0,3,True,56000.0
17.177116015251144,-47.985642585755464,-0.3245360238001906,0.6980465327243983,-0.31893233537903204,-0.9477774873087853,0.0,-1,False,56000.0
-32.53308480968542,-59.98298975852416,0.1293318538359043,0.8660254037844386,-0.8643411329410018,-0.5029059612948268,0.0,1,True,56000.0
-291.4604270454491,-230.02180973331986,0.6418623464580182,0.6203126120382123,0.29158459103048173,-0.956545046651339,0.0,0,True,56000.0
-111.71170988034355,60.37778222664233,0.6640404316365616,-0.38941353051033223,-0.8037546523690746,-0.5949608884578917,0.0,-1,False,56000.0
57.538960839425066,-70.93325501334964,-0.5370940103905468,-0.8017766931315242,0.5139905533030183,0.8577958446593412,0.0,3,True,56000.0
75.87417452465297,-110.12997145078104,0.7122630308386135,0.49837504980340075,0.005979381624541924,-0.9999821233377568,0.0,0,True,56000.0
18.977469113382018,42.54128382041392,-0.07475628586957365,-0.7661619217342891,0.009820866715119989,0.9999517741253748,0.0,-1,False,56000.0
101.96623779444603,11.504734047314905,-0.44880652265280463,-0.6254320888928627,0.6603561980753332,0.7509525229089116,0.0,-1,False,56000.0
-132.75614472625597,-139.29403897938116,0.661950227433056,-0.3929560904145878,-0.7835111228877571,0.6213777597490808,0.0,-1,False,56000.0
-86.26117558296835,76.81575052137995,-0.8215633500186496,0.30906134370008337,0.04138514258241299,-0.9991432679916692,0.0,2,True,56000.0
-36.070901570785765,59.663934611221855,0.30144780356797046,0.7083232414065197,0.8892136863036542,-0.4574920983905881,0.0,-1,False,56000.0
-159.5809214949213,117.19935524426153,-0.9540251058970242,0.07963085245895332,0.9924728764630465,0.12246464585657728,0.0,2,True,56000.0
-63.9877354497592,-117.34455654761362,0.2920114359392859,-0.8660254037844387,-0.2972454867872051,0.9548010895386956,0.0,4,True,56000.0
127.46021184502027,268.5555180801179,-0.9165245940415773,-0.14458364430242582,0.28418858767783395,0.9587684009359576,0.0,3,True,56000.0
-244.79138277341823,50.330523431904844,-0.39635763527986395,0.6599190992447079,0.12550870804073688,-0.9920925179667472,0.0,-1,False,56000.0
-65.05307829681237,-129.3014549096909,-0.9434083768805671,0.0980195665256473,0.9770885730192611,0.21283308125107558,0.0,2,True,56000.0
188.4806084130999,-223.29964560388083,-0.4555158742206271,0.8660254037844384,0.4578040307521842,-0.8890531308232972,0.0,1,True,56000.0
-90.77689219312342,-133.27854842152655,-0.7493837403740284,0.17611530954355797,0.39481737634823294,0.9187596199948953,0.0,-1,False,56000.0
150.86205121727966,96.57921619862884,-0.5291412139302805,0.8155513406629591,0.9739099817566056,-0.22693467657999905,0.0,2,True,56000.0
-158.3293910024581,43.76513449332071,-0.4059876097767755,0.6540387246183004,0.8725819892572837,0.4884676775625734,0.0,-1,False,56000.0
-0.7104797161971195,36.058467541541745,-0.1818299086080366,-0.7480176982720297,0.8862858124269613,0.4631387035115341,0.0,-1,False,56000.0
-191.44576270219352,-25.630071289338545,-0.442395775595257,0.6299829920942813,-0.10806862306964699,-0.9941434366867491,0.0,-1,False,56000.0
-31.59060974316151,-223.3592375208656,0.7666626786157319,0.06943291589976064,-0.5648081339888134,-0.8252222559891227,0.0,-1,False,56000.0
52.29878044316056,289.69906559126025,0.7646528087619484,0.0888744881563632,-0.3260877282818092,-0.9453395122724627,0.0,-1,False,56000.0
-266.4007642527368,-18.994603799002874,-0.7053064378316426,-0.5104242223390527,0.03686152590532124,0.9993203830142001,0.0,3,True,56000.0
163.87241032016,118.05996189970227,-0.012265056165529621,-0.7697026445256951,-0.461949384569148,0.8869062893540947,0.0,-1,False,56000.0
32.592164831323075,307.78090637707584,-0.8905002124098681,-0.18965919552410862,-0.31645952738699806,0.9486060128027851,0.0,3,True,56000.0
-120.16294644987332,-75.50484688775104,0.632302532178576,-0.6368706960811289,-0.9588887304242897,0.28378231563114764,0.0,5,True,56000.0
-134.60692267122934,62.58830322037491,0.5395026371697584,-0.5491170158349388,-0.9928941864926466,0.11900056482563537,0.0,-1,False,56000.0
9.61724575837547,-133.43768013914698,-0.3330991844665455,-0.694001099350941,0.9772459268913474,0.21210940189889624,0.0,-1,False,56000.0
-46.08656713904247,-207.99467238121028,0.3923080488717393,-0.6623344981072943,-0.2604743663050873,0.9654807634011102,0.0,-1,False,56000.0
-161.66179963209314,-11.929119900005938,0.002283192525993405,-0.8660254037844387,-0.9097727487517429,0.4151066677715064,0.0,4,True,56000.0
332.7203031376596,194.30224551863137,-0.01439468630926996,0.8660254037844386,0.8290414950102182,-0.559187088147459,0.0,1,True,56000.0
-163.99170455252818,72.09429562468625,0.302457784359016,0.8660254037844385,0.12008451538757794,-0.9927636723630544,0.0,1,True,56000.0
-225.38609729248532,108.07199240712765,0.4443973454666311,-0.8660254037844386,-0.52808754213417,0.8491899362582815,0.0,4,True,56000.0
70.33022870967929,185.27360715416785,0.09542611545310511,0.8660254037844386,0.8479574092965168,-0.5300643659205617,0.0,1,True,56000.0
133.46229909434973,-183.36141386322055,-0.8876462711934932,-0.19460236671268497,-0.14392935518628874,0.9895879651224906,0.0,3,True,56000.0
-10.659385928218695,244.79684975324815,0.4330215188745261,-0.8660254037844386,-0.4356097320212236,0.9001356349839906,0.0,4,True,56000.0
69.43200485839083,2.1155691993935544,-0.9085702267625183,-0.15836101257181923,0.862803182873555,0.5055399762856784,0.0,3,True,56000.0
-4.662481895886072,-41.17871587852579,-0.24629890496663473,0.8660254037844386,0.15198053420593255,-0.9883834869230632,0.0,1,True,56000.0
24.567813576197636,-5.521363337602553,0.9013970999914239,-0.17078523258848757,-0.8151957621469619,0.579185522416884,0.0,5,True,56000.0
-44.99820975161241,199.44991567991235,-0.8627536529388325,0.2377176462631739,-0.28456000519489116,-0.9586582307804093,0.0,2,True,56000.0
60.29769259235202,-18.196148893009518,-0.8488606020348795,-0.2617811163009609,0.96179635752445,0.27376589753347863,0.0,3,True,56000.0
54.30375349883973,126.83371387826224,0.5691740942018938,-0.5182986041675648,-0.9941003864125499,0.10846391904284619,0.0,-1,False,56000.0
39.665603302065826,29.232707322021593,-0.49493539918181506,-0.8660254037844387,0.005492561756876846,0.9999849157686924,0.0,4,True,56000.0
50.89149302421608,69.15753816362806,0.7051495752371901,0.5106959163224513,0.056201478727726684,-0.9984194478216173,0.0,0,True,56000.0
0.9907639642317325,96.89783567631329,-0.3967108715735929,-0.6597068113699543,-0.6623668380041445,0.7491796659761152,0.0,-1,False,56000.0
-165.3398689795702,-159.0907279960272,0.6017204676198303,-0.6898403856972275,-0.17774050548988168,0.9840773916251288,0.0,5,True,56000.0
-37.15782985717506,23.57272172979707,0.725780131251635,-0.47496274511703734,-0.3531262428020632,0.9355756819435525,0.0,5,True,56000.0
-22.056127149235103,-242.79458849559006,0.5928261894170016,0.4910699560489418,-0.8543309145280801,0.519729437766572,0.0,-1,False,56000.0
75.22117709435142,38.963331548100065,0.2215652356429681,-0.8660254037844388,-0.5927431642343347,0.8053915453076449,0.0,4,True,56000.0
118.81284402628572,-101.15866267416344,0.7696583168116499,-0.014787425578858857,-0.7895978136717654,0.6136247164549282,0.0,-1,False,56000.0
-62.09690881421553,127.72603715645418,0.8460022886795958,-0.2667318602562648,-0.9396918612545353,0.3420222301132065,0.0,5,True,56000.0
-52.62718873472024,-4.868839996059431,0.879268513569638,-0.20911306857069892,-0.9823341925236674,-0.18713506939756558,0.0,5,True,56000.0
57.993466489529844,-13.199691881228645,-0.5543812752615344,0.534091747017296,0.9710866486236007,-0.23872729392467748,0.0,-1,False,56000.0
-112.37482335954009,-96.18894800314843,0.3150161819640991,0.7023940473077445,-0.06333864841873593,-0.9979920919607318,0.0,-1,False,56000.0
154.36313626546627,153.82166809833515,-0.4739701538275559,0.6065846073494409,0.09129520686857046,-0.9958238725811414,0.0,-1,False,56000.0
100.7871560022203,-106.2935184613926,-0.5352698778946432,0.8049361832941664,0.999999779661111,0.0006638353938453745,0.0,2,True,56000.0
128.14494232273535,50.15822308552497,-0.02972333775613234,0.8660254037844386,-0.9211867511184519,-0.3891207647550255,0.0,1,True,56000.0
-90.1632872969183,135.4054034458391,-0.9353464759662695,-0.11198318851479663,-0.38227206827958193,0.9240498178198909,0.0,3,True,56000.0
76.83212515359078,-93.3729836497828,0.9837670027783582,0.02811637594700851,-0.7699561446617809,-0.6380968071516784,0.0,0,True,56000.0
-18.478547990776967,-44.39746713751058,-0.872661944723305,-0.22055598147624947,0.998696623725127,-0.05103972726868644,0.0,3,True,56000.0
121.799416619083,100.07483780781351,-0.034884336901716,0.8660254037844386,0.1391822413699044,-0.9902667840975169,0.0,1,True,56000.0
-158.6286136123764,-138.84781831033212,-0.048092895497045866,-0.7682966002757675,0.4017368685632091,0.9157551465521317,0.0,-1,False,56000.0
20.394793521002512,20.6277489937165,-0.7675235506794227,0.4026610217864514,0.7019900034633044,0.7121867978537924,0.0,2,True,56000.0
-271.0919705297994,4.398745159608035,-0.5288625003977883,0.8160340866619925,0.6492126797778308,-0.7606069263524917,0.0,2,True,56000.0
-5.3625961909104385,115.51985872952004,0.7259670261907775,0.4746390335867651,-0.9712620537211645,0.23801265302699637,0.0,0,True,56000.0
-20.289922055118616,-82.60573067433275,0.7446409545822088,0.4422948408359032,-0.9989558179875571,-0.045686690715221856,0.0,0,True,56000.0
-80.42323416433892,111.70609941480693,0.214312013917619,0.8660254037844386,-0.7752356613847409,-0.631672121687366,0.0,1,True,56000.0
-194.05040739293108,5.272365533739518,-0.4360810048681376,-0.8660254037844388,0.168430238157472,0.9857135764885308,0.0,4,True,56000.0
-260.68089934434363,-29.160919787407245,0.6481524463934281,0.6094178393653971,0.15296462974567876,-0.9882316641589983,0.0,0,True,56000.0
49.69704630519621,-33.746693221694144,0.16255849387173787,0.8660254037844386,0.7898928220166167,-0.6132449182229652,0.0,1,True,56000.0
-28.856732139321725,165.3786996105516,0.519083347325527,0.8329720766381424,-0.8519605385213307,0.5236059976758328,0.0,0,True,56000.0
-147.81860635218095,-224.65491175506799,-0.5922941743294068,-0.49171150449022294,0.985668805392539,0.16869204508710683,0.0,-1,False,56000.0
125.75289067568042,2.495832798422293,-0.18949309656037866,-0.8660254037844387,0.023526181040837646,0.9997232210993855,0.0,4,True,56000.0
-264.4749534066741,44.54969174017328,-0.03949753783736423,-0.8660254037844388,-0.8322837443961272,0.5543498613815606,0.0,4,True,56000.0
101.31584346303032,-61.17238763728309,0.5928417318120162,-0.7052188072233434,-0.8416590782659528,-0.5400092554504137,0.0,5,True,56000.0
73.14340448784618,-3.0227152159602513,-0.4844316735669423,-0.5982629407189817,0.9779515436455108,-0.20883193788547133,0.0,-1,False,56000.0
-67.4411104709735,102.59233871739679,-0.6841088193889316,0.547139574481287,0.5985880721841969,-0.8010570016163551,0.0,2,True,56000.0
37.33999494858393,-135.52856262921563,0.8094645656218303,0.3300170529851958,-0.5030064252603309,-0.8642826714370833,0.0,0,True,56000.0
59.056544741365165,-109.87649668007988,0.4181663684415331,-0.6463199524206352,-0.5635007651043531,0.8261155413901414,0.0,-1,False,56000.0
-75.83508498894564,-125.31190810954224,-0.5389591284849305,0.7985462138299351,0.9575265490342577,-0.2883451194214222,0.0,2,True,56000.0
-101.09620159825813,-148.44277428916786,-0.7618017571163245,0.11068276942267469,0.47411937984351404,-0.8804605690524974,0.0,-1,False,56000.0
-110.64193572368936,346.33871468971034,0.7466497561505174,0.18736791142819825,-0.84845673637113,-0.5292647414159031,0.0,-1,False,56000.0
-6.691263323251729,20.742495547240207,0.24372012510643318,0.7302007211792501,0.18796824952933217,-0.9821751051460169,0.0,-1,False,56000.0
-195.65094214368725,-21.348233518954114,0.46682098066106786,0.8660254037844386,0.7203047282957952,-0.6936577674864958,0.0,1,True,56000.0
-87.38096379214261,-87.75016170015965,0.14122589642838765,0.7567349858243575,0.7706626047067049,-0.637243399107609,0.0,-1,False,56000.0
-49.63859649075773,134.9377594336959,0.5953908784645053,0.7008035557052874,-0.2337072331694044,-0.972307013840781,0.0,0,True,56000.0
-327.8504433986675,-226.81201276188122,-0.9383134957174641,0.1068441595586673,0.4044701263811308,-0.9145512106300003,0.0,2,True,56000.0
201.57026666953,-17.656839417449355,0.741671140516353,-0.20619532467484464,-0.5735631556914225,-0.8191613433462717,0.0,-1,False,56000.0
62.023567323213754,88.19654961191134,0.7480172024140924,-0.18183194847217282,-0.681553660393223,-0.731768138144988,0.0,-1,False,56000.0
27.883668425287652,105.91865409794465,-0.5574141841878443,0.7665811196959746,0.024493125864898213,-0.999699998392078,0.0,2,True,56000.0
34.90985100257514,91.73552251155996,0.7672117420901975,-0.06307721769003899,-0.38175260696723706,0.9242645438798065,0.0,-1,False,56000.0
-85.70877665561467,-5.509703135327181,0.9236320051582314,-0.13227324713810087,-0.49975542558683705,0.8661665628481221,0.0,5,True,56000.0
-60.58962410280741,-86.63787911719935,-0.47004912326031795,-0.6096280950832227,0.1834156395969046,0.9830354536591495,0.0,-1,False,56000.0
-20.204145044249124,135.1423545348867,0.810210376290672,0.32872527101393473,-0.3508951465210339,-0.9364147564769006,0.0,0,True,56000.0
132.24598893141143,62.83505803689191,0.3398219642804947,-0.8660254037844387,0.9807836578375849,0.19509847902632005,0.0,4,True,56000.0
-141.58067852167292,-259.0538264762056,0.023037016253366627,0.7694555792732511,0.8628063686845959,-0.5055345390346696,0.0,-1,False,56000.0
4.837042811215844,-49.05895014114265,0.5367417006196378,-0.8023869115547411,-0.8375404615470414,0.5463753062421862,0.0,5,True,56000.0
-92.39202113441225,-93.36774128906856,0.7308432640392094,0.24178650913793082,-0.4679026699008985,0.883780001753383,0.0,-1,False,56000.0
199.04055785422787,98.94553808853188,0.2533868764076659,-0.8660254037844387,0.9260755715203859,0.3773380922103617,0.0,4,True,56000.0
-60.03386908358217,-30.485517688239646,-0.6177561932916664,-0.6620656940973713,0.9992549024785975,-0.03859585304395652,0.0,3,True,56000.0
218.7173139344849,-11.496396471193991,0.7426574929635731,0.2026140191044356,-0.5148442031089886,-0.8572837607961705,0.0,-1,False,56000.0
106.99431691429808,112.7277629109816,-0.7409754604035099,0.2086814789874725,0.9040769112136589,-0.42736979141014053,0.0,-1,False,56000.0
97.98421859129306,-25.3601614030261,0.6946398822736062,0.3317650170640402,-0.5595444823040114,0.8288003211406136,0.0,-1,False,56000.0
4.064318154528535,21.888631111891712,0.5204658544999474,-0.8305775039702175,-0.3682746406454662,0.9297170478468727,0.0,5,True,56000.0
34.38571314037689,-164.79744832467628,0.6249491600640775,0.6496071101904006,-0.626120363014424,0.7797264206235206,0.0,0,True,56000.0
-93.22574080278237,-25.452651273503708,-0.6531169755568303,0.6008190226187268,-0.009316377459577085,-0.9999566016136779,0.0,2,True,56000.0
-45.223006366425,287.2808994223934,-0.7409930428359847,-0.4486132093218906,0.9967028454641349,-0.08113838699046072,0.0,3,True,56000.0
-58.849219180587156,-202.38628076571143,-0.609021983132461,-0.4708341710772452,-0.32568810468284654,0.94547726491327,0.0,-1,False,56000.0
154.61794185464626,-50.10841886280147,-0.1873495211648753,-0.8660254037844388,0.9494964777059972,0.3137776901303756,0.0,4,True,56000.0
-203.57659832506425,81.02821793049927,-0.6889299763717487,0.5387890856357828,0.9107740225699982,-0.4129051704826108,0.0,2,True,56000.0
-195.15664758632587,146.3445871663403,-0.5442462855212306,-0.7893885892154685,0.5888388700871768,0.8082504469989771,0.0,3,True,56000.0
53.5093391432454,-30.164653528774014,0.8706120321145182,-0.22410653426574442,-0.0855423752324207,0.9963345331961933,0.0,5,True,56000.0
-160.61665603464803,120.9817030174619,0.4073114073428693,-0.6532151330465051,-0.8260138340251357,0.5636498434300654,0.0,-1,False,56000.0
-84.75195766279376,-74.50982867638048,-0.7137041832718451,0.28847691653382046,0.6829992878350872,-0.7304190391935527,0.0,-1,False,56000.0
-122.86160671287796,301.7466314356266,0.6248803844068411,-0.6497262331230578,-0.36157310459254133,0.9323437617290027,0.0,5,True,56000.0
-17.669694938883435,-193.55924204437804,0.8699433073142089,0.22526479959616202,-0.9708312619482828,0.23976376044667008,0.0,0,True,56000.0
-75.10268379439495,142.5065479862701,0.14856966099075658,0.7553275107035914,0.39378704874241377,-0.9192016972581825,0.0,-1,False,56000.0
-259.2072676981543,34.4260736602989,-0.551650266093618,0.7765645186858402,0.8847213941361899,-0.46612021492029804,0.0,2,True,56000.0
18.708660903150083,-124.39865322138577,0.6176109430275974,0.6623172749345512,-0.744695881751447,0.6674039584105818,0.0,0,True,56000.0
-154.82499039639396,236.67466096070928,0.7173723529823116,0.4895254442582788,-0.7732591942664406,-0.6340900712691451,0.0,0,True,56000.0
-48.70990115575271,-69.6182420283489,-0.9320371458438875,0.11771511642578084,0.6201782682489162,-0.7844609076246921,0.0,2,True,56000.0
-291.69697561822215,58.18761579586972,0.6398546456567199,-0.42799372077649184,-0.6805158605973546,0.7327333508686015,0.0,-1,False,56000.0
163.71575086381242,-183.4727587077624,-0.5121465123125121,0.5747160538202516,0.9364726330788711,0.35074065560463474,0.0,-1,False,56000.0
-163.03952327369498,145.91835430541408,-0.9221929697303514,0.13476572961308111,0.8889124145066768,-0.45807719800875774,0.0,2,True,56000.0
29.125751480831116,243.4137632678422,-0.7478225908886739,0.18263067964924043,0.9706669512127948,0.24042809699128187,0.0,-1,False,56000.0
108.60939904468401,-30.412251371388454,-0.5859143207042997,0.7172174352268248,0.9991508305811974,-0.041202157085819924,0.0,2,True,56000.0
-37.0470257543549,173.74163349447434,0.5813116462646419,-0.7251895012070106,-0.9573299498106227,-0.28899717506448863,0.0,5,True,56000.0
-79.99111096925515,102.50964604736818,-0.8969777584061306,-0.17843975675021723,0.9755486775566453,-0.21978347917227056,0.0,3,True,56000.0
77.33378260103707,98.2742389379432,-0.5329153201418518,0.8090143969513559,0.4696807809228925,-0.8828363178025982,0.0,2,True,56000.0
93.04439090759737,345.96962917790734,-0.09572759266270134,-0.8660254037844387,0.3927102412770781,0.9196622566984141,0.0,4,True,56000.0
5.531425737115405,158.5529968300188,0.07691536886673858,-0.7659481827282351,-0.039394536889471615,0.9992237339368851,0.0,-1,False,56000.0
-183.67008979087464,-64.65570013420762,0.48361011066370047,0.8660254037844386,0.5471792347762536,-0.8370154628376453,0.0,1,True,56000.0
-28.334238640619684,49.24763989916712,-0.26377306376459947,-0.8660254037844387,-0.12023029961773798,0.9927460274679715,0.0,4,True,56000.0
-11.827017239140142,-122.07275719984717,0.12489344856789299,0.8660254037844386,-0.3592097346540155,-0.933256859888705,0.0,1,True,56000.0
-82.88479249983223,203.93340784464732,0.44180933194692207,0.8660254037844386,0.9965160347669713,-0.08340139358522905,0.0,1,True,56000.0
112.38753660814227,58.847540991944676,0.5656905168539528,0.752246091017933,-0.40753932656972475,-0.9131876572198608,0.0,0,True,56000.0
13.912407908112307,86.60223249430052,-0.6056168633255524,-0.4752060684043412,-0.25737407801001744,0.9663118461284051,0.0,-1,False,56000.0
-117.14454189720011,-114.75724301851005,0.6459755698414769,-0.418698167849552,0.23531929827381315,0.9719181178780475,0.0,-1,False,56000.0
-10.152542220126918,18.120405749774392,0.3558225272652087,-0.6826294175342813,-0.5481398420257795,0.8363867009843431,0.0,-1,False,56000.0
73.52422751450081,61.36398268574913,-0.5353614353555622,0.8047776011200423,0.5567052667473017,-0.8307100853940631,0.0,2,True,56000.0
37.95827177928403,41.23932217282558,-0.4056030130461715,0.8660254037844385,0.793309650121558,-0.6088183629159118,0.0,1,True,56000.0
101.52367983561737,-78.8451352593818,-0.42588267948084824,0.8660254037844387,0.5050580058432452,-0.86308540176117,0.0,1,True,56000.0
-67.30744155168765,143.6210562299144,0.8030342918542878,0.341154613857157,-0.7550184665296892,0.6557035269074993,0.0,0,True,56000.0
-66.15160297500398,-194.85807876197993,0.38122532837371914,-0.668774881106447,0.6379904689361616,0.7700442594723821,0.0,-1,False,56000.0
77.94573371378051,33.55042765805424,0.05296739397191519,0.7679759421807536,-0.9810048703110781,-0.19398310345368344,0.0,-1,False,56000.0
21.5998268512233,214.4887181494204,0.9527596034968513,0.08182276691315306,-0.9994468637723616,0.03325607456095146,0.0,0,True,56000.0
-154.32249408984538,43.89231266261854,0.4152617025703603,0.8660254037844386,-0.46018587594667115,-0.8878225946543472,0.0,1,True,56000.0
-5.4564559900220715,-132.70513084779634,-0.7664876188495207,0.4044553083490196,0.7086257104824649,-0.7055845820614468,0.0,2,True,56000.0
78.1685364784488,-95.96704796044908,0.47632706973310907,-0.6047355746374297,-0.4419447784235673,0.8970422581036588,0.0,-1,False,56000.0
-99.61404765794805,-169.13315869590318,-0.42357799830165754,-0.6427863345991056,0.9901582737210581,-0.13995210959947624,0.0,-1,False,56000.0
73.13677548896516,159.60905489565786,0.07364211490090236,0.8660254037844386,0.36564303549666743,-0.9307551614642786,0.0,1,True,56000.0
-11.544760296484654,-231.53748013502977,0.9196912793605894,-0.13909878443831425,-0.9780711607802053,-0.20827098801722171,0.0,5,True,56000.0
-12.945743614127089,115.33067493259036,0.5853481347234675,-0.7181980981121593,-0.9999753281028217,0.007024470464357696,0.0,5,True,56000.0
149.02311865319174,-99.5684342243301,0.3626397906020373,0.8660254037844386,0.993412786068818,-0.1145907346804309,0.0,1,True,56000.0
-4.712448751819532,-77.28389980541648,-0.39091040268218813,0.6631603498909159,0.41611842281273687,-0.9093104300487997,0.0,-1,False,56000.0
-211.02534529570283,-21.577318193187303,0.3264821544733062,-0.8660254037844387,-0.3789190088311243,0.9254298378300398,0.0,4,True,56000.0
-49.13623818216947,49.05809634486052,-0.263445501829359,-0.7233180905787366,0.8441278004895312,0.5361420114487817,0.0,-1,False,56000.0
19.364348734127862,145.78001050822212,-0.9438426579680911,-0.09726736961728913,0.7817530381706537,0.6235881552038999,0.0,3,True,56000.0
223.37202067072118,-112.08423917235663,0.6477159576051265,0.6101738601236694,-0.11821534165408026,-0.99298798230258,0.0,0,True,56000.0
127.08933259831174,-84.18070403472868,0.7914997358455653,0.3611330509070131,-0.9903716345325957,-0.13843419199329454,0.0,0,True,56000.0
-55.328894923602896,100.15175876781691,0.4351280778735425,-0.6350245258560245,0.061732784544916874,0.9980927127837261,0.0,-1,False,56000.0
24.80368746142188,58.61852980724072,0.9203168490085321,-0.1380152660244044,-0.9941979918028125,-0.10756557578975821,0.0,5,True,56000.0
41.896651944713085,-91.37246530274568,-0.9073281470376383,0.1605123577623631,0.9977936136328043,0.06639205218327698,0.0,2,True,56000.0
60.19397068770867,-152.74925505331484,-0.49230078637503843,0.8660254037844385,0.4466748571358645,-0.8946963574321235,0.0,1,True,56000.0
-336.46514044813927,-11.96911558119336,0.6450024851214964,-0.6148737323302567,-0.9978330890698786,0.0657960968209926,0.0,5,True,56000.0
131.51043440672643,-17.432356401449834,-0.25588246437192363,0.8660254037844385,-0.5578639749268769,-0.8299323981376814,0.0,1,True,56000.0
-97.19408694318959,-70.83119975280388,0.41644876421159005,-0.8660254037844387,0.9648887520153744,0.26265889711524654,0.0,4,True,56000.0
-16.682784890610325,-43.2886525672432,-0.47776061904819517,-0.6036036642361258,0.9075593425154089,-0.419923850016382,0.0,-1,False,56000.0
-69.41240589660467,-96.10517847518803,0.1863030645933904,-0.7469161671270099,0.6127301985780672,0.7902921635383487,0.0,-1,False,56000.0
20.909440654596963,-220.63479857025177,0.20446389435131973,-0.742150327426516,-0.9665183119640164,-0.2565976473740546,0.0,-1,False,56000.0
-42.003764796673394,-81.42845497867508,0.9302191336842983,-0.12086400585496729,-0.027543836070943406,0.9996205965735978,0.0,5,True,56000.0
39.64486074903893,-9.780453041401666,-0.8136265739600915,0.32280824308180217,0.9673115851994685,-0.25359080649443666,0.0,2,True,56000.0
-60.04045021832907,33.287402492906544,0.6680252909911424,-0.574997062831235,0.09703324788737,0.9952811405849331,0.0,5,True,56000.0
-288.6968215562288,41.35660433900685,0.5982202220468611,-0.6959029888685786,-0.6100314231222492,-0.7923772225417997,0.0,5,True,56000.0
81.49898287910364,-21.548849110572544,0.17803477769363596,0.7489300438119504,-0.775129212209299,-0.6318027416681945,0.0,-1,False,56000.0
41.18491553957573,-79.21543527594143,-0.9004126866272399,0.172490286550904,0.9161011067978203,0.40094733085965445,0.0,2,True,56000.0
-101.95174521087743,-49.74264603822527,-0.7499036188721095,0.43317963890261657,-0.048665721300766074,-0.9988151218168436,0.0,2,True,56000.0
296.9337482512921,69.65705806393774,-0.005298550910494915,-0.8660254037844388,0.9032388829475114,0.42913811335209373,0.0,4,True,56000.0
-93.35367352870453,-109.20483876760419,-0.7073400092155209,-0.3037477637046555,0.6747816858187882,-0.7380173957862591,0.0,-1,False,56000.0
82.5652930793873,108.37983890265295,-0.32048545177157367,-0.6999154718931155,-0.14666791930769327,0.9891857871227099,0.0,-1,False,56000.0
-25.84492105395649,39.4501887472018,-0.8937103334896506,0.1840991027154777,0.644437145433178,-0.7646572863613768,0.0,2,True,56000.0
80.02938647630494,129.37267265007628,0.725777694255391,0.2565917596376015,-0.9735926265234321,0.2282923511177942,0.0,-1,False,56000.0
8.579740143286758,128.14003180002516,-0.30954059928746835,0.8660254037844386,-0.994592418513728,-0.10385528890992196,0.0,1,True,56000.0
150.21991883257292,-127.38424797151029,0.7469628313200607,0.18611588115717245,-0.9851594021156439,0.1716419308406339,0.0,-1,False,56000.0
-180.77057857859435,91.258583511022,-0.6537619687446357,-0.599701861646912,0.06120276451204604,0.9981253536584356,0.0,3,True,56000.0
67.09118792811665,-36.74656165632601,-0.7604559995767526,0.41490237938136554,-0.11315744925749965,-0.9935770688160013,0.0,2,True,56000.0
25.526685797369776,189.9664732101374,0.6416162857685268,0.6207388016541568,-0.6830182376160289,0.7304013191961717,0.0,0,True,56000.0
175.71416752164825,-160.09015836864955,-0.004065803341667416,-0.7697896218031127,0.1966029054588565,0.9804831959624791,0.0,-1,False,56000.0
92.04269787100397,-70.96528812720138,0.5347391050058434,0.8058555089048474,-0.9704931940780559,-0.24112851396676227,0.0,0,True,56000.0
-102.47375493973954,235.76340828434996,-0.7844658717445468,0.37331606090351194,-0.056955696224885444,-0.9983767067932312,0.0,2,True,56000.0
-1.2178251181561968,-234.14003242257525,-0.5708271955184349,-0.7433491025888948,0.4005097689327328,0.9162924887769937,0.0,3,True,56000.0
-207.24086534690156,-140.46862761149728,-0.7132081025187681,0.4967381376365784,0.9315576292528089,0.3635937064642969,0.0,2,True,56000.0
-148.76088093159558,51.80959053255715,0.663626689787378,0.39011819900440353,-0.8232672963101167,-0.5676539076108768,0.0,-1,False,56000.0
44.05080915794486,-85.03922311609467,0.25757688836433296,0.8660254037844385,-0.5462758096000727,-0.8376053604446683,0.0,1,True,56000.0
-59.425616703625934,-87.03157588345282,-0.14604514430515658,0.7558196930601095,0.9888333271318239,0.14902567279872078,0.0,-1,False,56000.0
114.23108822834965,20.80453172089086,-0.852635288420492,-0.2552431676984413,0.908445492233612,0.41800333448452187,0.0,3,True,56000.0
91.82703438242002,146.3870317906361,-0.4973759640795326,0.5875455241498719,0.9972957953368558,0.07349215334381098,0.0,-1,False,56000.0
16.970377943713316,-18.826459894396752,-0.597422164343596,0.6972852653580053,-0.15057088362490356,-0.988599215559147,0.0,2,True,56000.0
-101.17543731698169,54.39456633909161,0.11494332650590887,-0.7611705618876418,0.7513609242586567,0.6598914770602735,0.0,-1,False,56000.0
-114.5562960242089,145.42269932329282,-0.9531403191616112,-0.08116334803855087,0.4242414291593966,0.9055491205806769,0.0,3,True,56000.0
-184.52854405291495,49.54577071525811,0.17829396037639703,-0.7488683838204762,-0.37084120711271124,0.9286962900253175,0.0,-1,False,56000.0
-125.53017378843579,143.00978313911367,-0.5830884814552807,-0.7221119323801481,0.348717381157447,0.9372279274959133,0.0,3,True,56000.0
-429.72844525684667,-11.813068784762336,0.5352543986096009,0.8049629942023241,-0.7230778484645191,-0.6907665488856974,0.0,0,True,56000.0
-135.69754377129166,-12.526350427935375,-0.4951955510533069,-0.5893843896894488,0.9014514922087604,-0.43288013028348005,0.0,-1,False,56000.0
103.4390355325264,9.968253832485795,-0.46863621594373084,-0.6107149005047554,0.21901167334755312,0.9757222386197659,0.0,-1,False,56000.0
-42.34221716084386,-285.80788190441956,0.2085454245541266,-0.7410137640355485,-0.9018464085309857,0.4320567733751288,0.0,-1,False,56000.0
58.50427100483246,26.002655792681477,-0.8494975008771786,0.2606779751468176,0.644744522135752,-0.764398130018338,0.0,2,True,56000.0
32.2150128580163,-17.664113305127728,-0.6762928480253939,0.3677235052349711,0.9358361767774589,-0.3524353135459496,0.0,-1,False,56000.0
-246.22677156892289,-199.77531806543067,-0.32587751128237213,0.8660254037844386,-0.29100607202730766,-0.9567212060171906,0.0,1,True,56000.0
147.79892932997817,50.44295096158252,-0.08571318827495167,0.7650136220671728,0.9960809848160908,-0.08844586868539121,0.0,-1,False,56000.0
-126.4695910118589,-40.10210164492777,0.1695285615948475,-0.7509012314520294,-0.3949596425390045,0.9186984710802069,0.0,-1,False,56000.0
153.49057675854291,-97.50928204929397,-0.3888694018636769,0.6643592257858533,0.8913022676784714,-0.45340960249063367,0.0,-1,False,56000.0
1.4327813826908116,55.03215539773132,-0.1482728244203566,-0.7553858365967702,0.9252226466174734,0.3794246357127342,0.0,-1,False,56000.0
114.04035059181615,-0.625784579803961,0.7654680049306991,-0.08155566209655496,-0.9804418684527705,-0.19680889864146017,0.0,-1,False,56000.0
-29.91883165160621,66.5918591659828,-0.2263011650610976,-0.8660254037844387,-0.6187374106265038,0.7855978721272104,0.0,4,True,56000.0
-44.71461236477306,97.32940679539354,0.9483948115198717,0.08938280838175093,-0.8226894305753645,-0.5684910736496028,0.0,0,True,56000.0
93.07219640405839,-174.9351992983592,-0.5724631096916172,-0.7405156161241212,0.6491699530577173,-0.7606433934812848,0.0,3,True,56000.0
152.0837820379724,-16.497606589793307,0.5611419331892709,-0.5269841775700673,-0.9874468767591305,0.15795146589463516,0.0,-1,False,56000.0
-37.168646433564916,2.123188921541237,0.013350359750464027,0.7696845850652887,0.17986601440644417,-0.9836911186247321,0.0,-1,False,56000.0
25.3491422978465,288.5998361090717,-0.4098824092862558,-0.6516049440806037,0.40021269330790155,0.9164222826376689,0.0,-1,False,56000.0
164.66877896235815,141.3018612887616,-0.553584564969548,0.7732142147557062,0.5316864247857909,-0.8469412882237399,0.0,2,True,56000.0
171.78586767590488,81.46302383065131,0.5212236501041955,0.8292649634819077,-0.31791951184826983,-0.9481177057653087,0.0,0,True,56000.0
276.2640961164663,-3.3082110652945884,0.7093500175657927,-0.29902365319820745,-0.6336517985142287,-0.7736183802362111,0.0,-1,False,56000.0
-188.71468750248164,121.28627454683307,-0.41768791059564625,-0.6466292615825825,0.04274847000844112,0.9990858663356106,0.0,-1,False,56000.0
-71.0793860780036,-198.58830423637252,0.6062417684903066,-0.6820092628732572,0.0576151400624888,0.9983388681380905,0.0,5,True,56000.0
33.088094681768126,-85.1612424291288,-0.9250509919690582,0.12981548988647984,0.9944879239088538,0.10485117643196909,0.0,2,True,56000.0
124.93534702697595,-18.0703629820663,-0.5347223418699019,0.5537730669667495,0.9656763284116671,-0.25974839507687597,0.0,-1,False,56000.0
-101.0181682337795,-156.27816124536076,0.41459003869905864,-0.6486198365792596,0.5152888685364458,0.8570165587443285,0.0,-1,False,56000.0
83.43314631185515,155.45780977493467,0.7438682484669622,-0.19812274355885057,-0.692904770698403,0.7210291108845328,0.0,-1,False,56000.0
115.32838384816222,141.6184316055982,0.18294297105169371,0.8660254037844386,-0.9217841704223241,-0.3877034216491596,0.0,1,True,56000.0
-28.518606613149476,-87.46573148502806,0.4963831644238199,-0.5883845227988135,-0.8603403826645998,0.5097199485561936,0.0,-1,False,56000.0
-29.28033232920456,66.16041181827656,0.9159937760572378,0.14550304802087383,-0.9999859839934641,-0.005294508119587205,0.0,0,True,56000.0
29.9253278012455,-308.12881679486253,0.7199611729639452,-0.48504147651843976,0.10340936805521123,0.9946388804979241,0.0,5,True,56000.0
109.09851588625743,12.48844037974213,0.9538068314735078,0.08000891485047634,-0.9970551109351018,0.07668836781240207,0.0,0,True,56000.0
108.29602243417303,-73.08653078808646,0.30055064462408965,0.7087043830883484,0.8646331405370045,-0.5024037542501711,0.0,-1,False,56000.0
136.23529500254853,-16.4480806766965,0.4841354894388892,0.5985026486644479,-0.975250993805463,0.22110065373266968,0.0,-1,False,56000.0
99.09662657013014,-55.60543299701988,-0.9475333674386258,0.09087487329834804,-0.216760485796397,-0.976224816216481,0.0,2,True,56000.0
146.29318841428147,-111.13144774145024,-0.5482403912703716,-0.7824705951271532,0.8452385756758445,0.5343891374167359,0.0,3,True,56000.0
50.977020952366274,115.15044943566664,0.45939488520859545,-0.6176964724172979,-0.1408613712696486,0.990029329910859,0.0,-1,False,56000.0
65.48387133101751,-125.72575578637377,0.6338212771258682,0.6342401526686802,-0.7096598342510394,0.7045444767013939,0.0,0,True,56000.0
5.77140667914064,159.2345750133092,-0.1484586857259618,-0.7553493305915564,0.6970261667709632,0.7170456908985814,0.0,-1,False,56000.0
-221.43214366961973,-110.7200868592603,0.9821884224078707,-0.030850557352522952,-0.49978899723618436,0.8661471920183299,0.0,5,True,56000.0
-45.11327792156318,-44.912008012987165,-0.7025496840839146,-0.5151990598940739,-0.4246884418989033,0.9053395646480219,0.0,3,True,56000.0
-49.243351742295005,-147.3802052401107,0.1325168370506396,0.8660254037844386,-0.9731465396196481,-0.23018647316016314,0.0,1,True,56000.0
-81.16055219327482,25.768146043485235,0.8190655070925802,-0.3133877345573616,-0.7579917224405538,0.6522641709546991,0.0,5,True,56000.0
232.58448962040333,243.0485356663984,0.2941852464075688,-0.711370250564859,-0.4679686672520577,0.8837450573949274,0.0,-1,False,56000.0
72.24515759888186,165.84863080443705,-0.2057014911782335,0.8660254037844385,-0.5919790973107757,-0.8059533164810818,0.0,1,True,56000.0
231.5836500612503,-126.69920693464356,0.5176951631900674,-0.8353764820910196,-0.48945819842405264,0.8720267610544589,0.0,5,True,56000.0
-182.5099269158408,-70.85051655772364,0.7186585082008283,-0.27590313732024185,-0.9527179449372127,-0.3038560800678159,0.0,-1,False,56000.0
-84.84741404869351,155.31859214563187,-0.9357254747547761,-0.11132674335709601,0.9823667692622249,-0.18696398222362076,0.0,3,True,56000.0
45.84347093623567,100.00486017939652,-0.9731068713184396,0.04658026525095078,0.506672006516728,-0.8621388970532071,0.0,2,True,56000.0
-27.928286867810897,-171.21493296884137,-0.6692298213160285,0.5729107551092748,0.40469583845275153,-0.9144513537300284,0.0,2,True,56000.0
124.38725683364308,-267.5032716132153,0.8534587667918484,0.2538168613203181,0.08488097292285168,-0.9963910981313276,0.0,0,True,56000.0
-154.000843242075,-73.19715858819632,-0.09505163658630156,-0.8660254037844387,-0.9728956588336122,0.23124453944341247,0.0,4,True,56000.0
52.665874471129385,129.7120630873052,0.9528827997276306,0.0816093847821427,-0.40066573000643046,-0.9162243026672099,0.0,0,True,56000.0
-96.54292611095556,9.897734192430917,-0.7141857429683572,0.49504481470635564,0.04006612740444768,-0.9991970303370946,0.0,2,True,56000.0
225.22500441636183,-57.477440523837366,0.4037311643171847,-0.8660254037844384,-0.48817670797124746,0.8727448090902266,0.0,4,True,56000.0
54.59090560713144,-145.05498257937427,-0.7171610036239546,0.2797725638329721,0.9386559055214572,0.34485517399246884,0.0,-1,False,56000.0
-33.424500545875,107.28482541628851,-0.3930391495298109,0.6619009136792873,-0.5574952465075007,-0.8301801311289039,0.0,-1,False,56000.0
105.59003634558822,135.40591471507648,0.2317690708230461,0.8660254037844386,0.6796796918865026,-0.7335090431866702,0.0,1,True,56000.0
-58.89072098376502,-10.671705307102306,-0.5520731010074583,-0.775832147131855,0.1705187610039406,0.9853544297080488,0.0,3,True,56000.0
56.79301719069328,-256.3938784463842,-0.05943533000861714,-0.8660254037844387,-0.8111715741649796,0.5848082397387814,0.0,4,True,56000.0
-59.366887465496234,157.80908898310798,-0.3992611505659992,0.6581664882393413,0.4586945335819413,-0.888594015769681,0.0,-1,False,56000.0
-130.2515314682898,-34.750415944331614,-0.24379762896031693,0.7301748480370438,0.7096476578139321,-0.7045567413337348,0.0,-1,False,56000.0
-16.176487536733514,35.473160033242856,-0.13099411949630224,-0.8660254037844387,-0.9594401489123761,0.28191239890197156,0.0,4,True,56000.0
-99.00806948323309,-89.7902590769767,0.7688242085390721,0.40040821629027457,-0.21389043306959976,-0.9768576573077901,0.0,0,True,56000.0
136.84665664412452,65.77541921168067,-0.7782407170697533,-0.38409834508522894,0.9629624777384379,-0.2696354325147233,0.0,3,True,56000.0
-13.282480190497942,55.468034636152495,-0.4361410802732471,-0.8660254037844388,0.923892206803188,0.3826528324839446,0.0,4,True,56000.0
5.450955649574486,-204.71916680902652,0.9498166885796538,-0.08692004507209036,-0.9298482846545708,-0.3679431580074881,0.0,5,True,56000.0
32.18651490279859,-7.021009722612769,-0.044706925464970515,0.8660254037844386,0.09195833688837007,-0.9957628554411964,0.0,1,True,56000.0
-102.3683385777646,1.3787719804280492,-0.8460656769193847,0.26662206860434823,0.6159205274115852,-0.7878082913455318,0.0,2,True,56000.0
185.9154026100609,87.47728187140072,0.4371839490237731,0.8660254037844385,0.10483555923218218,-0.9944895703425785,0.0,1,True,56000.0
247.39233375849628,413.1145551776803,0.38366671322212087,-0.6673772889137951,-0.9515456512161972,0.3075075180400849,0.0,-1,False,56000.0
36.033858443071196,23.45457404547223,-0.6518725114076266,0.6029744977533457,0.998895962211861,0.04697719315308152,0.0,2,True,56000.0
250.33641224614396,88.32091188822959,0.9742364827081381,-0.04462372093118355,-0.9159928613607633,0.4011945636917726,0.0,5,True,56000.0
-15.247372094896729,82.99408280583069,-0.7694302767652939,-0.023867169699726784,0.9782974339980026,-0.2072055275144211,0.0,-1,False,56000.0
133.45569402705502,-69.50219896460874,0.73008033937324,-0.2440805003543849,-0.9788361420815855,-0.20464556421850266,0.0,-1,False,56000.0
128.58514802850723,-27.52320460594358,0.4403876474972599,0.8660254037844386,0.7276219356647925,-0.6859783660866146,0.0,1,True,56000.0
31.329890602701994,26.253320268532907,-0.5565108430458576,0.7681457524504631,0.926325621869217,-0.3767238275823178,0.0,2,True,56000.0
211.1063660757498,93.22574055773094,0.37472171582868186,-0.672440501664646,-0.40669064918069725,0.9135659340565332,0.0,-1,False,56000.0
-61.374869187817865,-78.35660520309737,-0.6764689690866432,0.3673994099824418,0.5476576761232685,0.836702497774957,0.0,-1,False,56000.0
39.95088684568885,113.44100788001558,-0.3813623183156503,0.8660254037844385,-0.47244041199483355,-0.8813626138620921,0.0,1,True,56000.0
-116.34875495665653,-88.66478353870151,-0.6457570097066054,-0.6135668574132884,-0.16292326326132434,0.9866387435570929,0.0,3,True,56000.0
-9.573443000652187,-106.7760319722926,-0.4712751766347081,-0.8660254037844388,0.6339314618523646,0.7733892303836407,0.0,4,True,56000.0
225.14396380014392,-248.9162209016218,-0.6509340274439872,0.6045999996604579,0.45779713068207933,-0.8890566838728085,0.0,2,True,56000.0
-45.59634899349366,163.78247954303637,-0.789478803245089,0.36463340884971057,0.7121306627356732,-0.7020469494210549,0.0,2,True,56000.0
-101.9694874546062,353.21391804508625,-0.23186511049221506,0.8660254037844386,-0.6221341362119128,-0.78291066959111,0.0,1,True,56000.0
33.60841882646321,-142.63892742623366,0.9385070184538197,0.10650896834687998,-0.9035394295812359,-0.42850495818797274,0.0,0,True,56000.0
-32.931807667427705,69.85235273656109,0.39793480755719535,-0.8660254037844386,-0.584697771931998,0.8112512036956278,0.0,4,True,56000.0
-126.10788473178991,234.0956151613352,-0.2709859724953497,0.7205270260742076,0.9860276873143179,0.16658151112644187,0.0,-1,False,56000.0
33.871016546949114,19.50373005967109,0.6968228590765315,-0.32715515533306294,-0.6232057502615278,-0.7820579216659631,0.0,-1,False,56000.0
-37.20823454136258,260.1591942985489,-0.9082500340187837,0.15891560267218305,0.9491224523587598,0.314907240990295,0.0,2,True,56000.0
-5.526566428488558,287.93745884814933,0.7679689309597453,-0.05306895206369096,-0.8491544217263368,0.5281446469123697,0.0,-1,False,56000.0
-118.51716599313174,50.84635376975129,0.8455133278173376,0.26757876531260916,-0.3651329020722118,-0.9309554037782657,0.0,0,True,56000.0
-166.65769041901592,-8.89098227071759,0.9464141356294399,-0.09281343965730467,-0.19772581581392912,0.9802573650630695,0.0,5,True,56000.0
-25.369505316632267,103.12225265224859,0.6445443822849068,-0.420898006478482,-0.9965071784898929,0.0835071447100384,0.0,-1,False,56000.0
-11.539270098904995,34.6646660609266,0.05903233650389289,-0.7675335665881222,-0.9578753386766108,0.28718432330967664,0.0,-1,False,56000.0
73.73749425294861,-80.3173999736305,0.010943534867333807,-0.8660254037844387,0.36555360462075404,0.9307902890277923,0.0,4,True,56000.0
203.0453754092464,29.235162266946528,-0.7481889480588934,0.4361495358693624,0.5089697695595621,-0.8607843944183844,0.0,2,True,56000.0
-61.25119915408136,358.18899784979504,0.6494110432225835,-0.6072378857110543,-0.6408704905234777,-0.7676490177000034,0.0,5,True,56000.0
-163.3386927330236,5.5234351951335015,0.9454989134945115,-0.09439865089521207,-0.983410412654903,-0.18139448801325625,0.0,5,True,56000.0
-77.35763921375998,-68.521363644421,-0.24422086313173508,0.8660254037844386,-0.046623737539942145,-0.9989125222448175,0.0,1,True,56000.0
8.62559840529636,-135.1740806091704,-0.7690626556425143,-0.03369308962793014,0.9964440869849569,-0.08425664076153616,0.0,-1,False,56000.0
382.5853040810459,-22.837900264139787,0.9549034681696189,-0.07810948437536679,0.33870023492277124,0.9408943356524535,0.0,5,True,56000.0
64.5800768550535,117.91509438405528,0.797541203259307,0.3506689223941407,-0.8415501000320721,0.5401790713602788,0.0,0,True,56000.0
153.77538576796576,-161.5393899927553,0.6255493501894012,0.6485675503991386,-0.2890289144317006,-0.9573203678090881,0.0,0,True,56000.0
61.746423078185835,304.8832152324992,0.6635266230971373,0.5827889841900303,-0.708853575071845,-0.7053556614272358,0.0,0,True,56000.0
-123.63150761569474,-0.4991678390373054,0.08322317388696207,-0.7652885050232839,0.015097644074521521,0.9998860240762695,0.0,-1,False,56000.0
-203.66686581139646,-160.64943307433674,0.343469646997578,0.6889275681695077,0.08439541032252951,-0.996432343270742,0.0,-1,False,56000.0
273.187767296537,-30.26109077174558,0.25928710184974746,0.8660254037844385,-0.6124615657554486,-0.7905003671548805,0.0,1,True,56000.0
-83.2198270601268,-15.253260627160097,-0.6344498369853807,-0.6331514550564061,0.8746197646870526,-0.4848095164272662,0.0,3,True,56000.0
58.351073865434586,59.08042363099386,0.28945592468450687,-0.8660254037844387,-0.338416628962631,0.9409963789734564,0.0,4,True,56000.0
-63.75282142952338,-40.688336256343305,0.7352617287332348,0.45854013654198944,0.24836115474375337,-0.9686675058109917,0.0,0,True,56000.0
-142.12910600192555,78.59978213715816,0.6798840225579009,0.5544571372442887,0.11700834776720176,-0.9931309312232934,0.0,0,True,56000.0
-107.14845921760842,0.009793265033869958,-0.5825818407780007,-0.7229894597743783,0.10284911867380025,0.9946969683213822,0.0,3,True,56000.0
-6.127871260820936,-159.06838177049283,0.759598296546562,0.12491205096448327,-0.7113979550382973,0.7027894062711137,0.0,-1,False,56000.0
110.25610976182847,-76.10056930627829,0.7697954324100718,0.002754057585286393,-0.8859321372581828,0.46381488567401763,0.0,-1,False,56000.0
-5.022920595971078,-112.60705092013988,-0.3986803212620574,0.8660254037844385,0.6864388898529581,-0.7271874933585335,0.0,1,True,56000.0
46.315886426374796,108.62192082926425,0.5126277037461475,-0.844153579313184,-0.7718587063496359,0.6357940998719424,0.0,5,True,56000.0
67.94324390483429,-120.94723942741417,-0.8649525225309024,0.23390909241049054,0.9135490310488067,0.4067286169788107,0.0,2,True,56000.0
-134.30566268741617,-31.249665203714127,-0.8835232553049709,0.20174363971201928,0.9852566238436281,0.17108297744608442,0.0,2,True,56000.0
13.195043975923879,106.81033699270566,0.7428600250996853,0.20187019517870206,-0.9986834389185495,-0.05129706452917959,0.0,-1,False,56000.0
105.05499193352954,-19.21154704446567,0.9308682823853426,0.1197396473230915,-0.897492511254746,-0.44102969541891124,0.0,0,True,56000.0
35.59813751446726,135.5550130342241,0.20976873458638484,0.740668394480701,-0.6172749750030768,-0.7867474850514016,0.0,-1,False,56000.0
-152.35786626898735,66.99172985112001,0.08671864466040577,-0.7649003002096775,0.548383064778058,0.8362272503717287,0.0,-1,False,56000.0
-32.745945124115636,-74.01929429548511,0.9828356796731883,-0.02972947488342471,-0.8767954716677524,0.4808634950405657,0.0,5,True,56000.0
-37.208055677147684,-68.69195922636116,-0.7694709966235936,0.022516170804243132,0.9870994243217337,-0.16010848354594895,0.0,-1,False,56000.0
4.49279070994351,77.68886118563893,0.308465794967294,0.8660254037844386,-0.7547190799165806,-0.6560481006827776,0.0,1,True,56000.0
-53.31735714658338,-156.46220192320231,0.8880699131078981,0.19386859739272003,0.3650788817067804,-0.9309765894647566,0.0,0,True,56000.0
75.37238663124643,62.073665496571856,0.7697980557761348,-0.001883060242087356,-0.9774980950284007,-0.21094424432864042,0.0,-1,False,56000.0
-257.0524417986056,-144.41651644938545,-0.7564791095432788,-0.1425901448810556,0.8003351060442421,0.5995529318024614,0.0,-1,False,56000.0
11.858142805525723,82.51250938626814,0.5053574584230639,-0.5806947836934422,0.0763451051446355,0.9970814535031995,0.0,-1,False,56000.0
150.66465380297956,-166.00405005318606,-0.6566983257775725,0.40167138498220845,0.9208539210538991,-0.38990775329478017,0.0,-1,False,56000.0
143.72721109074436,15.71094722601874,0.6669680684622784,0.5768282259661338,-0.1545403337666184,-0.9879864802915719,0.0,0,True,56000.0
-162.3179802917513,169.2922058142807,0.28250434856434736,-0.8660254037844387,0.9951990604346588,0.09787149794319067,0.0,4,True,56000.0
16.201655704174684,-116.93019229537606,-0.027306504517343122,-0.7693158957175112,0.9650411840263909,0.26209828906837496,0.0,-1,False,56000.0
-165.51370758318325,-13.624276651158668,0.4559198142973062,0.8660254037844386,-0.279123778888292,-0.960255130712035,0.0,1,True,56000.0
-191.74493744397785,-111.19214461906961,0.7697995830269477,0.0010929611748508664,-0.9934701799780385,-0.11409207463311477,0.0,-1,False,56000.0
178.96631860819153,-95.66492661831616,-0.5579032088551347,-0.5304117288877919,0.7782834191887721,-0.6279131463948586,0.0,-1,False,56000.0
-120.36161313428306,-67.72358184843183,0.4930160449707605,-0.5912087380900094,-0.10731087472472212,0.9942255157485599,0.0,-1,False,56000.0
-245.59703484346218,-184.6160554260499,-0.7370935408569661,-0.22200383919998412,0.041083820981662106,0.9991557034082487,0.0,-1,False,56000.0
-88.7724485460395,42.879814900440905,-0.16373421475578587,-0.8660254037844388,0.8343690189266059,0.5512062592669638,0.0,4,True,56000.0
58.60592162678975,-36.55797753123143,0.2703431470759407,0.8660254037844387,-0.9949412238211641,-0.10045875343065386,0.0,1,True,56000.0
99.8781913057888,-32.38819108471061,-0.7074906713168512,-0.506641018967078,0.9995456977416086,-0.03013964375726108,0.0,3,True,56000.0
-215.682524129397,163.04614754609722,0.23850151306558162,-0.8660254037844387,-0.3504444843190125,0.9365835058391752,0.0,4,True,56000.0
102.7178545423692,-54.80598931681347,-0.4892213502934679,-0.5943526419640349,-0.5574214294965394,0.8302296970945389,0.0,-1,False,56000.0
-18.480125207692655,-150.90057241629216,0.7255216652397658,-0.25731479914748284,-0.36096443971874487,0.9325795801207106,0.0,-1,False,56000.0
-94.24166435605095,120.10852113265874,-0.7181490525420691,0.4881801611585628,0.6572171920163519,-0.7537012422159692,0.0,2,True,56000.0
26.602991179669836,-64.5961338262585,0.8720924344876763,-0.22154240213978926,-0.7424857678882075,-0.6698618398469569,0.0,5,True,56000.0
4.045819622215166,42.06451287034365,-0.9736224108647265,0.04568732456347124,0.9769042762427287,-0.21367740886297615,0.0,2,True,56000.0
-133.40047842681489,115.4790102342956,0.6016322791668137,-0.6899931325784935,-0.3457121639908607,0.9383406096234048,0.0,5,True,56000.0
-146.76203956039288,-73.42458032512718,0.44508258620152585,0.8660254037844385,0.34713603347097305,-0.9378147867599902,0.0,1,True,56000.0
-235.13212391315164,150.67520206718774,-0.1684021907232942,0.8660254037844386,0.8209784032560129,-0.5709592466952697,0.0,1,True,56000.0
210.85162754733844,-286.8524817380243,-0.796528038035943,-0.3524237760374691,0.7689546184670855,-0.6393033667499483,0.0,3,True,56000.0
271.38223405811937,40.65661642450988,0.020513157400437368,-0.8660254037844387,-0.706614258214008,0.7075989613391623,0.0,4,True,56000.0
205.10388281815833,149.25340183041322,-0.7659573903294143,-0.07682362131757078,0.4000396841925771,0.916497818366552,0.0,-1,False,56000.0
123.0812814402219,-111.79565564613168,-0.3252130694449427,0.6977313609511838,-0.7392334321991451,-0.6734492799897163,0.0,-1,False,56000.0
187.31928111773533,159.1959880911031,0.9084531610318162,0.1585637763652212,-0.3470728259074396,-0.9378381808800161,0.0,0,True,56000.0
73.13909704464606,18.041924506358686,-0.2568764700169805,-0.8660254037844387,-0.950125497957063,0.31186782157102927,0.0,4,True,56000.0
85.3457892151387,-101.78820539257072,0.4528046753414826,0.622543587696064,-0.884979425198454,-0.4656301289382274,0.0,-1,False,56000.0
-43.28568262134504,-134.3072613617864,0.8886901529467873,-0.1927943104788852,-0.46947211685745216,0.8829472982534061,0.0,5,True,56000.0
0.46264331005131953,-98.04731714611678,-0.7540843398516407,-0.15475594005758742,0.6616807919040744,-0.7497856557876315,0.0,-1,False,56000.0
103.11289141389629,-82.83646111135576,-0.325209580320222,0.6977329872240078,0.7330455001345384,-0.6801796047605072,0.0,-1,False,56000.0
23.080526077454603,36.53813331476611,-0.3584714242652871,0.8660254037844385,0.5633141965765726,-0.8262427705795481,0.0,1,True,56000.0
214.17844659008267,-58.735517900800865,0.32202042933354674,-0.6992105803578993,-0.19123011610730417,0.9815452321177699,0.0,-1,False,56000.0
152.85989352895368,192.5593841298212,0.00786358701694613,0.7697601942110408,0.6496201656397312,-0.7602589298349876,0.0,-1,False,56000.0
70.96906947812663,116.70750538359088,-0.402178885911642,0.6563876418089105,0.4111390384905765,-0.9115726471481561,0.0,-1,False,56000.0
-145.91232441024448,266.5619158486211,-0.6508619196889859,0.6047248939557398,0.6613792469017793,0.7500516593990557,0.0,2,True,56000.0
22.545717225719013,85.09799731925733,-0.4527146467815989,0.6226090596690708,0.17732347964391088,-0.9841526220899455,0.0,-1,False,56000.0
291.64047043256346,341.6053112328785,0.4213743112060979,-0.8660254037844386,-0.37258631563827505,0.9279975416985953,0.0,4,True,56000.0
-24.067808323302476,-53.2190708980812,-0.546622606581306,0.7852726804043215,0.663180924254906,-0.7484591249388018,0.0,2,True,56000.0
-6.545865833840199,10.305453895529162,-0.8032472465273284,0.3407857655437414,-0.17073937482163698,-0.9853162263381359,0.0,2,True,56000.0
-65.35192889321762,89.34311994866668,0.9408979437065756,0.10236776433200732,-0.7881164884438052,-0.6155261169459865,0.0,0,True,56000.0
-36.480874108978796,-164.77403932881015,0.9683085307387388,0.054891234927012166,-0.9922381178834495,-0.12435239209101298,0.0,0,True,56000.0
-216.28762523285383,-164.21208239054442,-0.3421601846507226,0.8660254037844385,0.6032674461347268,-0.7975389573141346,0.0,1,True,56000.0
-6.93765832517721,144.67086178807253,0.03931023599028935,0.8660254037844385,-0.6868537115552521,-0.7267956926967152,0.0,1,True,56000.0
123.75002983283437,95.55283492389431,-0.2413284973469821,0.7309946299124503,0.39849081448404816,-0.9171723233784541,0.0,-1,False,56000.0
-98.5161276507961,131.76549367376055,-0.05728337324984489,0.8660254037844386,0.901747755033848,-0.4322626357795439,0.0,1,True,56000.0
-123.99810146541401,165.2320356283494,-0.33759193443962343,0.8660254037844385,0.7194004032849048,-0.6945956087919999,0.0,1,True,56000.0
130.2176139099411,-164.0059546732863,0.7605586116005839,-0.11892514836141482,-0.36629788817405146,0.9304976395020207,0.0,-1,False,56000.0
36.585947567707215,-72.52302047781427,-0.6361740426434607,0.6301650432539139,0.9797204064696863,0.2003694715928951,0.0,2,True,56000.0
-25.35172970350748,-76.27915237364117,-0.7006453941777,-0.3188865381451021,0.9998722724008874,0.015982455491291958,0.0,-1,False,56000.0
199.97086146953626,88.17760424111049,0.2636296643767783,-0.8660254037844387,-0.6583553804774981,0.7527072425558428,0.0,4,True,56000.0
-72.85885312617435,191.78785227109213,-0.3679891223108439,-0.6761483553581176,0.9785014722154177,0.20623983337808277,0.0,-1,False,56000.0
246.51430894868795,-68.95254983640473,0.6907853724600934,0.5355754453426049,-0.8243171187952044,-0.5661283314415657,0.0,0,True,56000.0
187.15991380712228,-167.02168213686346,0.49192925314485736,0.5921133358512838,0.662175248825308,-0.7493490107037833,0.0,-1,False,56000.0
-152.04986935903068,-211.977944917013,0.653106800874039,-0.600836645686272,-0.19925048111452387,0.9799485934350852,0.0,5,True,56000.0
86.65372399489668,245.5878659806676,0.562057350830524,0.7585389191628447,-0.615505831897583,0.7881323308301792,0.0,0,True,56000.0
-12.152099153491077,103.33304880265901,0.4081681210735817,-0.6526801494850707,-0.8281616564264869,0.5604893137470173,0.0,-1,False,56000.0
113.42909340468067,107.14610481723362,0.3286744627647808,-0.8660254037844387,0.2280556792652474,0.973648092050981,0.0,4,True,56000.0
142.90446920575806,-129.5279595801086,0.9613192038455803,-0.0669971042166689,-0.5871944400415915,0.809445915169046,0.0,5,True,56000.0
67.15008146069758,-128.3432179052079,0.3572945078951707,0.6818601229141796,-0.7001737438215451,-0.7139724983937513,0.0,-1,False,56000.0
-22.828282410638,-9.527380669842243,0.002673120625797592,-0.8660254037844387,0.2752078086144854,0.9613847627653731,0.0,4,True,56000.0
-159.88212586283817,66.63568770622742,0.5732449172718728,-0.739161485673376,-0.9976637385426151,0.06831591905933375,0.0,5,True,56000.0
20.353734789123557,-72.83745580966841,-0.28142265295280344,-0.7165150961407569,-0.8577979052094621,0.5139871144473094,0.0,-1,False,56000.0
-219.10505937211607,1.6549102706125514,-0.9957392584757417,-0.007379820797933308,0.9925291657703187,0.12200760261116925,0.0,3,True,56000.0
-188.4060040121074,-57.260107927053426,0.22912096597928477,0.8660254037844385,-0.5629880538817792,-0.8264650332506807,0.0,1,True,56000.0
191.51358199614336,-45.683430852752785,-0.4840451584215359,0.5985757071593054,0.9274072673797618,0.37405315185255206,0.0,-1,False,56000.0
320.9457546438566,30.97273778506127,0.7688093864643176,0.03904766160670484,-0.7927894845289559,-0.6094955563578542,0.0,-1,False,56000.0
-157.9504569595235,-237.31232922966973,-0.8567293161129883,-0.24815210372744395,0.27906815733774537,0.9602712968530346,0.0,3,True,56000.0
35.12902541531202,222.6847964447866,-0.3567501072333753,0.6821451118212074,0.9698778970504511,0.24359159429805705,0.0,-1,False,56000.0
-193.73915961622524,-231.64529389882014,0.44634790849611355,-0.8660254037844387,-0.5972945172713131,0.8020219820162254,0.0,4,True,56000.0
-130.22174397465048,149.7436354889987,-0.6893632212099468,-0.3425944276190703,0.24289636389236896,0.9700522441639219,0.0,-1,False,56000.0
-208.98394022738282,-57.23989743552643,0.030608611301142202,-0.8660254037844387,-0.5381182979129764,0.8428693240656517,0.0,4,True,56000.0
-165.04403897312892,97.14135526147805,0.47883098482016995,-0.8660254037844387,0.4346820122225186,0.9005840039939084,0.0,4,True,56000.0
-69.35014019279997,-25.886039714351817,-0.7682917578301042,0.04817019247336192,0.9513980228449948,0.3079639623823637,0.0,-1,False,56000.0
-44.487226254165364,40.981769489367494,0.0781086448913019,0.7658274167107345,0.312062777053044,-0.9500614838933403,0.0,-1,False,56000.0
-50.4183731155971,-164.59670498263682,-0.8234791843061718,-0.30574302137521187,0.8199446769918359,-0.5724427715259592,0.0,3,True,56000.0
260.0028027119769,-310.2699115229871,0.038110644468442145,-0.7688564049097805,-0.9871064810470405,0.1600649714165412,0.0,-1,False,56000.0
103.72153243803288,41.1107042132452,0.762934617797743,0.10258343705688626,-0.812558135760631,0.5828801557858296,0.0,-1,False,56000.0
61.34861056842187,-71.24425442569687,-0.4644657471228899,0.613892630956072,-0.5308887055892741,-0.8474415509505103,0.0,-1,False,56000.0
-203.18973910348222,-18.300641806155667,0.5804598489649373,-0.7266648574078493,-0.9937931082260082,-0.11124413711367404,0.0,5,True,56000.0
-317.0749440182642,118.89504953692996,-0.4648602838863737,0.8660254037844386,0.5263032859659478,-0.85029691942352,0.0,1,True,56000.0
-15.830600625407273,225.8183208199732,0.5950718325027377,-0.4883462979837425,-0.5491196797789225,0.8357437270354537,0.0,-1,False,56000.0
182.61194989033407,-112.83305439470658,-0.5342485199649741,-0.8067052271210668,0.6185211638759995,0.7857681399988323,0.0,3,True,56000.0
-116.66850202424119,-50.10167115862652,-0.7335037856081338,0.4615849833514809,0.8030727474880678,0.5958809967112083,0.0,2,True,56000.0
-46.55325547126031,39.20564389614685,-0.3726149136271859,0.8660254037844385,0.6082633912357415,-0.7937352498674226,0.0,1,True,56000.0
-26.009586167125875,17.025849196104144,-0.4341099251792222,0.6357209808190087,0.7096724583505122,-0.7045317607165209,0.0,-1,False,56000.0
175.38895090547769,-221.49284542438008,0.9205913156216969,0.13753987590542252,-0.7816556614400407,0.6237102107056107,0.0,0,True,56000.0
95.50322462872295,-135.2577602572602,-0.5981006535744041,0.6961100875378574,0.9661191112166697,-0.2580966155174428,0.0,2,True,56000.0
-82.0719761310616,-30.754016226269485,0.683372900870744,-0.5484142227450189,-0.6311507559054756,0.7756601854676144,0.0,5,True,56000.0
-171.45139990487002,177.60130935599287,0.215397170839291,0.739051183198445,-0.8981517732343434,-0.4396855606404376,0.0,-1,False,56000.0
59.53610898315315,191.07822937935447,-0.07672878853239015,0.8660254037844386,-0.5131591894510661,-0.8582934499817246,0.0,1,True,56000.0
114.42120750164754,319.39534923504954,0.20669120458747794,-0.8660254037844387,-0.09073316665007652,0.9958752394097234,0.0,4,True,56000.0
-23.98583430005909,80.55527210015772,0.922837339524909,-0.13364964839004395,-0.9942761989983805,-0.10684025507705046,0.0,5,True,56000.0
2.4776076488387746,-4.94785618014187,0.7447374535686911,-0.4421276996884365,-0.7465059671392916,0.6653787199972045,0.0,5,True,56000.0
-78.2190558276108,-118.16900965979778,-0.4985598161063846,-0.8660254037844388,0.36013805239587415,0.9328990209107039,0.0,4,True,56000.0
-30.901648446646764,-25.639561718469302,-0.9557073807606117,-0.07671706692292304,0.533606218210845,0.845733057108626,0.0,3,True,56000.0
12.577577610995688,277.26750007273904,-0.5585985855352863,-0.7645296763856524,0.31999375091798377,0.9474196532545871,0.0,3,True,56000.0
-390.5540971831768,-57.31804951430984,-0.9786710488425003,-0.03694282707694425,0.7123873081481157,0.7017865225188646,0.0,3,True,56000.0
-38.97253891741275,32.304543687580264,-0.31962166592606156,-0.8660254037844387,0.2800302561970598,0.9599911747582703,0.0,4,True,56000.0
46.46205992279775,-514.8299218489609,-0.40742631131821994,-0.8660254037844387,-0.08283557496637894,0.9965632280591458,0.0,4,True,56000.0
123.07765210784628,118.70175709390767,-0.272354014020906,-0.8660254037844387,0.46819029590624067,0.8836276629999655,0.0,4,True,56000.0
-22.302549481677513,41.80032151063717,0.8951001504734257,0.1816918690863571,-0.5832718993371224,-0.8122769795109683,0.0,0,True,56000.0
-169.45457880337696,6.5503321812771285,0.6450186754341071,0.42017079971580884,-0.8731553716750315,0.48744199338451155,0.0,-1,False,56000.0
-282.05559465655284,-15.685256144745166,0.6578422838807926,-0.5926345485201958,-0.928355536173543,-0.37169341997887584,0.0,5,True,56000.0
175.75264683111052,-313.64574637246903,0.5209393018507592,-0.8297574691039029,-0.9952210862745878,-0.09764727048963004,0.0,5,True,56000.0
18.764327751640888,-195.94397517198547,-0.574302324962839,-0.7373300018283091,-0.03198395037499835,0.999488382582854,0.0,3,True,56000.0
-361.48389043510025,155.65632313772701,-0.769621003729599,0.016616353716651294,0.6157115590662378,-0.7879716213366909,0.0,-1,False,56000.0
27.293969282623628,-57.217842790012185,0.0932099632574862,0.8660254037844386,-0.5802649845734273,-0.8144277424534115,0.0,1,True,56000.0
-8.311824879449919,177.78657302513065,0.8403471342094094,-0.276526875123278,-0.8870670485014912,-0.4616406085502056,0.0,5,True,56000.0
10.859005400118855,16.926992935006677,-0.26401620649762153,-0.7231099745538001,0.8036016879715275,0.5951674781849221,0.0,-1,False,56000.0
-96.07615922991987,-95.23727768196368,0.7642877693498182,0.09196085153407021,-0.9262369808586268,-0.3769417133849725,0.0,-1,False,56000.0
93.37197408431679,-140.80715605587034,0.30793993582798673,-0.8660254037844387,-0.6408952778399671,0.7676283233714705,0.0,4,True,56000.0
90.3617573861114,127.75722754576253,0.9625599979718145,-0.06484798574829874,-0.9101867789285686,0.41419805342767196,0.0,5,True,56000.0
132.98079129522938,-36.99669463322444,-0.6456686395634595,-0.6137199189910891,0.5943707201916819,-0.8041911756407305,0.0,3,True,56000.0
92.42330323402432,-271.8533150007502,-0.6787792354551448,0.5563706846378087,0.9949844858749111,0.10002936002874163,0.0,2,True,56000.0
-0.9165188584494525,-38.28632601063884,0.5233611081133462,-0.5645225798025821,0.11711819642728477,0.993117982953313,0.0,-1,False,56000.0
-58.46151479507921,-177.12009634156271,-0.1958602464204734,0.8660254037844386,0.8036666951867225,-0.595079694702436,0.0,1,True,56000.0
-19.00550928840978,-89.15368942824038,-0.32703676905131285,-0.8660254037844388,0.5507859887569552,0.8346465087620837,0.0,4,True,56000.0
72.34794386276624,-99.33207301886564,0.26842598298560777,-0.8660254037844387,0.3763225094523255,0.9264887311128316,0.0,4,True,56000.0
174.18766397961517,220.85738049892882,0.564710348921374,0.7539437916771092,-0.4430787521439178,-0.8964826933065847,0.0,0,True,56000.0
168.6868458833893,83.14164725456408,0.5001111132225089,0.8658329500376605,-0.5230364853481468,-0.8523102926718187,0.0,0,True,56000.0
131.5926293118916,132.39496882219288,0.5265986727867402,-0.8199551511039048,-0.7914420467198479,0.611244211983738,0.0,5,True,56000.0
-125.94311626092139,70.0211947146913,0.35770527016603015,-0.8660254037844387,-0.5045370192966628,0.8633900602617632,0.0,4,True,56000.0
-223.2518490378674,-117.04774655586948,-0.17594841930161936,-0.8660254037844387,0.32854029244980304,0.9444899556038644,0.0,4,True,56000.0
-124.36783124745259,113.9313717467245,-0.8511234806184247,0.25786169562290134,0.5049279057230931,-0.8631615202392461,0.0,2,True,56000.0
-44.73814069020807,-25.294583261140808,0.8525457540453912,-0.25539824578513953,0.12431235500984844,0.9922431347162186,0.0,5,True,56000.0
61.61352375155396,-11.978618301187266,0.09846018455277056,0.763477690997207,0.8472775156984116,-0.5311504602196996,0.0,-1,False,56000.0
-65.84551614557917,60.94526774777456,0.19073540984138007,0.8660254037844385,-0.7097241051967782,-0.7044797332090552,0.0,1,True,56000.0
-205.05320990947885,-3.438126307674674,0.7546496528671992,-0.42495926688867186,-0.9261384654322669,0.3771836990729519,0.0,5,True,56000.0
-51.90974233040106,-222.61581958835882,0.7636074209073156,-0.09744895755148009,-0.592044671608604,-0.8059051475325872,0.0,-1,False,56000.0
-155.46103352850022,130.8050912386079,0.9251341697226619,-0.12967142179117774,-0.6371703561628567,0.7707229964306385,0.0,5,True,56000.0
142.17375087751128,-124.44030465170493,-0.43337043586274493,0.636225320081437,0.15254732135655225,-0.9882961675259916,0.0,-1,False,56000.0
8.85059257099107,169.6702131002201,-0.4811664839971985,-0.8660254037844388,-0.7298191623152884,0.6836402491932061,0.0,4,True,56000.0
34.946677852760374,0.9030449587919436,-0.3710951316027637,0.8660254037844385,0.714223122045566,-0.6999180894469291,0.0,1,True,56000.0
-237.53320275124807,94.3768748016521,0.8038950864607024,-0.3396636738639651,-0.9509619313647397,-0.3093079454117838,0.0,5,True,56000.0
265.1760012493491,51.14068797149087,-0.6802240261553338,-0.5538682337387785,0.9036970510219504,0.4281724418665506,0.0,3,True,56000.0
11.890713833503378,64.89577964327692,-0.5419165534295391,0.7934238035663017,0.8071026024695462,0.590411203388424,0.0,2,True,56000.0
116.54781521283455,44.33832058057786,-0.7224709265681419,0.4806944557614922,-0.018678852287492775,-0.9998255350194201,0.0,2,True,56000.0
-159.3428603580482,314.13975193350603,-0.7375515278665851,-0.45457408810389943,0.7351929925253624,0.6778578492141383,0.0,3,True,56000.0
-117.00409882897483,-181.64491165640413,-0.12420386116457804,-0.7597144157276486,0.9203225835539324,0.39116025130415666,0.0,-1,False,56000.0
72.43269770899254,38.32608862270059,0.9803788333517272,-0.03398485753858433,-0.5661943423092509,0.8242717796556376,0.0,5,True,56000.0
43.31111346659535,-24.251483984003436,0.7746228908484399,-0.39036460391349864,-0.9992106799106293,0.03972426402394791,0.0,5,True,56000.0
129.9424257914424,-90.00881782921651,-0.5196503281550139,-0.5679402512949568,0.9883385362841417,-0.15227257696480279,0.0,-1,False,56000.0
-160.71896965904088,-104.53540457354508,-0.45697371156584543,0.6194898058324511,0.21967540870555363,-0.9755730186970366,0.0,-1,False,56000.0
-41.1368798532846,165.09865310074926,0.20577429680879453,-0.8660254037844387,0.7576927423955369,0.6526114526429432,0.0,4,True,56000.0
17.28096865589886,136.06886255674405,-0.21208444928676629,0.8660254037844386,0.6836199687214489,-0.7298381590221985,0.0,1,True,56000.0
-19.54435729815065,52.9238815749702,-0.5010570629176792,0.8641945171042215,0.818103747789269,0.5750706546615663,0.0,2,True,56000.0
-45.21068862288085,-171.74902101185592,0.7000744325343445,0.5194863213394424,-0.8809891179007365,0.47313652801295597,0.0,0,True,56000.0
16.482835044326155,148.89512953517655,0.8465908011394481,-0.2657125267749134,-0.8226066024564928,-0.568610919341738,0.0,5,True,56000.0
311.9230048366042,-294.3170752511635,-0.96023163578937,0.06888082734671526,0.9877136333401886,0.15627468929297522,0.0,2,True,56000.0
43.587747304827225,115.95360436109866,-0.9566500932266966,0.07508424103473606,0.2631975253213359,-0.964741966882547,0.0,2,True,56000.0
-80.62564207046404,175.52551586667215,-0.039625754598054064,-0.7687798073344065,0.686069068674162,0.7275364135273905,0.0,-1,False,56000.0
128.237505647525,139.0279581398385,0.5638842301544961,-0.7553746713544274,-0.34946766002569785,0.9369484268602108,0.0,5,True,56000.0
29.871048162695743,16.737642625468073,0.030570478450787114,-0.7691931086794019,-0.6689506604903198,0.7433068100247235,0.0,-1,False,56000.0
-73.58910094876255,42.51119729605939,-0.5118508485133166,0.8454991320465723,0.9118207329131139,-0.41058854225301156,0.0,2,True,56000.0
129.95809896533936,32.314427017930505,-0.12603941111296893,0.7594120485210175,-0.774292579179781,-0.6328277821230571,0.0,-1,False,56000.0
5.987282733401716,247.60986876883976,-0.6195461637665799,-0.658965374290773,0.3096762982377148,0.9508420427754285,0.0,3,True,56000.0
27.166038582944925,-161.97273846357206,0.23190630143932933,-0.8660254037844387,0.5350923069067756,0.8447935979212778,0.0,4,True,56000.0
-147.83654023091916,-403.7635009637242,0.7974389969320581,0.3508459489457907,-0.8537423022109352,-0.5206957666576554,0.0,0,True,56000.0
-15.15437303315126,12.630085226123018,0.021412315426318232,0.7695025050905787,0.7719775595796561,-0.6356497836899864,0.0,-1,False,56000.0
17.35858009828155,124.99089642155664,-0.5740304274902653,-0.7378009420652557,0.4167446653620298,0.9090235881933567,0.0,3,True,56000.0
-90.18073423327692,79.96565307657524,-0.49488051908898245,0.5896489331956869,0.5756561224252312,-0.8176918910653307,0.0,-1,False,56000.0
119.64971167720823,212.96764452377428,0.20246828768373873,0.8660254037844385,-0.6499932350346466,-0.7599399939526973,0.0,1,True,56000.0
78.85826183449082,4.381910661125889,0.5624600362990081,0.5255771115251413,0.40912571391638314,-0.9124780272489312,0.0,-1,False,56000.0
-194.77694757584902,-122.03543741884162,-0.6623699726427665,-0.5847923615435987,0.45154995490637756,0.8922458395664792,0.0,3,True,56000.0
173.19786833065564,133.66963955912067,0.6549890938861825,0.5975764185545075,0.13662920199905426,-0.9906222595726777,0.0,0,True,56000.0
69.76401961605696,-306.7209009065764,-0.5072767644371773,0.8534216780645372,0.5970802282593908,0.8021815262279199,0.0,2,True,56000.0
37.17847788109089,-19.769916832607098,0.6457288557258376,-0.6136156215384133,-0.7245603678663769,-0.689211341546981,0.0,5,True,56000.0
-19.938140817661694,179.53209901856164,0.8710815621357044,0.2232932844133716,-0.5777564770544334,-0.8162091969716934,0.0,0,True,56000.0
-96.55816158326034,174.38494404291478,-0.7009225432062725,-0.31827689362855643,0.986413622762566,-0.1642807500231495,0.0,-1,False,56000.0
1.7284345060466901,-148.48216445677522,0.8749270329966287,0.21663273350322515,-0.6460710560453882,-0.7632772697650669,0.0,0,True,56000.0
-9.006652064247238,-18.142139906146312,-0.9515412272191922,-0.08393305652879506,0.958327211004101,-0.2856728139826913,0.0,3,True,56000.0
-1.8043022438465623,-42.13485414110698,0.5158711675334579,-0.8385357352410521,-0.9689713027905197,-0.24717324767875704,0.0,5,True,56000.0
77.19265775695717,-110.19744442053127,-0.3754822854983192,0.8660254037844384,0.7745073124608005,-0.6325649555140205,0.0,1,True,56000.0
-48.29904568211354,-70.67981453194321,0.2394317819214123,0.8660254037844386,0.7037960865059474,-0.7104020471665777,0.0,1,True,56000.0
-40.014881301087506,96.03908105982522,0.16902185196675856,-0.8660254037844387,-0.8937793159693864,0.4485070059039284,0.0,4,True,56000.0
-188.80901619294454,-207.90201059900343,-0.4713892461782345,0.6085924508076881,0.8591942955241848,-0.511649452788178,0.0,-1,False,56000.0
-114.22889750473453,8.434103395988068,0.5389597688461247,-0.549649852322298,-0.9422582226459842,0.33488720766200053,0.0,-1,False,56000.0
129.80683165737318,-58.21516482913344,0.9027962711971379,-0.16836179697170328,0.4150869550403361,0.9097817429224059,0.0,5,True,56000.0
-79.67928310607562,16.404608351805056,0.4609429582211251,-0.6165421168573566,-0.8763735666607747,0.4816319877852775,0.0,-1,False,56000.0
-11.740006844353463,74.37551737310426,-0.43376983830674287,0.8660254037844387,0.545803462611027,-0.8379132295180896,0.0,1,True,56000.0
-3.063338743889283,48.77320796129294,-0.22216410996051802,0.7370452501970576,-0.35872008856384385,-0.9334451767834906,0.0,-1,False,56000.0
-264.88469490061675,-4.564802049231767,0.7684599599601912,0.04540795668793664,-0.9904510912085837,0.13786455644345713,0.0,-1,False,56000.0
-227.89890621837642,36.81526705876404,0.7609193823625628,-0.11659453734016939,-0.06289920298548773,0.9980198847034035,0.0,-1,False,56000.0
79.49394564433257,166.55644141106845,0.5322108102887424,0.5561872400589506,-0.894544731148621,0.44697843792951214,0.0,-1,False,56000.0
-178.4717621509234,-34.35192205495353,0.9841143238809948,0.027514798150700983,-0.9984147747199644,-0.0562844349756664,0.0,0,True,56000.0
-9.454880375500789,287.42937243234826,0.7674011851208429,-0.060729018333232104,-0.5379337983448811,0.8429870868512126,0.0,-1,False,56000.0
64.55860266664857,-98.71641164911205,0.24627492054261785,-0.729343030476277,-0.998631402423172,-0.05230030682509318,0.0,-1,False,56000.0
144.61122869340196,188.68740379944515,-0.3762311517861871,-0.6715971359514805,0.9468732738028082,-0.321606908130965,0.0,-1,False,56000.0
223.29007035800976,-194.20226623294488,-0.416757501179689,-0.6472293085167372,0.1347688631546166,0.9908770627699768,0.0,-1,False,56000.0
-168.9248230462353,-21.156479998933122,0.47420752774178065,0.6063990544399132,-0.9098429803206501,0.4149527095476892,0.0,-1,False,56000.0
115.2821215548544,155.18136131270825,-0.3625843438589469,-0.8660254037844387,0.5860692188492994,0.8102609892602135,0.0,4,True,56000.0
-109.11510295708314,-129.80129290506446,0.9174813586556745,-0.1429264793799255,-0.9999924317074476,-0.003890569040377656,0.0,5,True,56000.0
64.09756214154145,4.419936492066244,-0.05456504051169786,0.8660254037844385,0.9636633907963869,-0.26711957853831014,0.0,1,True,56000.0
-16.10716917800077,-153.22385133279045,-0.05912639600344216,-0.7675263265114992,0.9398983798399606,0.3414542949998509,0.0,-1,False,56000.0
16.365817278671685,-31.75604306479602,0.38907362393452605,0.6642396463258176,-0.32997895569059976,-0.9439882884871673,0.0,-1,False,56000.0
-194.33001565646927,-281.5527133282647,-0.5516751904954503,0.5368864654509377,0.4807473094471802,-0.8768591816585949,0.0,-1,False,56000.0
122.66320304399949,158.56303419789634,-0.5938234924618544,0.7035183478969509,0.6826329163362715,-0.730761453234865,0.0,2,True,56000.0
-83.4398158170065,259.92033887120647,0.15212571845543227,0.7546193466755348,-0.5543875269743218,-0.8322586556683891,0.0,-1,False,56000.0
-23.26412081619835,-12.5509839311872,-0.3392274663220998,-0.8660254037844387,0.12215221405681853,0.992511378574887,0.0,4,True,56000.0
-85.51867055475104,95.76883501413117,0.10092393784205789,0.8660254037844386,-0.9178974475882831,-0.3968176857330594,0.0,1,True,56000.0
-154.7071651960504,-57.03845076499548,-0.4979885379292368,0.8660254037844386,-0.16506858991983808,-0.9862820897803934,0.0,1,True,56000.0
39.22106861420041,-178.4490688757766,0.5001085074321409,0.8658374633989715,-0.6046265912108223,-0.796509061593363,0.0,0,True,56000.0
-188.671891729262,30.65575001949922,-0.45606775543175654,0.6201570728839847,0.016754388205048598,-0.9998596353866432,0.0,-1,False,56000.0
-143.65279166726793,-115.44117849448838,-0.9355751434874113,-0.11158712475013823,0.9607232132279334,-0.27750839188134035,0.0,3,True,56000.0
252.2562488248118,39.764821344135804,-0.6966306548807291,0.5254511192054748,-0.08604475804005152,-0.9962912724767905,0.0,2,True,56000.0
-218.77938375701285,-216.04316582461414,-0.9041442799987611,0.16602697723824214,0.22540425943254178,-0.9742653231174945,0.0,2,True,56000.0
66.71890694382299,167.71520961460845,0.6621214400975487,-0.5852228325392502,-0.5020605796407989,0.8648324545081146,0.0,5,True,56000.0
216.92590152115793,19.183569471399753,0.5067250369586662,0.5795017942265845,-0.6843611743485122,-0.7291431841854079,0.0,-1,False,56000.0
-71.62249533404479,-161.04758261923828,0.8752953455746979,0.21599479740494257,-0.9446485178402791,0.3280841016292367,0.0,0,True,56000.0
149.71887442261897,77.14033749423754,0.7129458779970231,0.2903459447618414,0.20393345803883955,-0.9789847520221806,0.0,-1,False,56000.0
-190.28214621131457,34.72803555817098,-0.46131644052574805,0.8660254037844384,0.3630682957342459,-0.9317625301718941,0.0,1,True,56000.0
119.55718497697613,-62.4855558823352,-0.9482080103079605,-0.08970635757169548,0.8861085815636444,-0.46347770354021944,0.0,3,True,56000.0
-87.08010644547075,10.963039421632377,0.9064962500331104,0.16195324564086974,-0.3508838625278788,-0.9364189847589848,0.0,0,True,56000.0
-131.34680314656413,39.81864165558019,-0.2613376639782987,-0.7240823281775064,0.15079384131588391,0.9885652317479172,0.0,-1,False,56000.0
-8.819357637475358,370.7489808269552,-0.7577930246553254,-0.41951478724455904,0.9878514080433618,-0.15540140162263827,0.0,3,True,56000.0
238.44429542238063,-41.151173779596924,-0.7660188795389501,0.07620806245065995,0.9841014478340656,-0.17760726440812613,0.0,-1,False,56000.0
287.7784967715257,-151.22339367317414,-0.9724904752950438,0.04764789448105581,0.9973278882556273,-0.07305534413848613,0.0,2,True,56000.0
90.78529739690093,71.61848078730793,0.6644120474535857,-0.3887791452626109,-0.9990496885138462,-0.04358577612082137,0.0,-1,False,56000.0
143.36336961586787,-37.801979100029705,0.20048734935736517,0.7432344282527891,0.09731651232437313,-0.99525348350487,0.0,-1,False,56000.0
84.46297305149186,-140.0168752744048,-0.952278279922371,0.08265644379903378,0.9811349026052997,0.19332434634417214,0.0,2,True,56000.0
61.12517707084963,89.36936109268686,0.30328906488961893,-0.8660254037844387,-0.5980381363479846,0.8014676459302521,0.0,4,True,56000.0
-14.734566910461115,13.613814286335534,-0.5502852567242653,0.5383109963808113,0.9301859148869842,-0.36708876820926284,0.0,-1,False,56000.0
-181.91057467507608,-53.09924520610018,0.2487924162521551,-0.7284881098604195,-0.9828724490123959,-0.18428713729374768,0.0,-1,False,56000.0
150.24269539146857,56.259329380030806,0.6404442533962649,0.6227688212710301,-0.6896875063443952,0.7241071354378897,0.0,0,True,56000.0
143.84514672189493,115.59449724244803,-0.5396587595063115,-0.7973344173543525,0.667966020016822,0.7441917737401404,0.0,3,True,56000.0
-115.88480434981945,8.745625293968585,0.2713930582775556,0.8660254037844386,0.8133391527415024,-0.5817898440307614,0.0,1,True,56000.0
130.46252184841194,143.86160225041064,0.6658217133588367,0.3863599857807425,-0.23843852081796751,-0.9711575936941638,0.0,-1,False,56000.0
76.14549995032846,-274.24674804817244,-0.0529865789978452,0.8660254037844386,-0.9982352667848613,-0.05938309647164602,0.0,1,True,56000.0
-187.219214266229,-3.235186316889079,-0.6355279643440637,-0.6312840836941375,0.8669172467992157,-0.49845209117990025,0.0,3,True,56000.0
42.118646816878346,-84.06746061271173,-0.9755364429222602,-0.04237212379250652,0.6104653456515199,0.7920429671161375,0.0,3,True,56000.0
268.4052540485316,9.340361646919495,-0.5257641627104941,0.5622851925864006,-0.2795861369889178,-0.9601206132581558,0.0,-1,False,56000.0
108.22681160860911,-78.35311637024476,0.6799495422051451,0.3609171825330651,-0.40150075017336884,-0.915858694128,0.0,-1,False,56000.0
242.61392540455012,-92.519230493483,-0.45327688723830606,0.8660254037844384,0.4641919431319753,-0.8857346329070045,0.0,1,True,56000.0
-27.38956130950496,-32.475450981363714,0.38043578553154456,0.6692243313565258,-0.9030363123587694,-0.4295642193679427,0.0,-1,False,56000.0
165.74431573854164,-200.7914588007818,0.9731829839122154,-0.04644843437143447,-0.7263818960992346,0.6872913072481953,0.0,5,True,56000.0
42.439079756278886,144.93623138493527,0.9689918039972295,-0.053707770927851735,-0.971694746685359,-0.23623996119103513,0.0,5,True,56000.0
-240.64945918093105,37.96578183277094,0.7411042650085878,0.20822358410773986,-0.7826490976419911,0.6224631635365111,0.0,-1,False,56000.0
-356.4474348363966,98.32954042771601,-0.5462144769027564,-0.7859795817436462,0.9436554967624607,-0.33092945385651207,0.0,3,True,56000.0
32.090136365295265,-255.78923273510665,0.7596942491417389,-0.1243271507497936,-0.9841747519060537,0.17720061430555772,0.0,-1,False,56000.0
-155.638991492988,-182.5486897671954,0.08504460842751876,0.7650882348918995,-0.9793873072432763,-0.2019913424145775,0.0,-1,False,56000.0
-54.236226966227825,217.8037053990278,0.2100009223687978,0.8660254037844386,0.34156787355900825,-0.9398571102843613,0.0,1,True,56000.0
93.94308725676913,-105.89821157670943,-0.8168128162350623,0.31728950957632923,0.7973515614580551,0.6035151095374949,0.0,2,True,56000.0
-31.71663271520521,103.55073199043488,0.3375787283080919,0.8660254037844385,-0.5892822221103255,-0.8079272632511075,0.0,1,True,56000.0
-190.84096061539825,28.1245489694223,-0.6466818474230419,-0.6119649914996642,0.08933096727225129,0.9960019971294392,0.0,3,True,56000.0
6.051432086705223,-32.45917546192377,0.08818771120896834,0.8660254037844386,0.833613569248936,-0.552348094197483,0.0,1,True,56000.0
91.34994199750979,30.209542016233126,0.3908801966971425,-0.6631781543617037,0.07456419848642382,0.997216215423626,0.0,-1,False,56000.0
56.021223487003226,57.1723922592308,-0.8924323589017725,0.18631261963246412,0.94775107160174,-0.3190108247023713,0.0,2,True,56000.0
-34.8505497737883,-47.1229978934037,0.6905325135378975,-0.3402314511323517,-0.4424231212503983,0.8968064349583518,0.0,-1,False,56000.0
-24.15679341060083,-337.9228288839725,-0.9553010897774283,0.07742078354845437,0.8486893548067698,-0.5288916515102164,0.0,2,True,56000.0
-160.91225930224027,119.75564682245931,-0.24385359066258752,-0.8660254037844387,0.07079203648984395,0.9974910964862761,0.0,4,True,56000.0
53.10312695747885,79.58836107040952,0.5024105315240485,0.5832463033798975,-0.051804492922378764,-0.9986572457618441,0.0,-1,False,56000.0
-61.7970548595298,-99.89788936976247,-0.5287799625216728,-0.8161770464569733,0.7472785345981825,0.6645109417672685,0.0,3,True,56000.0
-7.658558802193154,137.72720586382275,0.7727383235511409,-0.3936287702227033,-0.6135012365231431,0.7896937588610746,0.0,5,True,56000.0
-28.181204538191796,42.943153403639585,0.756369120316259,0.1431724359805367,-0.5910667630135759,-0.806622638946062,0.0,-1,False,56000.0
231.66358017614107,255.52456233907168,-0.41261835196806046,0.8660254037844385,-0.22553165530824942,-0.9742358402633104,0.0,1,True,56000.0
6.004990375303262,-116.29415566551539,0.5082157769776039,-0.8517952606355749,-0.4985156577254298,0.8668806947915352,0.0,5,True,56000.0
-270.6805704524571,57.93993442061517,-0.9811463695944781,0.03265544576948959,0.9999991348249926,-0.0013154272906463413,0.0,2,True,56000.0
-78.82958245657112,173.6583942961233,0.12030547624983484,0.8660254037844386,-0.9651341208311172,-0.261755857254934,0.0,1,True,56000.0
-112.99105818154744,44.4534273447294,-0.21596283362018542,0.7388860853252905,-0.9388376341813105,-0.3443601263858639,0.0,-1,False,56000.0
2.594140790872928,30.56538149978673,0.647720921494826,0.4159930293292014,-0.8736490759329928,0.4865565662089904,0.0,-1,False,56000.0
-321.44676932119256,185.8112528170734,-0.3602266146820381,-0.680315646349039,-0.31322533271865843,0.949678835682291,0.0,-1,False,56000.0
209.13583885003533,146.02416913030456,-0.6840958123984523,0.5471621032496511,0.5879062432884096,0.808929075446111,0.0,2,True,56000.0
-267.32334362336627,-122.08708146736608,0.5888809482241298,0.4957941320863349,-0.9928491070531535,0.11937608899314361,0.0,-1,False,56000.0
-23.49948212810857,-268.6584270764354,-0.6613282637304237,0.394001929162657,0.07021977251390726,-0.9975315451391615,0.0,-1,False,56000.0
52.94207435587044,87.2063331201858,0.5094807468349825,0.8496042685725512,-0.5115249764500176,-0.8592684088615566,0.0,0,True,56000.0
-9.025241947135054,46.76395989470215,0.8828716645146535,0.20287222806659327,-0.17933799077174772,-0.9837875202835016,0.0,0,True,56000.0
50.25659972437708,75.47347942796911,0.5284117455967643,-0.8168148168791216,-0.9873636557455989,-0.15847085319466706,0.0,5,True,56000.0
215.3869152179242,-55.1620075224582,-0.5663706143648266,-0.7510681275749987,0.9311217739017903,0.3647084344591059,0.0,3,True,56000.0
-81.0466737720331,97.1352661859987,-0.8877265719358532,0.19446328174703195,0.9663740564807942,0.25714039542730593,0.0,2,True,56000.0
-146.0959011215299,162.2450071271573,-0.2379267358845245,-0.8660254037844387,-0.5670776909394388,0.8236643081003433,0.0,4,True,56000.0
-68.99168534057866,289.3381408546694,0.2830688328955568,-0.7158663481654517,0.46097644025683904,0.8874123739997112,0.0,-1,False,56000.0
206.57159487723726,88.65208493116094,0.5125558053540569,0.5743510590139506,-0.2992669760304852,-0.9541694173768152,0.0,-1,False,56000.0
69.37824178849989,-103.16379767735093,0.6341577786647622,-0.633657314906491,-0.6939133601137538,0.7200585036336182,0.0,5,True,56000.0
201.36176295869723,-57.32562403554929,-0.85662353173972,-0.2483353276365915,0.673421688539104,-0.739258567352949,0.0,3,True,56000.0
141.38134367659097,-105.38237754815297,0.5960618588485382,-0.699641383589261,-0.9845716302168102,-0.1749820132810933,0.0,5,True,56000.0
-117.91913698829632,199.05650646067846,0.6109767599481151,0.6738080170949287,-0.7877722686288202,0.6159666003761018,0.0,0,True,56000.0
87.89160751436027,165.0204230587163,0.15866635581124616,-0.7532712526880151,-0.9685973110312224,0.24863477042173698,0.0,-1,False,56000.0
140.6701099928332,-183.1373043689279,-0.308852175043692,-0.7051261777606707,0.715753807596498,0.6983526952126629,0.0,-1,False,56000.0
-63.833793898158504,-7.596987741614,-0.768438729764908,0.04576582993770578,0.602732481170369,-0.7979433289037471,0.0,-1,False,56000.0
283.13650040047753,44.197948899494975,0.5342193998426832,-0.8067556646523968,-0.4389129818314965,0.8985295734584658,0.0,5,True,56000.0
-126.92789974293065,29.080919056475828,0.5465977120800913,0.7853157989452544,-0.7268769153282143,-0.6867677554767692,0.0,0,True,56000.0
8.742470531449676,2.199335704363353,0.32316980631296216,0.6986800905137021,-0.8994322290046902,-0.4370602537721391,0.0,-1,False,56000.0
178.66783291857774,132.3599294249879,-0.9868576119262193,-0.022763283876575495,0.7993732278693704,0.6008347880785024,0.0,3,True,56000.0
-2.4887470302057464,101.46952444361943,-0.34500173565190395,0.8660254037844385,0.33275572864871544,-0.9430130566704918,0.0,1,True,56000.0
167.78664735902984,-50.06022253689986,-0.8703815888300241,0.22450567374275168,0.8201224684873644,-0.5721880256365348,0.0,2,True,56000.0
102.02051784143185,-163.10796161574848,0.7499744656057648,0.17358252657436443,-0.167420012076404,-0.9858856625167014,0.0,-1,False,56000.0
-79.11762119585958,23.245945595458547,-0.5677448317139902,0.7486879133056046,0.7746477836575612,-0.6323929247501886,0.0,2,True,56000.0
-306.84107509829914,-196.28395575607865,0.033172080944066526,0.8660254037844386,0.7537545707961844,-0.6571560294203597,0.0,1,True,56000.0
150.10365747851614,130.87951595251118,0.35689330542861464,-0.6820702024959233,-0.8190045179665258,0.5737870681272947,0.0,-1,False,56000.0
-65.25088897950585,-164.7941823729485,-0.5827727748013201,-0.7226587523450954,0.3769707214390208,0.9262251752016905,0.0,3,True,56000.0
-178.83729227669298,141.19035792141895,-0.2426951777037617,-0.7305420202232942,0.9974292339518076,-0.07165837883923265,0.0,-1,False,56000.0
-33.61391067679176,23.04245079867725,-0.32519629658715654,0.6977391785463896,0.2436496862972165,-0.969863304990497,0.0,-1,False,56000.0
227.9996590650833,-8.988871304095662,-0.5659818844245823,0.5217826167052627,0.9978018553257322,0.0662680730682303,0.0,-1,False,56000.0
-86.89974645909723,74.06719390361326,-0.915571558815534,-0.14623434973533567,0.8677043055306701,-0.497080715943811,0.0,3,True,56000.0
-157.19158737624986,-152.13611962605307,-0.6135491801664839,-0.46491934366041154,-0.021423769000313564,0.9997704847221542,0.0,-1,False,56000.0
-78.07208784524272,-16.92989261837991,-0.08193229422103826,0.7654277835016636,0.9352537821277006,-0.35397791317456506,0.0,-1,False,56000.0
132.24621599317402,77.45911690533833,-0.7193249601882098,-0.27416089116214704,0.9964038403612504,0.08473126290170224,0.0,-1,False,56000.0
68.53193714643585,206.84030957030987,0.768507196911062,0.044601355231590464,-0.9427244637508245,0.3335724590630489,0.0,-1,False,56000.0
-229.93623997245714,-142.60773325696076,-0.47092438397919417,-0.6089522289690783,0.8885349060494632,0.458809024247986,0.0,-1,False,56000.0
24.781031355476816,-122.79015875750217,0.5227370002285007,0.82664376417697,-0.9442658021896819,0.32918398322929715,0.0,0,True,56000.0
277.63389038788387,211.65223450377968,-0.25988987269577724,0.7246032339582573,0.8249101590923285,-0.5652638582342959,0.0,-1,False,56000.0
-433.3261856596632,279.82265287350157,-0.7417213218606789,0.20601474046737434,0.8309552160491482,0.5563393109607925,0.0,-1,False,56000.0
-60.93581229338594,31.720214669869165,0.6301545842242073,0.6405910510701088,-0.9257887008105756,0.37804137531645765,0.0,0,True,56000.0
65.85973898438212,110.63629041387713,-0.9818745419709817,-0.031394214216716655,0.9995245926863239,-0.03083161713067658,0.0,3,True,56000.0
8.87397448138626,-73.08609300664507,0.769638594254836,-0.01578058383051717,-0.7121156289475638,0.70206219881728,0.0,-1,False,56000.0
-60.469519813516214,151.65721491685082,0.9062462752572739,-0.16238621465322872,-0.9803560709145933,-0.19723583401717384,0.0,5,True,56000.0
17.305786710961012,94.07215182151938,-0.7598656864983443,0.12327502210501584,0.8422852762369327,0.5390320152218352,0.0,-1,False,56000.0
217.1715272156105,-239.29779707160577,0.5550198421334002,0.7707282417849708,-0.8096461477006675,-0.5869183209894253,0.0,0,True,56000.0
27.393041508343796,145.1310041542137,0.38882295733757577,0.6643864089818922,-0.7520798144928635,-0.6590720390306442,0.0,-1,False,56000.0
-71.86045523174663,-217.30815822349675,-0.718038277176317,-0.27751328815438514,0.7377645648462958,-0.6750581062817658,0.0,-1,False,56000.0
87.53331742633105,8.218238139679704,-0.5532379595763885,-0.7738145529068357,0.76357362229927,0.6457207781451539,0.0,3,True,56000.0
-111.86651166866156,143.23834327256859,-0.4288584214497806,0.6392754077423866,0.22396609107870064,-0.9745969372240993,0.0,-1,False,56000.0
55.51747913993355,119.23322487311343,0.38615164980364125,0.8660254037844386,-0.7032797623071615,-0.7109131985895503,0.0,1,True,56000.0
52.04510498760999,-44.346586463349425,0.7625258613902235,-0.41131727355578696,-0.7290685511172865,-0.6844406824345491,0.0,5,True,56000.0
25.84107520664561,-101.19695490566136,0.030317629852880838,0.7692031161615871,0.16185402652900624,-0.9868147111266511,0.0,-1,False,56000.0
111.94068869988311,251.55876042603032,0.039493053545052115,-0.8660254037844387,-0.4197427969347127,0.907643093082932,0.0,4,True,56000.0
-147.05449493036244,-223.53594608081372,0.7656057274326771,0.08025249351187669,-0.993281988415256,0.11571901956695395,0.0,-1,False,56000.0
165.81733521050114,-9.817786870312057,-0.7637615960938398,0.09623313839204645,0.8336588376188623,0.5522797682873626,0.0,-1,False,56000.0
49.88565843944334,45.17356991490274,0.41566557138203564,-0.6479311115853585,-0.7334244640663101,0.6797709581239533,0.0,-1,False,56000.0
-88.26638152417388,-266.94682937511186,0.5722370573678177,-0.5149148888579678,-0.8383512592490577,-0.5451304120256548,0.0,-1,False,56000.0
159.7111589396546,-3.664897333903091,0.40394624705998416,-0.6553014741924106,-0.7119081868998132,0.702272549246214,0.0,-1,False,56000.0
118.70943656448864,125.1624537987279,0.5053499184789332,0.8567590731625746,-0.14658074483154593,-0.9891987086749987,0.0,0,True,56000.0
-233.58704038448374,-6.32141295469514,-0.7331860839628295,0.23458635696869298,0.9994918684340552,0.03187483229592242,0.0,-1,False,56000.0
20.28209193561109,66.19823480022426,0.7667934675510344,0.06797330883260848,-0.9123093332619913,0.40950174656855,0.0,-1,False,56000.0
-201.9023343094197,-161.0022724561973,-0.25568310064986793,0.8660254037844386,0.5426387475392542,-0.8399661836459644,0.0,1,True,56000.0
22.867013508049315,9.53359481383099,-0.6762001916106711,0.3678938616751902,0.7652034129480314,0.6437885808340573,0.0,-1,False,56000.0
31.683876681567305,-66.2259455300954,0.5336969261404552,-0.5547613753865908,-0.9243766885505478,0.3814809794261454,0.0,-1,False,56000.0
142.62148459718023,292.31415988688025,0.6938575873257788,0.5302542131034693,-0.594187659205941,0.8043264422154309,0.0,0,True,56000.0
79.56634545112584,-273.50307429213535,0.7555161802876877,0.14760722853605196,-0.6906579677101603,-0.723181562014746,0.0,-1,False,56000.0
79.18024226839516,-13.556502641175708,-0.5606029036212228,-0.7610580956262809,0.6340265558702427,0.7733112739711603,0.0,3,True,56000.0
-9.153168376926624,6.928383423628622,-0.7616880154054669,0.11146281792720569,0.6475694200031126,-0.762006460783909,0.0,-1,False,56000.0
-187.93053796696498,-316.5000983660191,0.5535069235235842,-0.7733486936848891,-0.9874332348574213,-0.15803672579073735,0.0,5,True,56000.0
-45.899641090991516,86.94785941073802,-0.47296211652275927,0.8660254037844385,-0.5065014165953221,-0.8622391286566471,0.0,1,True,56000.0
-119.57983986588303,319.24443245428023,0.6864711775504837,0.3483531469429329,-0.9343442458311018,0.3563717585358076,0.0,-1,False,56000.0
236.02622563415014,-20.590448321324175,-0.7869415269680775,0.3690281002743334,0.948221196562598,-0.31761070887026077,0.0,2,True,56000.0
-46.36931044865909,28.30079498272421,0.7684443435592416,0.045671472982579966,-0.9046357963319769,0.42618549481946666,0.0,-1,False,56000.0
-94.7258052485753,-18.78951395990834,-0.43828057601816794,-0.8660254037844387,0.5487802605680621,0.8359666414460079,0.0,4,True,56000.0
-90.85247036221428,-95.50768217465833,-0.7670772331350546,-0.06469243385792275,0.8487810692580233,0.5287444528965062,0.0,-1,False,56000.0
64.298143519818,-44.941289777054926,0.4511103916446755,0.623772400113038,0.26330445514806267,-0.9647127882944058,0.0,-1,False,56000.0
-0.26426228060388296,40.04923235618005,-0.5672498072731595,0.7495453207881113,0.4270676893527982,-0.9042196573346999,0.0,2,True,56000.0
85.54791933581488,-122.55441266046533,-0.21088156721215284,-0.7403523196443289,0.8801547001109836,0.4746869535516011,0.0,-1,False,56000.0
-360.53078858423925,-110.0733454196204,-0.5651909609802219,0.7531113471724539,0.7833557620875884,0.6215736078726803,0.0,2,True,56000.0
78.80949290832568,-9.363939876102128,0.7420380805588429,-0.4468031508900736,-0.9822008851858945,0.18783349312542053,0.0,5,True,56000.0
-26.2997256279803,-8.439227192353144,0.9152831217816509,0.14673393733280643,-0.5845577199596418,-0.8113521257970429,0.0,0,True,56000.0
131.66125819452733,-12.3820951575684,-0.2626046869743811,0.8660254037844386,-0.9973750701430243,-0.0724083521209424,0.0,1,True,56000.0
10.774723451270608,-175.2288115695809,-0.9899367338217858,0.017430088310756986,0.9729740868712944,0.2309143267027425,0.0,2,True,56000.0
31.368718189930732,-68.18639564137526,0.6143808442324659,-0.46381976114951695,-0.8620924512295839,0.5067510291382241,0.0,-1,False,56000.0
-41.11528702717494,-106.89157999454052,0.1889889875107909,-0.8660254037844387,-0.899298782962183,0.4373347676120745,0.0,4,True,56000.0
229.70225546978318,-18.38913156575931,0.2139129022185839,0.8660254037844386,0.2555360611758779,-0.9667995249473395,0.0,1,True,56000.0
201.0695165937681,232.56409531366447,0.023667839427188975,-0.7694364340018227,-0.9529685915085919,0.3030690739710903,0.0,-1,False,56000.0
99.21602706821085,-17.226295664108456,0.40356751397161506,0.8660254037844386,-0.8780388619785896,-0.4785893405153042,0.0,1,True,56000.0
35.00692630441902,1.2415802190502843,-0.10442111712469951,-0.8660254037844387,0.45324275877385256,0.8913871221970092,0.0,4,True,56000.0
36.88099637212021,-39.96749190381387,-0.7216577761371189,-0.48210287362222065,0.9998911913946588,-0.014751453185361085,0.0,3,True,56000.0
7.737149758517643,-192.9964215208455,-0.4987220698800837,0.5864033506104114,0.024528625786339964,-0.9996991279963581,0.0,-1,False,56000.0
-172.8608056323575,-49.829089955267705,-0.5485386763415316,-0.5400906527149613,0.7106609756990663,0.7035346314275573,0.0,-1,False,56000.0
-29.878280500108204,-237.16335253601162,-0.4503908582202619,-0.8660254037844388,-0.5067954129661728,0.8620663602044275,0.0,4,True,56000.0
71.34566194217325,58.902672053507686,0.6037674541189734,0.6862949010783046,-0.973775845051547,-0.22750956813668688,0.0,0,True,56000.0
-7.32147333189124,66.89437595807492,0.578293189255129,0.7304176221079499,-0.37772393546325367,-0.9259182623632659,0.0,0,True,56000.0
83.80846105648985,31.65227642559827,-0.8374853034485641,-0.28148371140372563,0.7028350998631674,0.7113528114796334,0.0,3,True,56000.0
133.2656931810869,296.1441323131175,-0.6053945640567124,0.68347666399664,0.9975649468797876,-0.06974365029429039,0.0,2,True,56000.0
-24.367006770718465,193.04632350689388,-0.7381609030357239,-0.21842864698129008,0.7149380644414479,0.6991877888037491,0.0,-1,False,56000.0
-57.95521953545614,-175.57297035956805,-0.3954287200922809,0.6604761312256281,0.9241835132369995,-0.3819487319792818,0.0,-1,False,56000.0
-66.27843047801838,-27.08611571484622,0.7638406494929975,0.09560363368987716,-0.8476453070749432,-0.5305633170447293,0.0,-1,False,56000.0
292.22613934370116,-122.33962499073962,0.6696499756970534,-0.5721830263743167,0.06251981884267893,0.9980437226151968,0.0,5,True,56000.0
-81.09353102412682,160.19111403241283,0.4016767825207278,0.6566950243274182,-0.11850939473961364,-0.9929529310889336,0.0,-1,False,56000.0
189.8248915476472,-350.31830709816995,-0.486361884835241,0.8660254037844386,0.5170146394231226,-0.8559765549487185,0.0,1,True,56000.0
-129.30686130286418,-95.73934329463955,-0.5168049196087955,-0.8369184292048948,0.7013016605270979,0.7128646301659111,0.0,3,True,56000.0
-149.5077903471688,133.008168967946,0.6766089511154313,0.5601297273810639,-0.718514928989822,0.6955115360785323,0.0,0,True,56000.0
74.85574421314945,-170.58910941514955,0.3475308235920542,-0.8660254037844387,0.23671900330180531,0.9715781561333167,0.0,4,True,56000.0
22.58785230873504,275.13295698227347,0.011764750998095153,-0.7697104541491854,-0.9795525753956075,0.20118834965129312,0.0,-1,False,56000.0
-65.00712946832869,-123.9682592381282,-0.7789425351721327,-0.3828827604742363,0.41035909136373655,0.911924018838602,0.0,3,True,56000.0
-203.0538624338739,-103.96702060608432,-0.28522682687676215,-0.7150092655500386,0.4652497478983111,0.8851794575566241,0.0,-1,False,56000.0
15.489576695705233,-83.26482076167085,0.8370978857320552,-0.2821547385724709,-0.6815638699064287,0.7317586290832461,0.0,5,True,56000.0
39.2834599803085,18.13889182618377,-0.1607167899828511,0.8660254037844385,0.9624356963628868,-0.2715097242571083,0.0,1,True,56000.0
-43.54994774148235,106.12427063208447,-0.9802560810367072,0.034197470784946116,0.9852933766433633,-0.17087118523147948,0.0,2,True,56000.0
32.47082310104389,91.35087515191204,0.12284546740218474,0.7599352496965325,-0.37071825547322623,-0.9287453768706054,0.0,-1,False,56000.0
148.84515748442445,-237.31557941180722,-0.5428357559036335,-0.7918316981787269,0.9982714815352778,-0.05877115919406439,0.0,3,True,56000.0
-6.607059825195929,34.46368111188854,-0.5203016388835886,0.8308619337611474,0.9634871925782112,0.26775442057467136,0.0,2,True,56000.0
103.96258774590835,55.54419146348115,-0.6948444509288352,-0.5285449152028354,0.6385257283676915,-0.7696004770087922,0.0,3,True,56000.0
-58.17415358856406,-108.76897888423402,0.7312511926771341,0.4654865887567427,-0.8365241440128395,-0.5479300653214848,0.0,0,True,56000.0
-140.20612749176948,-142.20405545999634,-0.04874529520373341,-0.8660254037844387,-0.35829942883194543,0.9336067262494628,0.0,4,True,56000.0
-153.8625232139198,-389.48801313740125,0.5589983772460536,-0.5292574107453489,-0.8250057447449481,0.5651243413068019,0.0,-1,False,56000.0
-141.21783914403258,-13.82356726119464,0.7287462342124862,0.4698253040883623,-0.39739542782386417,-0.9176474671377437,0.0,0,True,56000.0
130.49365126669798,84.24548940706329,0.1091747902175193,-0.7620193290025871,-0.8954502438818588,0.4451616119248189,0.0,-1,False,56000.0
-180.30520977909222,150.51787674877912,0.9658577526114678,0.05913610716152431,-0.9983593974466805,-0.05725830533179674,0.0,0,True,56000.0
-75.41263718109124,164.91203214392655,-0.031676775838976545,0.8660254037844385,0.9848062990128491,-0.1736564235041017,0.0,1,True,56000.0
-111.36291674930096,-26.274417292320663,-0.9909691603003915,-0.015641873194731683,0.8816462810320244,-0.47191083388915855,0.0,3,True,56000.0
9.467069435322136,-99.12592946062232,-0.9055173692032825,0.16364871697268682,0.985875765873803,0.1674782799721175,0.0,2,True,56000.0
139.15927773487684,-27.53107491952067,-0.46279463237592033,-0.8660254037844388,0.7994184130869552,0.6007746672565673,0.0,4,True,56000.0
-8.339665164428247,165.35406372236116,0.6541955375486848,0.5989508984497218,-0.43142388167028334,-0.9021493414752177,0.0,0,True,56000.0
59.22045233674802,106.50166417692621,-0.6783968420490244,-0.36382731795524,0.9959998092007294,0.08935535838307879,0.0,-1,False,56000.0
-97.53661284172574,-400.4840395729123,0.7342462982490545,0.23124654829889402,0.11306209577809428,-0.9935879238889358,0.0,-1,False,56000.0
177.57979027117574,-32.65891400553698,0.8437574544082028,0.27062002726888973,-0.9706974071197769,0.24030510566900898,0.0,0,True,56000.0
-39.910324884174145,-190.26589610759373,0.41412575651819405,0.8660254037844385,0.16797265564668024,-0.9857916549427511,0.0,1,True,56000.0
71.97692773525854,17.789997392754785,0.21266884661388102,0.739840897945304,-0.9627489167748361,-0.27039697344541763,0.0,-1,False,56000.0
31.394407399001558,289.2699134545698,-0.7358402703584757,0.45753807305277855,0.5708328314391475,0.8210663058187497,0.0,2,True,56000.0
147.12819360230486,-98.85381588856295,0.48238009589409214,0.5999183575102521,-0.8075312749683105,0.5898247535902259,0.0,-1,False,56000.0
165.58507752126414,-145.15269815749946,-0.3409045021082593,0.6902004875649628,-0.46341257415328313,-0.8861426443390579,0.0,-1,False,56000.0
-188.30245063298136,247.4004353573677,-0.49161155166307835,0.8660254037844384,0.15258370541058763,-0.9882905508213751,0.0,1,True,56000.0
36.08830860963817,41.01692414557125,-0.7435226405544347,0.19941583581940794,0.939926456647839,0.3413769999474141,0.0,-1,False,56000.0
225.31053774954077,-84.38795965970898,0.621933932876809,0.4536416820894848,0.2291617431805792,-0.9733883579857053,0.0,-1,False,56000.0
34.417367147127415,-178.41299844900954,-0.03866430008990675,-0.7688287614879856,-0.1927426930362065,0.9812493333912251,0.0,-1,False,56000.0
159.60784789476781,1.0132508240093585,0.691963496654608,-0.3373115946571072,-0.836191917121684,0.5484369405319398,0.0,-1,False,56000.0
-138.94778190126945,-122.87656882054938,-0.6973495362951098,0.5242059800711505,0.016264230353765008,-0.9998677286575066,0.0,2,True,56000.0
205.39870725338616,-18.814918215806227,0.02625774588273401,0.7693524051913726,0.2501499516728696,-0.9682071068101049,0.0,-1,False,56000.0
-333.8651823220868,-139.7319905477391,0.6287159626057788,-0.44419458681672536,-0.9957309494428939,-0.09230317611652428,0.0,-1,False,56000.0
179.00472634053736,172.06007748629233,0.19519056527458914,-0.7446430257649491,-0.7347611271394099,0.6783259438089677,0.0,-1,False,56000.0
-254.86146374721753,-82.92384403363033,0.7373029908163125,-0.45500456690253455,-0.7632930625284365,-0.6460523977941968,0.0,5,True,56000.0
-81.67138608510791,260.3314253219821,-0.4607533192904477,-0.8660254037844386,0.5265965714276272,0.8501153162720074,0.0,4,True,56000.0
90.13406560135816,-42.42439916725002,0.709481039939856,0.5031935993862429,-0.8888167926988954,0.4582627074244896,0.0,0,True,56000.0
184.29360983186695,-25.99654095832549,0.7077850003306387,0.5061312261610564,-0.9858421565021068,-0.16767600443397318,0.0,0,True,56000.0
-48.89908403898249,-19.125361056924575,0.17662795729394187,-0.8660254037844388,0.9853093178389692,0.17077923813917092,0.0,4,True,56000.0
149.30290879829568,-119.92346068667887,0.27792731313502417,-0.7178781242008553,-0.9107064649321992,0.4130541547188143,0.0,-1,False,56000.0
167.81242107618425,54.13894716475236,-0.7153977899655024,0.284250936155129,0.23430568950610298,-0.9721629718645972,0.0,-1,False,56000.0
63.36961523769688,-46.077747105261714,-0.30509492558565776,-0.8660254037844388,0.9808909180451807,0.19455849222325072,0.0,4,True,56000.0
-3.538921386840836,39.68775800156602,0.5729483689592686,0.7396751224177048,-0.8574663393954924,-0.5145400633608063,0.0,0,True,56000.0
298.92284220797836,51.13787673018869,0.025043791923286096,0.8660254037844386,0.9144398860554381,-0.40472174983626497,0.0,1,True,56000.0
-31.722225671729785,-52.13235115232405,-0.034977056493278216,0.7690053303532157,0.547099534659684,-0.8370675595044562,0.0,-1,False,56000.0
-21.59746455626549,106.22057955879916,0.6000206402914132,-0.6927845729941403,-0.9997146245101424,-0.02388869063587698,0.0,5,True,56000.0
-47.00163104460864,-15.443489617953299,0.18295639317724421,-0.8660254037844387,0.834757946566736,0.5506170816850009,0.0,4,True,56000.0
2.5247045349522916,80.96260371706515,-0.8330475139335723,0.2891701883169879,0.853890892379018,0.5204520572652906,0.0,2,True,56000.0
136.26414543278665,235.71916039686207,0.5618708186524116,-0.7588620023725813,-0.9975194246351025,-0.0703917429485979,0.0,5,True,56000.0
-94.89166201536919,120.51407484847726,-0.6534391903205338,0.406951860968638,-0.016053486128352112,-0.9998711344882691,0.0,-1,False,56000.0
116.90957873335816,-59.58638799886014,-0.54095730785343,-0.7950852656410583,0.9999628247263965,0.008622596182193451,0.0,3,True,56000.0
-135.62899249697517,-43.306309068031716,0.6262484535229074,-0.44766669191794844,-0.36168988474394603,0.9322984646954443,0.0,-1,False,56000.0
-65.42936651713664,-220.35811598324796,0.4977413690839867,0.5872360020426123,-0.6453140209799239,-0.7639174132891369,0.0,-1,False,56000.0
20.969121518853793,-8.54909700196405,0.8700951102997799,0.22500186911241213,-0.960032791318217,0.2798875481214058,0.0,0,True,56000.0
-258.2748313212936,-204.97174089176735,-0.6600886962073238,0.39607512637365605,0.6969729905559259,0.7170973786281039,0.0,-1,False,56000.0
-85.94057527615279,-53.28882400081622,-0.5976094441348219,0.696960887244371,0.9506587699347557,-0.3102384617447915,0.0,2,True,56000.0
-158.23464813111704,134.85417509017174,0.8390695685014304,-0.27873968383950504,0.3049960013413328,0.952353631360432,0.0,5,True,56000.0
117.19777778308465,-12.763790287944232,0.5497881695453218,-0.5388186719301743,-0.1431346206130974,0.9897032284384413,0.0,-1,False,56000.0
-35.145717866419666,-327.8252566896879,0.12320939529995045,-0.8660254037844387,0.9684775476725745,0.24910086241089224,0.0,4,True,56000.0
-255.98869899429238,209.02245411875205,0.5743373726598576,0.7372692974363837,-0.36819944256706744,-0.9297468313970225,0.0,0,True,56000.0
-0.6373500345654026,-136.17943269869426,0.3771793730376113,-0.8660254037844387,0.7988598941742586,0.6015171398052932,0.0,4,True,56000.0
-88.60903887077912,264.02638997768304,-0.717221849078167,0.4897861246669949,0.03740993724484685,-0.9993000032997755,0.0,2,True,56000.0
-73.41009809738179,-86.76243355029371,-0.6049295199316369,0.6842821440490323,0.30491714840470474,-0.9523788808076692,0.0,2,True,56000.0
35.26105618016177,201.64764039253208,-0.729094323387078,-0.2470102431020445,-0.06198533299240949,0.9980770603983473,0.0,-1,False,56000.0
-125.25251080386536,259.93534033959145,-0.9031951711956329,-0.16767088190717075,0.2839358750155176,0.9588432712799657,0.0,3,True,56000.0
105.04279750956258,2.4567617856039683,0.22675791075320895,0.7356449160453921,-0.6421253608336761,-0.7665996484306311,0.0,-1,False,56000.0
-189.605678625256,-26.60405296254823,-0.490825951308867,-0.8660254037844387,-0.14635922060159817,0.989231509073862,0.0,4,True,56000.0
-52.71763284413274,-36.39360625752979,-0.7658047304525256,-0.0783307564697723,0.8918619337944222,0.4523077393191973,0.0,-1,False,56000.0
3.7718057072762505,-149.88424811035986,0.6620530936256275,-0.39278275651220795,-0.8704887240586621,-0.4921883595599813,0.0,-1,False,56000.0
50.842191488260745,-106.56144246706101,-0.5153515765054479,-0.8394356933007221,0.5844655476744757,0.8114185255348619,0.0,3,True,56000.0
121.32797331475862,-29.2090346215942,-0.17569173279665684,-0.8660254037844388,-0.9608548535036645,0.27705225228834635,0.0,4,True,56000.0
24.635617054822657,68.41860091878296,0.6755186170209472,0.5620182414299348,-0.7301282323724243,-0.6833101523409891,0.0,0,True,56000.0
139.2130017691581,-311.33217767102,0.7677060359823483,-0.05674535142953611,-0.9477505265414026,0.31901244402101037,0.0,-1,False,56000.0
11.245911982988398,9.90913898587748,-0.20719144591455801,0.8660254037844386,0.23270848200618566,-0.9725465348259283,0.0,1,True,56000.0
120.54777288953144,-80.14743919475649,-0.5831987045818721,-0.502465783478456,0.7160672568947499,0.6980312912777085,0.0,-1,False,56000.0
42.15012376504371,36.92185900536065,0.28937195326785853,-0.7133417590850382,0.3382834351992843,0.941044269665088,0.0,-1,False,56000.0
-181.31884513772766,141.55692610221496,-0.9489282449990911,-0.08845887449328367,0.999787866888171,0.0205966313446371,0.0,3,True,56000.0
126.441668774559,-106.84249266134415,0.7010177891688525,-0.31806705560527126,-0.9934987651195909,-0.11384289044740459,0.0,-1,False,56000.0
-3.888563284125904,278.4297744636609,-0.12817323456345808,0.8660254037844386,-0.05888943678920072,-0.9982645111562991,0.0,1,True,56000.0
196.33138529304932,103.24647559895904,0.0909877313918388,0.8660254037844386,-0.8589688695601447,-0.5120278128444099,0.0,1,True,56000.0
-61.32397271219861,146.76665896070233,-0.41561140089175896,0.6479658602437185,-0.7090971375340095,-0.7051108065692083,0.0,-1,False,56000.0
-66.8714413344155,30.884115293464653,-0.9038705787864508,0.16650104164405688,0.9126440478924469,-0.4087552346404631,0.0,2,True,56000.0
-13.217379205066813,143.20765306531626,-0.8233262589772649,0.30600789581464327,0.8534816361979918,0.5211229189668269,0.0,2,True,56000.0
-46.57936161912191,78.7805734095005,0.23721416900118192,-0.7323401058372203,0.2170548907474732,0.9761594000992787,0.0,-1,False,56000.0
-251.0948330122281,-83.48578133406697,0.7013002087563232,0.31744386872474006,-0.99096509373489,0.13412003205576423,0.0,-1,False,56000.0
10.908828009190362,13.071814271326714,0.7569865344580374,0.1398712952746307,-0.3237697565327431,-0.9461359018420352,0.0,-1,False,56000.0
246.66589036403755,-19.570454670277986,-0.8863280884626551,0.19688552617615654,0.521570374292702,-0.8532082657006602,0.0,2,True,56000.0
-101.14944501694508,-38.7590932149349,0.5352006206076284,-0.8050561404340707,-0.7731038270831176,0.6342794908785856,0.0,5,True,56000.0
207.9049476408363,193.91933276847254,0.7661897233993423,-0.0744708019953574,-0.9791538358859435,0.20312007697285106,0.0,-1,False,56000.0
27.8282008566679,168.2906885290964,-0.6150434710308085,0.6667642668800003,0.3198211557753128,-0.947477930253881,0.0,2,True,56000.0
-27.88233759232976,-10.387684627885154,-0.5604730310685135,0.7612830414860823,0.7746752355338543,-0.632359296168053,0.0,2,True,56000.0
-221.09596455603602,187.23053373158362,0.6924557850115028,0.5326822059339632,-0.02647252578091175,-0.999649541278565,0.0,0,True,56000.0
88.4525677557363,21.509726103562432,-0.7695239374721976,0.020627705880141206,0.7503426764773979,0.6610490661489508,0.0,-1,False,56000.0
32.82153407466695,171.5172009421819,0.908625290143403,0.15826563999849108,-0.5580274376012665,-0.8298224984199091,0.0,0,True,56000.0
-169.51543511064685,-30.6687762690278,-0.4684736913471388,-0.8660254037844388,-0.9686728559660541,0.2483402869332873,0.0,4,True,56000.0
-22.494610691417762,-38.31336883643181,-0.01889271446344687,-0.8660254037844387,0.5074025447885704,0.8617091490413833,0.0,4,True,56000.0
-57.88477234883077,125.26670322348919,-0.6113751172621881,0.6731180419873878,0.826619081323207,-0.5627618451814884,0.0,2,True,56000.0
169.52907936914616,-42.25253665817115,-0.620394444557098,-0.4557448033223004,0.07246927565119105,0.9973706452900388,0.0,-1,False,56000.0
-93.63966554812528,-103.64612172261603,-0.7569118133212365,-0.14027508491300278,0.7381767287497065,-0.6746073799863019,0.0,-1,False,56000.0
-80.61933905750423,-138.4783509581782,0.8066961223532149,-0.33481213738430926,0.22613123773083177,0.9740968449399674,0.0,5,True,56000.0
-21.292419185007617,-9.982182049139276,-0.7627491292623837,-0.10395363582899726,0.7414895091279852,-0.6709644609461201,0.0,-1,False,56000.0
-0.523044557646461,75.71172785881963,0.7031815502524583,0.31325436944620877,-0.06904126501377979,-0.9976138048989921,0.0,-1,False,56000.0
-50.58910010865188,-138.74560623863832,0.005934180537882416,-0.8660254037844388,0.9467146807783,0.32207345932032194,0.0,4,True,56000.0
-39.823247732988506,-179.1112710230348,0.7526269497577198,0.42846269144291804,-0.9562892811519526,0.29242231575834804,0.0,0,True,56000.0
-121.9932743266321,-27.123743041240512,-0.02146826008784583,0.8660254037844386,0.3431649413980631,-0.9392751582975739,0.0,1,True,56000.0
138.68985440824238,44.40367075361929,-0.41697450584709134,-0.6470895255419966,-0.7705927233762626,0.6373279020090051,0.0,-1,False,56000.0
-37.12433768242394,-19.542940124426103,-0.6283946010513559,0.6436394313459539,0.9753103242323261,-0.22083879062675743,0.0,2,True,56000.0
116.0045298858693,265.2001861528238,0.6090180494456562,-0.47083925924034914,-0.2927872405069808,0.9561776151928915,0.0,-1,False,56000.0
89.50559641478306,87.82329316476593,0.5530031784502064,-0.5355185124872542,0.1261054590866858,0.9920168411817404,0.0,-1,False,56000.0
89.85112332384664,-175.41989811535663,0.3711517011933002,-0.8660254037844387,0.4902659260613257,0.8715729009915367,0.0,4,True,56000.0
-184.6989338178392,58.137192207859705,0.5159283727471098,-0.8384366529045492,-0.8043384508144391,-0.5941714033349688,0.0,5,True,56000.0
106.82508619892249,-117.09364732861809,-0.6846027029239435,0.352010982416491,0.9229360050992388,-0.38495341340367983,0.0,-1,False,56000.0
18.640383502020523,46.66138274873294,0.6870022471232771,0.34730462859017575,-0.5661108271477937,0.8243291402017531,0.0,-1,False,56000.0
-32.63149996293121,-101.2968393552539,-0.7638403787861734,0.40904046263856836,0.6403302888501903,0.7680996817996393,0.0,2,True,56000.0
55.845373895395326,125.57311465596312,0.6968822161516636,0.5250154023029997,-0.7456997775084342,0.6662821037843999,0.0,0,True,56000.0
-62.57217062583282,-9.370676464819946,0.7696136213236492,0.016954836056158745,-0.7601442334353585,0.6497543723397694,0.0,-1,False,56000.0
-90.00504462742599,-159.33718236607803,-0.5478649042231765,0.7831209577704786,0.9960731782069828,0.08853374303826747,0.0,2,True,56000.0
-42.88434626866985,128.7270844735123,-0.7653839315866915,0.0823409367294971,0.5194316367841236,0.8545120096917538,0.0,-1,False,56000.0
-84.15454761774834,137.02920592066627,-0.5013727291097744,0.8636477672212807,0.6143873658194411,-0.7890045403678696,0.0,2,True,56000.0
20.56696417544863,-29.170640361135344,-0.8734384989890308,-0.21921095003317823,0.9649838480171088,-0.26230930800436586,0.0,3,True,56000.0
-47.561877869495405,203.17824194441644,0.3858900248957763,0.6660941985023812,-0.5182706711443722,-0.855216645903977,0.0,-1,False,56000.0
-210.35739401848795,-111.41501468296269,-0.6174011979716321,0.6626805640281199,0.6480555767821976,-0.7615930471066611,0.0,2,True,56000.0
225.9632516161825,32.93132199258302,-0.7675087328286468,0.059354339557922714,0.3656341335882139,-0.930758658490408,0.0,-1,False,56000.0
-22.15982751079424,-144.98251199448038,-0.8062400867602423,0.3356020142013983,-0.020452013103667954,-0.99979083570503,0.0,2,True,56000.0
390.42856506998663,111.04987527494906,-0.6355752139719874,0.6312022449379346,0.18866314524776678,-0.982041861442178,0.0,2,True,56000.0
177.8891098193823,-56.47211317857228,-0.8600076317685769,0.24247389444871653,0.9883420642798104,0.15224967643569948,0.0,2,True,56000.0
-79.30020725108459,44.39769568141701,0.472530804309052,0.6077065340866697,-0.9742969299188845,-0.22526760164340145,0.0,-1,False,56000.0
-199.0657019317852,27.212605436291998,0.4066776617688943,-0.6536098775345865,-0.6660931314084025,0.74586858111216,0.0,-1,False,56000.0
42.24007396848614,-160.21852370403224,0.022933918269856857,0.8660254037844386,0.8048292714847356,-0.5935063974052912,0.0,1,True,56000.0
-235.8954696044598,-127.64859524515403,0.580355632473067,-0.5057469055262511,-0.9598734820058501,-0.2804334119566421,0.0,-1,False,56000.0
-11.714668508737644,-64.34711941586843,-0.6509588281936556,0.41090777139077705,0.20144667790889909,-0.9794994823679636,0.0,-1,False,56000.0
5.481369527075041,-108.35754929141552,-0.41486203270262617,0.8660254037844385,-0.4110151201766949,-0.9116285268604737,0.0,1,True,56000.0
-104.64126237086259,108.53319497401264,-0.2581965704845652,0.7252083311591239,0.6670978879872322,-0.7449700717764489,0.0,-1,False,56000.0
172.62326562095149,-308.5408011526306,-0.9598324895090464,0.06957216898388818,0.9956109188293121,0.0935889860371076,0.0,2,True,56000.0
253.74555205153223,151.32835900972873,-0.47871845519672196,-0.8660254037844388,0.5324743413327496,0.8464461446671586,0.0,4,True,56000.0
53.081989981510134,125.96639334752923,0.49795673831229414,0.5870533871480291,-0.3672260154436603,-0.9301317399062745,0.0,-1,False,56000.0
-292.5296364997368,42.02643102205385,-0.40704621770706884,0.6533804169417399,0.5699749266680116,-0.8216620856346092,0.0,-1,False,56000.0
74.11198055880888,-43.95685421847706,0.05134635878708335,0.8660254037844386,-0.2192475514040076,-0.9756692632254792,0.0,1,True,56000.0
-114.93566134654054,-189.12156937442245,0.7556483738590519,0.14692898855148637,-0.9760206628643516,0.2176778942874609,0.0,-1,False,56000.0
143.91308482395738,189.44170279725284,-0.7241297309892992,-0.26120628876418256,0.4369894046166703,0.8994666532186499,0.0,-1,False,56000.0
97.33172259119338,-106.59146544333352,-0.458204270632799,0.8660254037844385,-0.8506625546095652,-0.5257121058001992,0.0,1,True,56000.0
-45.259886009019986,190.8448425970832,0.716361202064738,-0.28181415998660536,-0.9769145955484757,-0.21363022493089398,0.0,-1,False,56000.0
324.1224158420185,1.4402158506334555,-0.23224223159116686,0.8660254037844385,-0.8577364951351251,-0.5140895884113916,0.0,1,True,56000.0
-47.38403200508879,62.91937343876423,-0.6984198509132283,-0.32373184032920865,-0.1521190623747798,0.9883621759566905,0.0,-1,False,56000.0
93.42021750460117,-58.26370024188093,-0.25095812267589185,-0.8660254037844387,0.5036777151047258,0.863891636321673,0.0,4,True,56000.0
122.2126992190459,87.45138591393699,0.9786949701413424,-0.036901394171967125,-0.8785068640233724,0.47772972470158714,0.0,5,True,56000.0
-42.24673536405839,54.031759839173446,-0.6961974933094972,-0.5262013770547348,0.9598373932463942,0.2805569078200807,0.0,3,True,56000.0
-226.43593253279576,261.6435056619826,-0.875777204470895,0.21516019331465017,0.8824911707517863,0.4703289631149406,0.0,2,True,56000.0
92.85464417483553,35.66917905542139,-0.7563959923004816,0.421934518262966,0.020842801846489012,-0.999782765209876,0.0,2,True,56000.0
-62.9470023215841,10.544912947340718,0.6962252562446185,-0.32842500690371884,-0.80269498618821,0.596389771163057,0.0,-1,False,56000.0
-186.2848500822256,-45.59588849976939,-0.7604032574263405,0.11991446404834921,0.901132954728864,0.4335428443663437,0.0,-1,False,56000.0
-190.24379195844946,-130.01190158907195,-0.21837304950987502,-0.8660254037844388,0.7450075381409593,0.6670560457058802,0.0,4,True,56000.0
-41.65251971926343,119.73175326379493,-0.769789168646827,0.004150713989091569,0.9926539894362387,-0.12098783928979703,0.0,-1,False,56000.0
-143.58449686639554,-3.0094324593422046,0.15800947273910473,0.8660254037844386,-0.30272610099197483,-0.9530775979834148,0.0,1,True,56000.0
-216.79885974404044,-74.58284721725107,-0.8653375005591486,0.23324229090577048,0.6400542998127727,-0.7683296774763448,0.0,2,True,56000.0
201.74977473893347,-31.95556881507762,-0.20086657960083543,-0.8660254037844387,-0.7742397761417451,0.6328923834583493,0.0,4,True,56000.0
161.73897401812962,-30.234105984688078,-0.5364340684540425,0.5521150992269963,-0.5973077625798794,-0.8020121175901701,0.0,-1,False,56000.0
64.84340402964534,-87.44805713078077,-0.7173665929297836,-0.4895354209619115,0.8619511246840773,0.5069913792713867,0.0,3,True,56000.0
-70.2599889858729,-154.85677169601936,-0.7697787903795688,0.0057625059097854425,0.2131282264865949,0.977024236687257,0.0,-1,False,56000.0
-101.45038675906346,64.76826746401865,-0.7352404525643593,-0.22806593236506928,0.9962688244221739,-0.08630428427378567,0.0,-1,False,56000.0
14.05566524558526,34.79431116871574,-0.6085440339655274,-0.6780216220976634,0.8347152085268859,0.5506818688258783,0.0,3,True,56000.0
-18.6740899204325,17.73324084566722,0.5409808151907134,0.7950445497385326,-0.8590638589202656,0.5118684267433264,0.0,0,True,56000.0
-106.07626815932541,268.5161728234663,-0.7607437366456182,0.11773512537494694,0.99942399262207,-0.03393645489835706,0.0,-1,False,56000.0
106.29047921552507,273.32629411947363,0.5681495486943333,0.5194214886881536,-0.3817397485304391,-0.9242698547456739,0.0,-1,False,56000.0
-77.65643248020162,-50.62755811205675,0.40143313576722317,-0.6568439922087181,-0.6879591717765399,0.725749390608208,0.0,-1,False,56000.0
161.62504711310737,29.189014614345144,-0.5637873397759052,0.7555424904129118,0.06347546193566561,-0.9979833995271215,0.0,2,True,56000.0
59.21221919706125,42.847128362171354,0.5723610470951728,0.5147770627764119,-0.9799375872475855,0.19930460380746134,0.0,-1,False,56000.0
-243.41716518846485,36.75242008141883,-0.5672711513745462,0.7495083517200682,-0.3766723996997089,-0.9263465352145903,0.0,2,True,56000.0
109.1551093609169,-4.709305004999434,-0.9227924193121816,0.13372745248077542,-0.24499074346905192,-0.9695254177245904,0.0,2,True,56000.0
327.82923830832027,-27.84486217877185,0.5482689863910224,0.7824210669253374,-0.954962064115793,0.2967279159419373,0.0,0,True,56000.0
-96.05367683036499,2.6750759624185414,-0.6060864386748758,-0.6822783020055144,0.810928582228789,-0.5851451397081137,0.0,3,True,56000.0
23.974959471911177,187.17709941740728,0.9893998967180859,-0.01835991744975201,-0.9960336946484036,0.0889768460027554,0.0,5,True,56000.0
-71.7562041354702,360.82463109534655,-0.5394956216321994,-0.7976169804409533,0.5421508981936729,0.8402811455622274,0.0,3,True,56000.0
104.22597852710743,-134.34668109073428,0.6735820403414648,0.3726658389523001,-0.6808308180568925,-0.7324407124017912,0.0,-1,False,56000.0
-61.29109891928988,63.988980754326114,0.9146225763437944,0.1478780355918814,-0.9527450770878143,-0.3037709961215818,0.0,0,True,56000.0
-41.291948839389995,191.44868736462954,-0.7078239623037212,-0.30261829254235867,-0.04047332594971709,0.9991806192506847,0.0,-1,False,56000.0
110.5627959285025,271.1865878154409,0.19473823945776972,0.7447614454880709,-0.4204028999117471,-0.9073375346283565,0.0,-1,False,56000.0
67.84191878676332,-65.42267785640178,-0.7763897792893847,-0.3873042633624761,0.19485139980116883,0.9808327747353811,0.0,3,True,56000.0
95.34812623730134,-45.35497669069312,-0.3278782997993195,0.8660254037844386,0.5935892079863171,-0.8047681977823152,0.0,1,True,56000.0
-73.71440831999831,-15.791110245134435,0.9759731099564577,0.04161579430328621,-0.9995134929138593,-0.03118938093010684,0.0,0,True,56000.0
-130.17494508751392,-32.33597630403167,-0.10903099853861464,0.7620399162447232,0.9965538578314276,-0.0829482274733746,0.0,-1,False,56000.0
-52.44177436099065,173.48581824794553,0.5725627447170426,0.7403430431978706,-0.3543595087714015,-0.9351092655636509,0.0,0,True,56000.0
-38.76159220015273,140.68464698002856,0.5875478914256328,0.4973731676255618,0.32099056800473436,-0.9470823909521607,0.0,-1,False,56000.0
57.89892196441625,-24.276568087574486,0.4313693893511601,0.8660254037844385,-0.006258992039504252,-0.9999804123172913,0.0,1,True,56000.0
67.09073088001801,-207.68194521368454,-0.3137791509700629,-0.7029475350330912,0.36537402405653036,0.9308607965449847,0.0,-1,False,56000.0
200.00359608556607,68.03924667679884,-0.49571484507450847,-0.8660254037844388,-0.8044456776910757,0.594026221343722,0.0,4,True,56000.0
97.7594150665787,161.4758924660124,-0.6340871925859175,0.6337795735813565,0.3780897255422698,-0.9257689557546358,0.0,2,True,56000.0
11.9035963280682,135.01875346238754,0.46074477616971415,0.8660254037844386,0.5101966626907233,-0.8600577686288425,0.0,1,True,56000.0
49.28971559979923,22.62543443407498,-0.6352834290659161,-0.631707631220132,0.713938012493412,0.7002089076243675,0.0,3,True,56000.0
-188.56723473654674,86.23007161009146,-0.07846721427734013,-0.7657907605058619,-0.5052561640590291,0.8629694135251648,0.0,-1,False,56000.0
4.854805726431328,59.00572536643312,-0.7548636336581439,-0.15090887042522014,0.4636224271380801,0.8860328690597121,0.0,-1,False,56000.0
188.11042193852992,140.15998864599356,0.7160999725272365,0.28247729455494924,-0.9003974862847973,0.43506823222530144,0.0,-1,False,56000.0
160.7376038312123,-78.54092322163297,-0.3213779275561697,-0.8660254037844387,0.3860317421238116,0.9224854980282244,0.0,4,True,56000.0
-204.51396346607558,70.84133874790342,0.4509939758422911,0.6238565751409175,-0.9996342243435424,-0.027044731846396164,0.0,-1,False,56000.0
169.50329083351787,120.72613646703243,0.5960881782571157,-0.6995957970363795,-0.49218750840822945,0.870489205312972,0.0,5,True,56000.0
84.45688786334304,41.29352312333097,0.7681151547494238,-0.050908757958342266,-0.9922843713889073,0.12398276612908565,0.0,-1,False,56000.0
49.866654375321616,11.780411132027787,0.6221180650875009,0.6545107105308842,-0.09980090795330421,-0.9950074264905633,0.0,0,True,56000.0
-98.83587241392293,125.17428708182956,0.9762283994417102,0.04117361994419111,-0.9592396521969263,0.2825938598991236,0.0,0,True,56000.0
150.85365979108528,-54.966538126682806,-0.24476364728029118,0.8660254037844386,-0.33943040661282403,-0.940631170579763,0.0,1,True,56000.0
144.1967373358488,-216.64138888914655,-0.38388755932895124,-0.6672502786698955,-0.4157870156657667,0.9094620154813472,0.0,-1,False,56000.0
142.29141372964872,-73.0523415702531,-0.7433463069129196,0.20007213846889288,0.42233354285456204,0.9064404991942474,0.0,-1,False,56000.0
-59.535042127176574,-320.5453008938829,-0.47983991114125435,-0.8660254037844388,-0.015922311764837938,0.9998732319587763,0.0,4,True,56000.0
115.9564825327192,71.03105027764495,-0.4978885380563566,0.8660254037844385,-0.39536113742125856,-0.9185257595825249,0.0,1,True,56000.0
124.83172027691053,-53.472410473351815,0.3297928363492769,0.6955783763784578,-0.3003911709104782,-0.9538160957116621,0.0,-1,False,56000.0
304.97048633833685,161.1118101588317,-0.9863554777665725,0.023633005753300233,0.9995201079384118,-0.03097666583740133,0.0,2,True,56000.0
-46.25843739319725,-78.12995845076426,0.10260842710712682,-0.8660254037844387,0.6129645683197863,0.7901103960739763,0.0,4,True,56000.0
-238.54173705503692,-175.1616999802881,-0.3464944207211771,0.8660254037844385,0.6931008326047329,-0.7208406452484528,0.0,1,True,56000.0
-16.036191791192184,-42.26480032340935,-0.7555204315383129,0.1475854671732747,0.46782647057138455,-0.8838203400196477,0.0,-1,False,56000.0
24.25597180598468,56.002745148661056,0.5486301415951326,0.7817955277624002,-0.9999168909312286,-0.01289229343481929,0.0,0,True,56000.0
-166.4112691688475,21.58486120201868,-0.9729713783078624,-0.046814946029340124,-0.38881960250844105,0.9213139077994726,0.0,3,True,56000.0
-102.44386938763597,216.12884982555244,0.768818800076361,0.0388618738834969,-0.9994438774386979,-0.03334570212124595,0.0,-1,False,56000.0
118.69682626064872,30.652884223118964,-0.6919441193688468,0.33735134246577914,0.5798600664796509,-0.8147160875433116,0.0,-1,False,56000.0
-10.380007223877257,-23.12788367714391,0.9380246709704335,-0.10734441869500734,-0.9478337017652849,0.31876523304380133,0.0,5,True,56000.0
108.40920097122157,-49.10573784272177,0.07452254336699576,0.7661846925661636,0.8771425785917139,-0.4802300457292296,0.0,-1,False,56000.0
60.46412029801908,241.48125116891393,-0.8462815121652364,-0.26624823099246897,0.8399213391493083,-0.5427081573379958,0.0,3,True,56000.0
65.96215237195358,75.89027132568793,-0.5852943462383943,0.7182912625011685,0.43976835945668197,-0.898111234770225,0.0,2,True,56000.0
-97.81086692039649,-2.013609955003538,-0.5216188812558955,0.8285804030464289,0.9988461025170969,-0.04802565445661265,0.0,2,True,56000.0
-36.0104351992403,81.58351650086682,-0.17556117996684267,-0.8660254037844387,-0.7088004703413429,0.705409025490551,0.0,4,True,56000.0
142.45749445550706,-156.57350626682862,0.21015421122542843,0.8660254037844386,-0.7844253727966183,-0.6202232134583162,0.0,1,True,56000.0
141.54738870339983,-193.33673931918295,-0.4395652759758428,0.8660254037844386,0.10205386320031196,-0.9947788744267125,0.0,1,True,56000.0
-14.466565961576704,-15.17712667516649,-0.9125886296890574,-0.15140093453777012,0.9713279785940117,-0.23774347099331677,0.0,3,True,56000.0
39.788879338337615,143.2937758817082,0.3114032029923609,0.7040032938550009,-0.715237278504941,-0.698881703463871,0.0,-1,False,56000.0
132.6824992699096,316.6219698683551,0.6681618951267522,0.5747604575278348,-0.10332124266560977,-0.994648038661744,0.0,0,True,56000.0
124.6786714722205,-178.29003903723893,0.33307626362509335,0.6940121001842401,-0.7578151155743713,-0.6524693484038833,0.0,-1,False,56000.0
-151.88585398154441,-35.66861884943572,0.37159347726673353,-0.6741742209884696,-0.32497013727158963,0.9457242779380469,0.0,-1,False,56000.0
178.9347255974873,80.5103358701751,0.8441703073658259,-0.2699049449702309,-0.9620590632664107,-0.272841270314068,0.0,5,True,56000.0
58.70478810162649,-61.670496863171124,-0.9348274084073137,0.11288223989946922,0.12305070724088701,-0.9924003846468048,0.0,2,True,56000.0
-200.59248345086175,4.611492937638491,-0.7697947554702711,0.002937182843786343,0.8203908550422089,-0.5718031522847826,0.0,-1,False,56000.0
220.45353434308944,10.048483515501337,-0.7697928656427548,0.0033965568017975817,0.9363896553138957,-0.3509621253365532,0.0,-1,False,56000.0
13.218306335371253,129.13234890787294,-0.46611759838103883,0.6126393531859384,0.5615170112637752,-0.8274651932625244,0.0,-1,False,56000.0
3.08686134094159,-146.84470617812897,-0.6750609689685402,0.369980108611055,0.9962593318266355,-0.08641379373683289,0.0,-1,False,56000.0
93.23782384147839,5.882179440021165,0.2676990782822986,-0.8660254037844387,0.5972987343362007,0.802018841399682,0.0,4,True,56000.0
76.94430529221263,95.71169544603211,-0.43609219546219297,0.6343628217743823,-0.5920365369587758,-0.8059111234531122,0.0,-1,False,56000.0
150.16826146876045,-152.75705261737505,0.06372886935903044,0.8660254037844386,-0.9210624415246467,-0.3894149185795667,0.0,1,True,56000.0
11.07329890540208,52.55140127144378,0.9832609033704723,-0.028992965835146756,-0.9999366394843294,0.011256865296051688,0.0,5,True,56000.0
70.67011426437708,-253.83798404599216,0.20491492784003965,0.7420259193187955,-0.799398641426068,-0.6008009754368205,0.0,-1,False,56000.0
-121.3565691265674,-194.6281172606408,0.4375655368442951,0.6333474508978117,-0.9123178106795625,-0.4094828596125166,0.0,-1,False,56000.0
-91.53340007628464,21.159513848927475,0.705486954012747,-0.30802719086211944,-0.8815171963616412,-0.47215191677925983,0.0,-1,False,56000.0
-155.43097002537277,140.12506391324587,-0.5742384290306933,0.7374406728291816,0.3051916857790613,-0.952290940275542,0.0,2,True,56000.0
19.71560117105333,-105.73076581091975,-0.5443924111969931,0.7891354921207571,0.1968882710996363,-0.9804259322881104,0.0,2,True,56000.0
-9.863769562631424,111.50218552493122,-0.2499721591817684,-0.8660254037844387,0.12309248308877563,0.992395203841026,0.0,4,True,56000.0
4.081979979088174,-64.81034161610813,-0.99170171782469,0.01437304634318058,0.9999154107501762,0.013006588479752373,0.0,2,True,56000.0
-80.02374888571771,49.26479669300283,0.02982916710887884,0.8660254037844386,0.8697480508367842,-0.49349602639258944,0.0,1,True,56000.0
46.96262568686512,-158.4314615445891,0.14956497381694522,0.7551310556451303,-0.8694429463981462,-0.49403336219137206,0.0,-1,False,56000.0
38.38226726299065,-131.75342126357876,-0.5573991907341556,0.7666070891195444,0.9934411151867283,-0.11434487595095481,0.0,2,True,56000.0
-102.0278399008635,144.77786841355297,0.7960535030343345,0.3532456947702249,-0.8836469614619822,0.4681538716048092,0.0,0,True,56000.0
-87.91101081216273,58.5199851654604,0.7403923458896627,0.44965364695287163,0.19502166233526497,-0.980798935164379,0.0,0,True,56000.0
31.661942914640445,-42.84553025177594,0.26980545503790854,0.8660254037844386,0.9028501031436205,-0.42995545263823354,0.0,1,True,56000.0
73.11190209747453,249.75822268632504,-0.5152245365807948,0.8396557329048111,0.7964114852895876,0.6047551125029051,0.0,2,True,56000.0
-67.55309317528113,-10.744224436417463,0.776207386032097,-0.387620177751056,-0.9054930666295199,0.42436105651370915,0.0,5,True,56000.0
120.2193185497236,-35.47644137880605,0.8003225527382325,-0.3458514837830364,-0.9875700219498604,0.1571796798113727,0.0,5,True,56000.0
-165.1845447803431,-374.3375050687727,-0.4463790477720119,0.8660254037844385,-0.16295925965897734,-0.9866327988116926,0.0,1,True,56000.0
20.929050932485392,142.74667037723296,-0.8864083064212167,-0.19674658459624794,0.7692804616542384,-0.6389112389969771,0.0,3,True,56000.0
36.583094386039434,107.4374436210651,-0.9450952401456497,0.09509783364510291,0.9970904925289994,-0.07622696181751185,0.0,2,True,56000.0
-158.75660045926176,59.07835160037691,0.5150640732248257,-0.8399336635901027,-0.7996300834915067,-0.6004929055159864,0.0,5,True,56000.0
279.85488455803056,126.15766385263616,-0.7175723318994836,-0.4891790706132945,0.9886651002697806,-0.15013766851822113,0.0,3,True,56000.0
268.046985176019,144.09839084576,0.5187373456484564,0.8335713691223328,-0.9934928969306172,0.11389409004909329,0.0,0,True,56000.0
37.90627957765314,239.78985500424915,0.2929374033160674,0.7118850120146034,-0.2611590137819643,-0.9652957937959197,0.0,-1,False,56000.0
-93.11474004589347,-26.64817105450169,0.9707372500705556,-0.05068456964698025,-0.9109883294714903,0.4124321320731361,0.0,5,True,56000.0
-18.154984954424823,-398.49337108944525,-0.6003355985720965,-0.6922390492497321,0.9996326809006382,-0.02710172088724222,0.0,3,True,56000.0
-163.78502976329565,-30.752507423406165,0.12037085381643509,-0.8660254037844387,-0.9731909119322721,0.22999880202283524,0.0,4,True,56000.0
-61.55480752985695,35.111875959804586,-0.3978423775056209,-0.8660254037844388,-0.8634960249619131,0.5043556432465269,0.0,4,True,56000.0
87.66038119546491,37.84297898636308,0.35399747651627644,-0.8660254037844386,-0.983738322165401,0.17960766548999263,0.0,4,True,56000.0
29.25887343452218,-28.31753756611523,-0.3101346890945819,-0.7045630328173622,-0.2764482829275674,0.9610287960649615,0.0,-1,False,56000.0
106.19676086880746,-124.29715577266799,-0.3734636480529885,-0.6731400271678589,-0.6314494683666751,0.775417029023164,0.0,-1,False,56000.0
215.50911344380202,-169.49028994955682,0.4991270649392746,0.8660254037844387,-0.3720286340936944,-0.9282212534810832,0.0,1,True,56000.0
50.228461034189074,49.062627410115184,0.723106571397498,-0.47959348662147894,-0.7330690196871621,-0.6801542563084938,0.0,5,True,56000.0
286.30709399340645,-227.95137958683497,0.8023776604464256,0.3422919328174198,-0.8936035014614239,-0.4488571957487394,0.0,0,True,56000.0
269.3480718651561,-267.1050471142687,0.13452079483764767,-0.7579556374543565,-0.7390223059728642,0.6736809565916367,0.0,-1,False,56000.0
87.06803382671428,-44.81291351369281,-0.7044223853501808,0.3104540152907574,0.4375182376383884,-0.8992095371677469,0.0,-1,False,56000.0
9.093465209920186,55.0887300136381,-0.6861763731623419,0.348933485791156,0.16629417447050315,-0.9860761874910602,0.0,-1,False,56000.0
-189.41812003434504,169.78982931849592,0.5514909629613425,0.7768404398047463,-0.7435415446276796,0.668689742266438,0.0,0,True,56000.0
-287.4854486615956,150.97191231614156,-0.859366019835809,0.24358519891501287,0.9305985997462825,-0.3660413175446774,0.0,2,True,56000.0
-112.63890891191406,-174.45951324164358,-0.2782282598825123,-0.8660254037844387,-0.5188707718737964,0.8548526902892318,0.0,4,True,56000.0
-150.13575492071925,-52.089764790930396,0.7449106732034638,-0.44182767448014165,-0.9822830681072087,0.18740323932502845,0.0,5,True,56000.0
94.79450987843897,-72.32710503020105,-0.4355109570508247,0.8660254037844386,0.15791274015000129,-0.9874530705294311,0.0,1,True,56000.0
-64.59249279100351,-142.17790712512107,-0.9421029214929084,-0.1002806815840869,0.9996236342935814,-0.027433369486629118,0.0,3,True,56000.0
68.77344720167706,-70.28206674435057,-0.8839984454806783,0.20092058618443637,0.945187841624456,0.3265270954223201,0.0,2,True,56000.0
289.30467389650875,-97.11796853166081,0.006334490582087959,-0.8660254037844387,0.8585266628749384,0.5127689237194415,0.0,4,True,56000.0
306.17355419241676,95.88170247867313,0.9166096694565138,-0.14443628936128008,-0.8915242530051013,0.4529729642080004,0.0,5,True,56000.0
58.066178553370655,26.976048120607466,-0.7639016495507724,-0.09511499569574275,0.8692587926071951,0.49435731154171214,0.0,-1,False,56000.0
10.33330597769464,24.4787088949099,-0.6043159688543238,-0.6853448456879778,0.28103618267921665,0.9596971730836881,0.0,3,True,56000.0
74.74048492231834,-94.30658049955976,-0.9242970616839564,0.13112133544564067,0.8617705680942264,0.5072982238942206,0.0,2,True,56000.0
-3.7436160226402837,94.32117081869511,0.5350462042943523,-0.5534601628507679,-0.9219512751861054,0.3873058819361568,0.0,-1,False,56000.0
-86.05884328174835,-10.186750392699938,-0.2886673021856836,-0.7136272004635414,-0.8382165639249058,0.5453375028011826,0.0,-1,False,56000.0
-94.1118620332581,-165.98991312958685,0.7686734823066034,0.40066928178294425,-0.8546917214340917,0.5191358794300939,0.0,0,True,56000.0
-286.43027032246715,-1.269264755540838,0.36615422201829406,-0.6771437648614732,-0.9340868574347105,0.3570458552725457,0.0,-1,False,56000.0
194.18576812104823,-150.40712474846,0.8954514780024017,0.18108335195607284,-0.4068954966490888,-0.9134747149245486,0.0,0,True,56000.0
-66.77118373371339,-148.50349840048924,0.7574383686248836,0.42012906950849493,-0.9067286978021805,-0.42171443961715976,0.0,0,True,56000.0
120.6950529878941,-0.2199805839566835,-0.7027311088664577,-0.31426355376325643,0.7811368343973145,0.6243598689437146,0.0,-1,False,56000.0
-36.64476794640644,-200.37360102719686,0.1545217657808543,-0.7541323600619185,0.6963279261433493,0.7177237764436428,0.0,-1,False,56000.0
-54.49730293657577,144.51001539166467,-0.7328909405477478,0.2355068191276632,0.9880034593004567,-0.15443174676881904,0.0,-1,False,56000.0
171.22659079368148,-12.713172154724914,0.30709689932025286,0.7058924047051922,-0.9926676369308777,0.12087581474268744,0.0,-1,False,56000.0
-102.83959392942648,181.49062352372775,0.739279541782234,0.4515810802058092,-0.7709911847352569,0.6368458157671486,0.0,0,True,56000.0
-84.52281382297157,78.21816211497996,-0.239208246210024,0.7316911968431197,-0.17198246495647787,-0.9851000110379957,0.0,-1,False,56000.0
-81.47297154046032,-49.89275187442848,0.7772418461729257,0.3858284402287364,-0.9832334859531023,-0.18235106827243996,0.0,0,True,56000.0
47.83982189511484,30.56435849945933,-0.2959984976550991,0.8660254037844385,0.687276698352038,-0.7263957185322574,0.0,1,True,56000.0
56.06365684884499,-99.57069205352204,0.7834130230740599,-0.3751396482934763,-0.859803951190647,-0.5106242899789514,0.0,5,True,56000.0
-199.656751942082,-6.124409789461216,0.3622065707609949,0.8660254037844386,0.8543582619822009,-0.5196844813754194,0.0,1,True,56000.0
-116.73046680532924,198.38511285084954,0.848088168953001,-0.26311900964422136,-0.9963989416641216,0.08478884979951556,0.0,5,True,56000.0
-143.11871183800602,105.32275208098005,-0.5887222184331148,-0.4959826026341895,0.9864365261960839,-0.16414316856263472,0.0,-1,False,56000.0
83.70596178776337,-151.9629142370343,-0.5447844157056007,-0.7884565203950527,0.6461634899085134,0.763199020117834,0.0,3,True,56000.0
-66.5580723848663,-228.20072675492898,0.3990377914007741,0.8660254037844386,-0.3103910574965832,-0.9506089582083395,0.0,1,True,56000.0
-181.2272634488,-97.6311069547589,0.9670399310696174,0.057088514008395805,-0.8013759946987891,-0.5981609441614679,0.0,0,True,56000.0
-34.73973711135566,69.91244600164133,-0.9961478946888048,0.0066720421150961015,0.45034179341427993,-0.8928562421263458,0.0,2,True,56000.0
-97.537798328946,145.81792238734823,-0.7487694511679084,-0.17870898575701705,0.7227816416234942,-0.691076478062767,0.0,-1,False,56000.0
-6.9010328802669685,191.9798808229999,0.76923396182077,0.02952464350529392,-0.8606243762931165,0.5092402997895015,0.0,-1,False,56000.0
55.23871712553659,-135.6292980414389,-0.09309846353152904,-0.7641500302170123,0.7602590398856459,0.6496200368460195,0.0,-1,False,56000.0
153.96850486886902,57.472631240391664,-0.7249647076492033,-0.2588798278269233,0.8516314881966275,0.5241410194895539,0.0,-1,False,56000.0
-7.734891250025678,53.13293876209252,-0.7686431187088556,-0.04219417796469502,0.9828050896258664,0.184646028403062,0.0,-1,False,56000.0
6.17803413369097,10.470630700591967,0.24993835349470445,-0.8660254037844387,0.39827735843130396,0.9172650357233877,0.0,4,True,56000.0
-78.9710929928745,76.59997572356444,-0.6154470718734417,-0.6660652097145818,0.6409832465298699,0.7675548694834062,0.0,3,True,56000.0
44.404189123161245,136.68478995628413,-0.4057240290424441,-0.8660254037844387,0.5369385680466,0.8436213452394218,0.0,4,True,56000.0
-50.618233270759944,-66.74567413135959,-0.4606248325423346,-0.8660254037844386,0.4147164174177346,0.9099507091726416,0.0,4,True,56000.0
-74.54381621293406,59.132031057728845,-0.3750261867522723,-0.6722707429619723,0.027470505412019064,0.9996226144561036,0.0,-1,False,56000.0
70.33211805241227,-213.05511007573588,0.6277802423064901,0.6447035319061357,-0.7981669738683093,0.6024362886027307,0.0,0,True,56000.0
-23.42567761065113,-24.693958871436873,0.31949717206577305,0.8660254037844386,0.9171687453642985,-0.39849904959299665,0.0,1,True,56000.0
-350.72462148891395,-45.17964629839211,0.4454930273869236,0.6277965873929438,-0.1240190437526803,-0.9922798379420429,0.0,-1,False,56000.0
56.29310078226646,-93.65133681279019,0.5709360236693117,0.5163570949152025,-0.12921107792886422,-0.9916171122666619,0.0,-1,False,56000.0
-129.8772713268742,-12.87263492367321,-0.9762050280842343,0.04121410032278111,0.9987340362807585,0.05030233368256774,0.0,2,True,56000.0
-208.16187733169946,287.9668769451798,-0.8482407647552003,0.2628547059617907,0.7974339654503719,-0.6034062236551542,0.0,2,True,56000.0
204.70192589835645,72.79213543672887,0.7235514124680065,0.26280400702452206,-0.9832173890860547,-0.18243784091687837,0.0,-1,False,56000.0
-42.8182580922888,-224.3835171235453,-0.5135735412604208,0.573441200394446,-0.06791728000253738,-0.9976909556954938,0.0,-1,False,56000.0
109.56461032598918,-320.98487852187884,-0.44539467912616854,-0.8660254037844388,0.4492151566319455,0.8934236078433198,0.0,4,True,56000.0
-276.2743776652037,-40.607963263401516,-0.9419312215536684,0.10057807460250712,0.29342304119885343,-0.9559826980093713,0.0,2,True,56000.0
87.90843236629257,-61.55153757525398,0.44205029094944637,-0.8660254037844386,-0.737881266431501,0.6749305420923472,0.0,4,True,56000.0
-182.76253897066377,85.78311628830194,-0.37615399730028215,0.8660254037844386,0.3141830134259949,-0.9493624355713978,0.0,1,True,56000.0
-103.47212991825148,271.8619665959016,0.5239678514049756,0.5639594695424892,0.04734920024554118,-0.9988783976219204,0.0,-1,False,56000.0
-114.52731665610958,101.66796109439996,0.6003750906313141,-0.4818115224255577,-0.8769463718667754,0.4805882446223869,0.0,-1,False,56000.0
-6.891741593703515,145.70680184795134,0.7688576529661775,0.03808545743369057,-0.19587888839088047,0.9806280951933013,0.0,-1,False,56000.0
12.697858997072558,36.33845025800751,0.07077174030895644,0.7665402490190806,0.9665212600986507,-0.25658654247040313,0.0,-1,False,56000.0
-191.16066891841234,-272.33337946372205,0.6915482938830294,0.3381620171161501,-0.14039778328277594,-0.9900951784798062,0.0,-1,False,56000.0
-119.50522301675203,-6.254305933169061,-0.7632510195538413,0.41006126277287747,0.8621569040019507,-0.5066413651502382,0.0,2,True,56000.0
85.24159909775008,223.6573774397212,-0.8582933273874161,-0.24544315673652414,0.5261739823881779,0.8503769401021202,0.0,3,True,56000.0
-154.06920014207563,121.44463702362773,-0.9200854431582205,-0.13841607271431308,0.06660794663816805,0.9977792248009432,0.0,3,True,56000.0
148.89300922117118,140.16798362477803,0.9409466994905262,-0.10228331683704132,-0.6998020520533418,0.714336816873937,0.0,5,True,56000.0
-171.97522294717803,-341.7695410709933,0.8412472529233133,0.2749678237779532,0.1296284073922983,-0.9915626435059159,0.0,0,True,56000.0
-176.58050587445553,114.27801505385641,0.45907014723495104,0.8660254037844385,0.1007990298020115,-0.9949068074903167,0.0,1,True,56000.0
-135.5105616546517,28.085452225945012,0.3817440913857229,-0.6684789011514732,0.18556490268706688,0.9826320099051828,0.0,-1,False,56000.0
-18.13612902510602,199.94569216371633,0.7742754333069984,-0.3909664180287481,-0.997626829158291,-0.06885281216562178,0.0,5,True,56000.0
187.55417661553335,125.73046309302993,-0.3574289223420569,-0.6817896728947925,0.528594387146759,0.8488745336482918,0.0,-1,False,56000.0
-148.01158241862515,38.66932606679191,0.8639745464177552,-0.23560299672704987,-0.9461180624935965,-0.3238218828660296,0.0,5,True,56000.0
-64.18882671582675,-17.30082340948536,0.7614489724491784,0.41318249991578626,0.11359937838032463,-0.9935266384104773,0.0,0,True,56000.0
179.51372228538494,13.532672976040153,0.5807418648355843,-0.7261763915913477,-0.432136771332846,0.9018080787294596,0.0,5,True,56000.0
-65.43140694472099,-44.451330098386066,0.22480310376325205,-0.8660254037844388,-0.6291255854768404,0.7773036714811369,0.0,4,True,56000.0
69.64095251749237,148.58457650139889,-0.884178128870692,0.2006093654236569,0.12011233148804457,-0.9927603073371101,0.0,2,True,56000.0
-30.21330972167325,103.29308679126693,-0.8876228476308504,0.19464293751327635,0.993308703389967,-0.11548947904189683,0.0,2,True,56000.0
17.05214633361997,-88.15394810583868,0.47132233603814855,-0.8660254037844386,-0.634328271924863,0.7730638029531184,0.0,4,True,56000.0
82.31413959630258,-209.16925845013046,0.05436941744289421,-0.8660254037844387,-0.11495956948569626,0.9933701713778803,0.0,4,True,56000.0
122.06447690872395,0.37064476594703083,-0.8292806988849866,0.2956945033638535,-0.2018484775650915,-0.9794167611922238,0.0,2,True,56000.0
93.09988020575094,57.17100970337401,-0.28144273600215974,-0.7165072078801518,0.4315597242065876,0.9020843665879283,0.0,-1,False,56000.0
-8.334049197000851,-54.75574171017765,-0.3717265365089972,-0.6741008638531903,0.6879573705775786,0.7257510980134225,0.0,-1,False,56000.0
20.66762203053031,230.19597403911658,-0.2051093267736679,0.741972207473464,-0.7599339726656031,-0.6500002747601805,0.0,-1,False,56000.0
-53.749663197332,34.1311925607514,0.8270881688779762,-0.2994920767331145,-0.9595814386371473,-0.2814310974690831,0.0,5,True,56000.0
-109.44507732512609,-125.1555326946599,0.7587867556203111,-0.4177935947241492,0.037459968228963914,0.9992981290785726,0.0,5,True,56000.0
-211.4748643935283,-8.830946131441,0.6856966832099753,0.544389313667739,-0.21181548928305644,-0.9773096737981328,0.0,0,True,56000.0
-116.09103710396231,-31.626001334184096,0.5790247969383415,0.7291504404294175,-0.6766843117949044,-0.7362732795439216,0.0,0,True,56000.0
-105.72897827949872,-101.17218415326958,-0.6459937103621862,0.41867017897754333,0.9662438025523052,-0.25762941219666174,0.0,-1,False,56000.0
220.68865355750776,188.0600579107421,-0.5617896967235262,0.5262935770536069,0.7785725450050853,-0.6275546128935319,0.0,-1,False,56000.0
-43.738989386435776,-144.8061853563026,-0.5178135209284399,0.8351714804746894,0.061844686341885835,-0.9980857852764484,0.0,2,True,56000.0
-83.58236424772896,181.98013637472175,0.9094442924170683,0.15684708644898834,-0.6128070503673764,-0.7902325727402246,0.0,0,True,56000.0
-218.16822522270542,-204.8948860304593,0.4542534463447231,-0.8660254037844386,-0.27430340767857697,0.9616431981435283,0.0,4,True,56000.0
-82.98038812768816,158.79975204875825,0.9670376461610756,-0.0570924715860798,-0.8845317184165324,-0.46648005221528566,0.0,5,True,56000.0
-61.94428531602364,77.74930516528958,-0.14724597728421862,0.7555866692618444,-0.3070353726897976,-0.9516981033483927,0.0,-1,False,56000.0
-202.4459788803741,-179.7428325092761,-0.14674584262457677,0.7556839618947827,-0.1991548249390656,-0.9799680381028489,0.0,-1,False,56000.0
54.61105389441255,159.837367003445,0.28296519315903873,0.8660254037844385,-0.4696003557807712,-0.8828791003586736,0.0,1,True,56000.0
0.6419723232154191,-187.87202479880642,-0.7329276805330267,0.23539245463920438,0.44497396406083817,-0.8955435060942678,0.0,-1,False,56000.0
-33.09432303192092,28.340265228913555,0.17726433368903702,0.7491127742832677,0.10061757601747498,-0.9949251747724194,0.0,-1,False,56000.0
60.15135178199683,19.14692041184544,-0.2734068384064846,0.8660254037844386,0.6687938100718538,-0.7434479400799705,0.0,1,True,56000.0
171.42504686542492,117.72244300028129,0.06758599349600261,-0.8660254037844387,-0.307571186647187,0.9515250733133781,0.0,4,True,56000.0
333.19425476620023,124.54989215526935,0.30602487599450134,0.8660254037844386,-0.053995793221736976,-0.9985411630543204,0.0,1,True,56000.0
60.66924291846727,-127.72885670980192,0.9605742709147597,-0.06828736590108228,0.3949611409718994,0.9186978268842437,0.0,5,True,56000.0
34.522992620889475,16.22589708733874,0.6403253225408801,0.6229748155551439,-0.9267759458941472,-0.375614624464432,0.0,0,True,56000.0
190.0743129656812,177.3863932074131,-0.44888801617463503,-0.8660254037844387,-0.9965016369681405,0.08357324643369043,0.0,4,True,56000.0
75.73178589822268,204.60210045210738,-0.5058509642302287,0.8558912364644143,0.882031177365862,-0.47119104634347125,0.0,2,True,56000.0
-43.53332448497727,40.579325861020635,0.39577599220610105,-0.6602680944781965,-0.7385189047863264,0.6742327693556,0.0,-1,False,56000.0
-203.74471403729012,4.799908749762182,-0.8759281578861835,0.21489873432979448,0.9993142945758018,-0.03702621579653215,0.0,2,True,56000.0
42.425124069206994,-83.40585736906864,0.5724608405985304,-0.7405195463086349,-0.3301160214622833,0.9439403648396114,0.0,5,True,56000.0
112.77548864905484,186.98937129818793,0.628191862689845,0.643990584488734,-0.571965862906623,0.8202774236007949,0.0,0,True,56000.0
-71.42211464041645,-185.32054809325027,-0.361755908267158,-0.8660254037844388,0.8169112364303881,0.576763410588276,0.0,4,True,56000.0
125.36974089927531,150.74092407816323,0.1419525885236373,-0.8660254037844387,0.9423519839782016,0.33462327816824666,0.0,4,True,56000.0
-122.88683431381789,-155.26284867598707,-0.29221144707382607,-0.8660254037844387,-0.9979544962676823,0.06392826744678763,0.0,4,True,56000.0
-97.75551199583057,113.56337059883876,-0.21333441136190662,0.7396492557431943,0.14175445128890657,-0.9899018514677783,0.0,-1,False,56000.0
-207.6646113124734,77.25761933317692,0.4607812885682572,0.616662952266446,-0.792139410639397,-0.6103401953922362,0.0,-1,False,56000.0
111.10197920472619,-38.675020388317556,0.03039692630631622,0.8660254037844386,-0.0031158544261135693,-0.999995145713615,0.0,1,True,56000.0
127.08130024172391,-74.8879924809868,0.3958215829980493,-0.8660254037844387,-0.20811549559929515,0.9781042584975324,0.0,4,True,56000.0
-16.43558473148588,-149.76956323862274,0.9713762946358837,0.04957771199153175,-0.962969239712361,0.2696112819734513,0.0,0,True,56000.0
76.42137353270721,-204.71381366760875,0.7176701560706731,0.27846389295218893,-0.6791108499633519,0.734035730371259,0.0,-1,False,56000.0
-234.3230189097897,139.94813888234702,0.56158941843381,0.7593494018484603,-0.41423722236170957,-0.9101689533321737,0.0,0,True,56000.0
-217.91699472823063,139.95214906778696,-0.5963655297398496,0.48676559813805753,0.7969693366205274,-0.6040197649798702,0.0,-1,False,56000.0
125.88539406450893,-62.08853457213645,0.4616596248761452,0.8660254037844386,0.591297289889332,-0.806453665729836,0.0,1,True,56000.0
186.66329965996815,-37.56165303678423,-0.806797256499936,0.33463696790380865,0.917137672205916,-0.3985705586471979,0.0,2,True,56000.0
52.86944630820026,-130.02826496532427,0.7234398202037101,0.26311103955595616,-0.8598783081987952,-0.5104990647287068,0.0,-1,False,56000.0
124.27700224378344,-135.22717093924788,-0.7392430847705455,-0.2147376404162074,0.8990135624790531,0.43792078562037867,0.0,-1,False,56000.0
-121.44003277210781,29.44957844855076,0.5290382952073042,-0.5592057535440258,-0.6513453892152153,0.758781380865211,0.0,-1,False,56000.0
-87.68789832195725,-94.2982582552616,-0.9931703587294884,0.01182928567799534,0.40797591688354,-0.9129926895888474,0.0,2,True,56000.0
121.81528281157354,-166.09722499447213,0.5378893272457951,-0.800399163930118,-0.8894163415069892,-0.4570979889039432,0.0,5,True,56000.0
-43.61696689386528,256.3131678231694,0.7049730893942138,-0.5110015987693026,-0.04364921867246821,0.9990469186724344,0.0,5,True,56000.0
27.973029413466246,-48.35312032775198,-0.6801671175006542,0.36050698309941764,0.816050861050544,-0.5779800966973035,0.0,-1,False,56000.0
-202.7607490337339,7.421419087576881,-0.15801136698160745,-0.8660254037844388,0.8773195840664543,0.47990660280223496,0.0,4,True,56000.0
-90.01426987849244,-27.212067018723662,0.3645603965452794,0.8660254037844386,-0.7694946083091594,-0.6386533079713945,0.0,1,True,56000.0
102.55107255710142,-44.88165587495443,-0.584861085493733,0.7190416921238472,0.3593256666636536,-0.9332122294935514,0.0,2,True,56000.0
-128.06400347528205,-214.72333346052793,-0.7263739334086314,0.2548990024638493,0.9957003747346578,-0.0926324119998253,0.0,-1,False,56000.0
165.65463883606654,-61.24966345057563,-0.006040168936435539,-0.8660254037844387,0.49357742276782657,0.8697018614062579,0.0,4,True,56000.0
36.86639447831653,-14.784560083943747,0.7281350480281992,-0.24982382677712,-0.8626108670831767,-0.5058680578862983,0.0,-1,False,56000.0
186.55410203449728,158.2088277639407,-0.42918007209644204,0.8660254037844385,-0.35085018996863654,-0.9364316014524579,0.0,1,True,56000.0
182.5248807088499,-157.35497191062686,0.24902522551450343,0.7284085595667057,0.11774283194949853,-0.9930441206332109,0.0,-1,False,56000.0
3.9940290832369385,133.31371645344652,0.5210992252349316,-0.5666111453652728,-0.3254082653965568,0.9455736146970062,0.0,-1,False,56000.0
80.59395689794178,-73.78447513548272,0.755596517262789,-0.42331924964763257,-0.9301845299994178,-0.3670922774310497,0.0,5,True,56000.0
179.71730320869008,-1.60322472117033,-0.36458232854518996,-0.6779913851260645,0.3116443659065,0.9501988156161049,0.0,-1,False,56000.0
382.7812858501314,47.67946213800212,-0.4620960666847712,0.8660254037844385,-0.8616186034690659,-0.5075562847168525,0.0,1,True,56000.0
33.855380015913056,-22.262040614478074,-0.6001575714419295,0.48208244319153304,0.3842580634711906,-0.9232257257339834,0.0,-1,False,56000.0
145.51122158607177,-24.92484081938905,0.5175156618739081,-0.8356873874906329,-0.5197234404742639,0.8543345629326374,0.0,5,True,56000.0
-39.879574686456074,98.63319654415606,0.1922532650934683,0.7454067846843715,0.022246359286210243,-0.9997525191257346,0.0,-1,False,56000.0
-17.065214761679364,-11.400689679569286,-0.9050305279831334,-0.1644919507012034,0.9785351166918179,-0.20608014314979461,0.0,3,True,56000.0
23.87868753010236,203.60902335768807,-0.43649097218671074,-0.8660254037844387,0.07849323740976366,0.9969146461360425,0.0,4,True,56000.0
-326.68610810189557,37.014561281974274,-0.4652425176324243,-0.6133041597605838,0.9955646483843194,0.09407991755457085,0.0,-1,False,56000.0
-185.90109275623968,83.65937703152245,0.6963017702853378,-0.5260207640345189,-0.08102120909040916,0.9967123776080651,0.0,5,True,56000.0
-180.85312589793293,32.27028165190828,-0.5939823918102396,0.48967081882830144,0.3250040428406767,-0.9457126266138307,0.0,-1,False,56000.0
202.9616141540702,164.08964138624373,0.6314151635522733,0.44034927481358266,-0.9975902190170127,0.06938122888235998,0.0,-1,False,56000.0
21.623650741289953,311.42480877568323,0.6890099629567823,0.5386505448065804,0.19451472607630516,-0.9808995979911233,0.0,0,True,56000.0
191.78729133560134,-112.46557626392787,0.18730239554953249,-0.8660254037844387,0.5234188288640458,0.8520755421852118,0.0,4,True,56000.0
76.03343258728678,-186.92781656687484,-0.693862244151794,0.33338833022952163,0.1031389608604491,-0.9946669567007547,0.0,-1,False,56000.0
-86.17939377467306,-204.86167793521415,-0.5741493636794693,0.5127817282031923,0.6741669184196311,-0.7385790181884568,0.0,-1,False,56000.0
-47.443399160131094,114.94505172798097,0.9296955390811802,0.12177089831013684,-0.7623358014513646,0.6471816791482853,0.0,0,True,56000.0
102.28566411608503,32.506817244043425,0.7567427315463952,0.42133394827206566,-0.9952307957062007,0.09754826127505134,0.0,0,True,56000.0
129.45604036826273,128.39783722862109,0.330477446531821,0.6952533710284328,-0.7273217724678425,-0.6862966117458786,0.0,-1,False,56000.0
-188.75684112261288,94.88613662819019,-0.38055532441541323,0.6691563626325853,0.9431880178200899,-0.33225948149041895,0.0,-1,False,56000.0
-37.50112902769835,67.24438749569343,0.22014491467127767,-0.7376508721183539,-0.6913693157814179,0.7225015357738704,0.0,-1,False,56000.0
62.405114940194714,18.479847403936397,-0.8619258040136998,-0.23915152266249476,0.21500458546520973,0.9766130391453517,0.0,3,True,56000.0
-107.83257634215822,12.708116346760738,0.4409465258797106,-0.630998220209222,-0.9768809219906329,0.21378415341280937,0.0,-1,False,56000.0
86.67137170788408,33.3385470719711,0.5275625096248181,0.8182857367301477,-0.5409594491662724,-0.841048675379389,0.0,0,True,56000.0
45.09311081265444,-130.70893500371506,-0.49854669268792157,-0.5865524595486132,0.6195714569492915,0.7849402587033777,0.0,-1,False,56000.0
-68.16062898249227,103.84297974735918,0.9060305880896866,0.16275979578603103,-0.9808453931998458,-0.19478787087058758,0.0,0,True,56000.0
-270.91554571781035,-0.4268161098426191,0.4340765520017889,0.8660254037844386,0.6641199439566207,-0.7476260429109756,0.0,1,True,56000.0
-270.7000171688669,159.77758048138318,-0.9546498520790957,-0.07854876032977023,0.9995965644460652,0.028402611627630137,0.0,3,True,56000.0
64.99028580453327,-37.79955319634804,-0.3173437076828168,-0.7013455380814191,0.9531491705230253,-0.30250067558743093,0.0,-1,False,56000.0
-54.79037591526361,141.95667884928898,0.6576316364391659,-0.4001415041543893,-0.971051383760823,-0.238870697440414,0.0,-1,False,56000.0
-59.523913776640484,-10.581605993971493,0.2594043978026873,0.7247771733389632,0.2406920740809638,-0.9706015276488746,0.0,-1,False,56000.0
13.936158956031615,228.59693310512313,-0.0009078639042664205,0.7697998235747548,-0.8400197769624211,-0.542555779908008,0.0,-1,False,56000.0
201.0226418989835,41.90811450982666,-0.936085328472049,-0.11070345843548715,0.8195625307620381,-0.5729897539839256,0.0,3,True,56000.0
86.0523461242564,-114.37510412998454,0.036461945690212605,-0.7689363556947196,-0.8484561502512815,0.5292656810151514,0.0,-1,False,56000.0
18.380308474852853,-71.15082624409348,0.6371467520338103,0.6284802611688293,-0.7638178996047694,0.6454318060360245,0.0,0,True,56000.0
-111.38648511571297,-163.61386597065032,0.8422808553323303,0.2731775718907102,-0.20039194859049325,-0.979715809273183,0.0,0,True,56000.0
-123.66744832357949,-240.79485085927536,0.9717808512989984,0.048876999296476605,-0.41136693361216875,-0.911469827218735,0.0,0,True,56000.0
308.0494548204016,-101.79500296347256,0.9933620994058698,0.011497181084625439,-0.06979851754728117,-0.9975611093801908,0.0,0,True,56000.0
252.59967359822133,270.91350308364736,0.9807111089997237,0.03340933923413683,-0.9403992228652625,-0.34007249467427736,0.0,0,True,56000.0
-32.86450261439381,-23.09606887607774,0.24475713641743393,-0.7298537776605187,-0.46909031535556583,0.8831502001580429,0.0,-1,False,56000.0
-38.012779082970624,-109.81531364931939,-0.44188793325440784,0.8660254037844385,-0.6463123587424331,-0.7630729551861484,0.0,1,True,56000.0
-142.84792608663642,-126.00956057959854,-0.6143922686111861,-0.6678921825567978,0.5353334089396163,0.8446408356649666,0.0,3,True,56000.0
77.75050187061316,-66.65331545270939,0.22442601163730802,-0.736359666123263,-0.31907950365057486,0.9477279516558671,0.0,-1,False,56000.0
285.81071298076256,-210.59457039459494,-0.7618481176091023,-0.1103632107545794,0.8213630689946565,-0.5704057405841758,0.0,-1,False,56000.0
185.8047838171718,90.82425662140278,0.05391358067749141,0.8660254037844386,0.7876130800710257,-0.6161701356774463,0.0,1,True,56000.0
-183.2444797627163,-108.40188181654439,0.5674000630609015,-0.749285070129611,-0.9356473774871847,-0.35293623361875004,0.0,5,True,56000.0
49.87112459722204,-117.87316755988711,-0.2384890054396298,0.8660254037844384,0.7349674790312453,-0.6781023556707125,0.0,1,True,56000.0
293.71155559443986,18.091147402595727,-0.685806592702855,0.3496597059969774,0.8637513921364782,-0.5039181804439914,0.0,-1,False,56000.0
74.47247795740007,112.04731978298526,0.6128420055858933,-0.6705773168817006,0.21253416366982358,0.9771536364731934,0.0,5,True,56000.0
16.587134973695964,-76.74148911885884,-0.5474853684602091,-0.5411583538249977,0.9999034552799679,-0.013895327227428589,0.0,-1,False,56000.0
-154.89450553213726,59.194128844181606,-0.4261693024133403,-0.8660254037844387,-0.996588596052503,0.08252981411440112,0.0,4,True,56000.0
214.03505912087317,64.58187407579672,-0.9340846573769627,-0.11416872242141064,0.9063550615040715,-0.4225168665102005,0.0,3,True,56000.0
89.8716226625576,152.6043003950578,0.09622999887520689,-0.7637619916630245,0.14256595205243638,0.9897853046570393,0.0,-1,False,56000.0
-87.4443797742298,159.92243005968197,0.8297111921498664,-0.2949488671567651,-0.9191334274110774,-0.3939463702271296,0.0,5,True,56000.0
-145.73146692829044,-69.75151566923397,0.40644141857451793,-0.653756809417482,-0.9709814098641613,-0.23915497422780768,0.0,-1,False,56000.0
134.92825574668814,-27.28434445110392,0.8031882903210169,0.3408878806884943,-0.8957495770403051,0.4445589895971238,0.0,0,True,56000.0
-198.33737421448984,-3.2874225429987916,0.6952243753003077,-0.33053844039822233,-0.39356067477126055,0.9192986431368606,0.0,-1,False,56000.0
143.5225917166438,52.50520297730323,0.5858268244070576,0.49939916339310664,0.03272880545199802,-0.9994642691428189,0.0,-1,False,56000.0
125.97913045163885,-121.34094326319261,-0.7335103388654957,-0.4615736327767749,0.7691758066905402,-0.6390372277118652,0.0,3,True,56000.0
245.7555117800533,-101.43564594526379,-0.8709910298160364,-0.223450090990763,0.9993826047824106,-0.035134160841445605,0.0,3,True,56000.0
-89.7507512544207,179.41869237838932,-0.5978194903534113,0.48497881350238375,0.46329142361088693,-0.8862059900542965,0.0,-1,False,56000.0
113.3020202284648,-309.3514522349833,0.5065784427836109,-0.5796299456545738,-0.49625154172620767,0.8681787876549447,0.0,-1,False,56000.0
-298.18487405776375,51.17080834786899,0.9915576829524884,-0.014622522059894538,-0.9815719988176026,0.19109267682695008,0.0,5,True,56000.0
148.8252604274085,-54.67503412233243,0.6788308458756446,0.3630169077058935,-0.9995675613333872,0.029405617316950905,0.0,-1,False,56000.0
3.8782555689761957,226.2075184178063,0.9298646159711339,-0.1214780485463501,-0.9847379062367626,0.17404383361680204,0.0,5,True,56000.0
-37.158801035996056,174.00800611009907,0.49102538835673193,0.8660254037844385,-0.48250527967980433,-0.8758930614411188,0.0,1,True,56000.0
28.411470569751827,57.18196237392787,0.47184611097192664,0.8660254037844387,-0.4975440858687896,-0.8674386909843947,0.0,1,True,56000.0
-34.31095948132667,-122.10375588023302,0.08391695219521067,0.8660254037844386,-0.9127573157088711,-0.40850224310224115,0.0,1,True,56000.0
-11.38102526658789,-238.08013723009466,-0.7035305252206133,0.5135001932111577,0.7777782021131165,0.628538835965837,0.0,2,True,56000.0
65.35689311478582,30.619998306831143,0.3526631061826566,0.6842669991532491,-0.7085854439937224,-0.7056250197944356,0.0,-1,False,56000.0
92.74806879678712,-132.97532456888916,0.03829305948914255,0.8660254037844385,-0.7346087270605862,-0.6784909860315143,0.0,1,True,56000.0
-6.949257581420353,64.45515748352408,-0.791234645921258,0.3615922001244877,0.9959840419421446,-0.08953093429786357,0.0,2,True,56000.0
-10.537279808162078,-38.197338790455206,-0.2952314985707353,-0.8660254037844388,0.6823505770179151,0.7310250953578832,0.0,4,True,56000.0
28.208092517233535,-133.89529777411954,-0.41048475168079357,0.65122566075835,0.14986766075048003,-0.9887060656539364,0.0,-1,False,56000.0
185.80060688203218,127.05419307173706,-0.8846856910975704,-0.1997302418586999,0.7677628762638034,0.6407340835563142,0.0,3,True,56000.0
-17.90228155138535,9.882660852341015,0.7175680740309476,-0.48918644545793033,-0.02843640518958432,0.9995956036615177,0.0,5,True,56000.0
33.39159111729913,-19.943043186751073,0.5283601580096956,0.8169041692009642,-0.36862818002791886,-0.929576927902655,0.0,0,True,56000.0
150.1080484399545,-116.68891731835166,-0.4009083022757959,-0.6571644586851387,0.5710480172159673,0.820916659614976,0.0,-1,False,56000.0
-109.80169743040204,116.86320293114828,-0.7697758457317887,-0.006143282551022061,0.5569397322454589,-0.8305529089986022,0.0,-1,False,56000.0
82.39543878719108,3.9170464544148214,0.6025940485436146,-0.6883272991527103,-0.7208943410569133,-0.693044983411474,0.0,5,True,56000.0
-109.63962708359284,-241.99558770537908,0.7036820140680514,-0.513237806830615,-0.999896426039768,0.014392261550683516,0.0,5,True,56000.0
42.04612095062154,211.5554298289275,0.3042216547262645,0.7071363216439994,-0.9016659410806833,-0.4324332673311832,0.0,-1,False,56000.0
146.99982698299766,-38.16344362407549,-0.9939359766131093,-0.010503196604379917,0.9301232452083449,0.36724753058763293,0.0,3,True,56000.0
-282.0107741078944,-88.2022098219379,-0.768124060296631,-0.0507742118206663,0.419249309237706,0.9078711454294324,0.0,-1,False,56000.0
-91.59937275964317,75.63600296631762,0.9142214428207873,0.14857281923434873,-0.999995200135315,0.003098339225864666,0.0,0,True,56000.0
-219.2753871593111,17.592246912293913,0.38794185434427686,-0.6649012785673647,-0.8658095600688859,0.5003736660665851,0.0,-1,False,56000.0
-50.359042723923125,248.23378407238928,-0.4900354980112243,-0.8660254037844388,0.05265622517670493,0.9986126986724301,0.0,4,True,56000.0
-93.2288687361078,1.665758558623059,0.7559904447726679,-0.42263694718602307,0.3495973465075447,0.936900045530246,0.0,5,True,56000.0
76.93458416409581,-79.96181502956638,-0.6802365304453997,-0.3603759914869428,0.4419443548582825,0.8970424667809501,0.0,-1,False,56000.0
13.960680151366176,82.06907290724325,-0.3002739323762182,0.708821668777073,0.9663554870239017,0.2572101722293794,0.0,-1,False,56000.0
264.02112859789673,-172.59753929170708,0.7846722317217872,-0.3729586349382821,0.11188860179441533,0.9937207559410905,0.0,5,True,56000.0
199.3176061728747,-92.93581253360492,0.21579137921121172,-0.8660254037844387,0.8879186451599205,0.46000052127892677,0.0,4,True,56000.0
28.970144097051275,-214.272657603308,-0.5372408828771795,0.5513300521084816,0.9149994432117535,0.40345510149438635,0.0,-1,False,56000.0
84.65150495160755,33.693068797051254,-0.7976359250180386,-0.350504859495435,0.9764837421929891,-0.2155910509098728,0.0,3,True,56000.0
42.91006594867856,-210.98038290085833,0.7312127404943719,0.24066682515731705,-0.9113744079416096,0.4115782896955254,0.0,-1,False,56000.0
-86.92460346724427,-88.0573009501392,-0.3379825480503138,-0.8660254037844387,0.624852966714201,0.7807424479225418,0.0,4,True,56000.0
-113.52606369618073,131.3412185876872,-0.08747668330167593,-0.7648139789982467,-0.45544414759139457,0.8902643587297505,0.0,-1,False,56000.0
122.4562809330598,-104.1626481048287,0.6797316582773014,0.5547210399195455,-0.9980753195536409,-0.062013357412122716,0.0,0,True,56000.0
71.83002243919779,-18.964930750003287,0.45614318529411385,-0.6201015941781896,-0.3647112927802642,0.9311206543290669,0.0,-1,False,56000.0
-196.82085247823264,-67.15488217698807,-0.12533963746356488,0.7595278585233688,0.8965755257358722,-0.44289087442735786,0.0,-1,False,56000.0
81.30334747796702,-44.56647847689195,0.591058967252474,-0.7083066460184032,-0.8993041714251233,-0.4373236870523244,0.0,5,True,56000.0
-218.24254249709062,-157.68659589945963,-0.9187476217688063,-0.1407332473322305,0.9779915885838671,-0.2086443209362005,0.0,3,True,56000.0
-145.26713276392445,-150.17260344457512,-0.12132354832816408,-0.8660254037844387,-0.8633733185541207,0.5045656674888646,0.0,4,True,56000.0
74.22707904334067,179.34390042358507,0.7117412008056512,-0.2932866442037927,-0.5576919342793816,0.8300480145385782,0.0,-1,False,56000.0
31.815302959034888,-175.84902864228167,0.7687758099531721,-0.03970323190165419,-0.9970155446445947,-0.07720106046377948,0.0,-1,False,56000.0
236.708541080763,-208.6567255046966,0.8761925705741566,0.21444075812005917,-0.4446043101104829,-0.8957270831178844,0.0,0,True,56000.0
-265.9582374702906,203.55096698171553,0.3195690862056474,0.7003343428208271,-0.688249789026616,-0.7254737954637238,0.0,-1,False,56000.0
4.122250819944165,73.5057342113251,-0.5924510210009105,-0.491522512513487,-0.05752445472474721,0.9983440975476318,0.0,-1,False,56000.0
64.01989344316668,95.86941017706644,-0.7548698762520817,-0.4245778287970411,0.9617917003863875,-0.27378225849656923,0.0,3,True,56000.0
39.22940358951642,-23.286318886289973,0.11731033660376311,-0.7608093568815412,-0.9590234980489346,0.28332654339049756,0.0,-1,False,56000.0
280.2319560016083,-191.52059915482738,0.559020457240684,-0.7637989731576275,-0.9795224864227355,-0.2013347923031948,0.0,5,True,56000.0
87.29887386962614,-59.259170091458444,-0.6498825265935158,0.4126079182723239,0.804815155545238,-0.5935255389655095,0.0,-1,False,56000.0
-16.959132609223268,-88.75533570876306,-0.6347802386369027,-0.43548437541279156,0.5776458128670504,0.8162875197359944,0.0,-1,False,56000.0
116.64882194437043,-101.77412918153553,-0.4964762982780021,-0.8660254037844388,0.2840624152451645,0.9588057906817116,0.0,4,True,56000.0
188.8363547617118,-81.20468103474559,0.21371748336319368,-0.7395386601777458,-0.8804431605458475,0.47415170678552443,0.0,-1,False,56000.0
60.33698002076983,-91.81048621231577,0.9396910565976753,0.10445815412362261,-0.8751088059155232,-0.48392621111985173,0.0,0,True,56000.0
-116.15216630716105,133.90319567400692,-0.5725447177460811,0.7403742668274825,0.9950335095805425,0.09954051844066666,0.0,2,True,56000.0
51.996848567786735,-36.42506631556995,0.4749387831899541,-0.8660254037844386,-0.2381674950785988,0.9712240958129202,0.0,4,True,56000.0
66.78505300051856,158.40849221436477,0.6085980408421849,0.6779280794433347,-0.9003907576525634,-0.43508215722267396,0.0,0,True,56000.0
113.89102602075646,209.9981027231392,0.7604046048963704,-0.11990591914074616,-0.5737827612160237,-0.819007535332241,0.0,-1,False,56000.0
-83.28518463773874,36.59979961955644,0.13180961674898983,0.7584318146841394,-0.9923818410048284,-0.12320016900773587,0.0,-1,False,56000.0
-86.94338517270133,56.084452570640146,0.27940695664950715,-0.7173035237390465,-0.3074303740187323,0.9515705781130248,0.0,-1,False,56000.0
-13.779071824988637,27.64600224755971,-0.04566377874713204,0.7684448008172906,0.9167038258867259,-0.39956738556131,0.0,-1,False,56000.0
-245.02184801773515,-326.6195820156835,-0.5162936120781053,-0.5709934314157521,0.7254652682368249,0.6882587773372058,0.0,-1,False,56000.0
26.138622360926373,163.4345553127303,-0.19801365263649656,-0.8660254037844387,0.2715388531904289,0.9624274784147431,0.0,4,True,56000.0
-327.6989998513166,-232.5403157512525,-0.7245542604780276,0.47708601558043884,0.5959810752520616,-0.8029984794138647,0.0,2,True,56000.0
205.20923703948333,-55.034338299172845,0.07483586526564989,0.8660254037844386,-0.2703973457960319,-0.9627488121966522,0.0,1,True,56000.0
123.4806387783637,267.3620550272695,-0.9841629807385096,0.027430522001348566,0.5765802419299058,-0.8170405281354082,0.0,2,True,56000.0
87.95820765031432,277.3757553065782,0.06149606962019498,-0.8660254037844387,0.3230175420246853,0.9463929773324388,0.0,4,True,56000.0
33.31795815295927,-187.9255772541854,-0.848283493456914,0.2627806976794811,0.7809259912139166,0.624623563633472,0.0,2,True,56000.0
164.58399054645648,-111.48285040844553,0.6162210780812887,0.4613720575857696,-0.9890019165926274,0.14790270104261333,0.0,-1,False,56000.0
-112.29564554081168,-100.75168674864558,-0.2677521426995384,-0.8660254037844387,0.5214917222580743,0.853256341093285,0.0,4,True,56000.0
30.873951111952064,-87.62380429262116,0.839309666485823,-0.2783238219317421,-0.8796356812895552,-0.47564805077064864,0.0,5,True,56000.0
14.288390089423693,4.232184207312858,0.5686610268450945,-0.747101016788885,-0.20386121429258677,0.9789997984202501,0.0,5,True,56000.0
69.03457631442272,-222.55609296728153,-0.5414563937073111,-0.7942208235847978,0.6530036684211749,-0.7573547445075481,0.0,3,True,56000.0
6.078140574888362,-1.7881580570902027,0.9808795113069737,0.03311765788186809,0.40954437307183633,-0.912290198612726,0.0,0,True,56000.0
-186.731724409049,55.48178169940926,0.6009891998642903,0.6911069786037598,-0.49985711251454934,-0.8661078841970345,0.0,0,True,56000.0
-274.38453720727176,-77.68917978796911,-0.7660118828974771,-0.07627835769373953,0.9467876600519805,-0.3218588615728846,0.0,-1,False,56000.0
60.33509525380807,-137.98029050769566,0.7025044537380748,-0.31476989225585306,-0.7950762490981461,0.6065094872462544,0.0,-1,False,56000.0
25.504267437450295,341.95889055237615,0.3432869126199732,0.8660254037844385,0.03560902864422921,-0.9993657974328218,0.0,1,True,56000.0
16.086042271264336,80.89427556054288,-0.529328204414937,-0.8152274636430025,0.571442539336318,0.8206420804689495,0.0,3,True,56000.0
-148.15081364634818,-153.9451633245172,0.7661810627047313,0.07455985344165414,-0.718531904432265,0.6954939987609525,0.0,-1,False,56000.0
113.86796808753402,-96.54806081795161,-0.4113739494104152,0.650664326929846,0.8620144380196059,0.5068837230030676,0.0,-1,False,56000.0
-49.161227777800384,46.09096257759399,-0.19649617113132836,0.7442995682675895,0.8727340835955888,-0.4881958821316399,0.0,-1,False,56000.0
97.31608025978689,-33.71864899756562,-0.991889275213445,0.014048187416521583,0.9512794376347397,-0.3083300691353984,0.0,2,True,56000.0
-40.966903593352875,-0.20272928654415462,-0.2608271529831518,0.8660254037844386,-0.6369711190795823,-0.7708876659139001,0.0,1,True,56000.0
96.42869094355937,21.496669922921495,0.5342853643049431,-0.8066414108522688,-0.8525654434342316,0.5226204786089007,0.0,5,True,56000.0
113.54046987302485,-369.48353457902255,-0.5510117972039927,-0.7776703792417236,0.2345613307538814,0.9721013229672539,0.0,3,True,56000.0
5.612552717929954,-166.73552694923205,0.842905923045459,-0.27209492285339976,-0.9417827411222057,-0.33622205240584946,0.0,5,True,56000.0
-17.89485723442888,-24.969420919010393,0.18751190510988858,-0.8660254037844387,-0.2812077215288783,0.9596469232755275,0.0,4,True,56000.0
-38.20953779917981,160.73601309169604,0.6059347239058842,0.6825410796936656,-0.5974894219372908,0.8018767927011379,0.0,0,True,56000.0
-117.76464829691776,320.96553382701427,-0.14349021934841522,-0.7563088982313615,0.123383820801763,0.9923590241258529,0.0,-1,False,56000.0
85.01644685442412,-58.62076164576883,-0.3364323580253683,0.8660254037844386,-0.23335716188784816,-0.9723910915857262,0.0,1,True,56000.0
-19.463237052078924,23.51723643574236,-0.4587744059147573,-0.8660254037844387,-0.07616824706364628,0.9970949794974205,0.0,4,True,56000.0
-21.27230504078238,-67.2015604848952,0.030571418548276053,0.8660254037844386,0.8431770373256515,-0.537636014164104,0.0,1,True,56000.0
-90.39044257187616,83.13918164910075,-0.9194207812556948,-0.1395673008993424,0.9917994301534278,-0.12780410927280306,0.0,3,True,56000.0
-56.35812789571512,-10.072888285421985,0.09713016350033699,0.8660254037844386,-0.9048948304726431,-0.4256352262013852,0.0,1,True,56000.0
62.68339586345464,-60.33038442615301,0.15091429318861338,-0.8660254037844387,0.03961187636127764,0.9992151416240633,0.0,4,True,56000.0
25.674673159576127,167.2300527678641,-0.019611571793385282,-0.7695505044143531,-0.7110517641561837,0.7031396651377635,0.0,-1,False,56000.0
13.949106552480403,-67.7457607569088,-0.6259840471083307,-0.6478146332496593,0.14297878050315938,0.9897257540982669,0.0,3,True,56000.0
-107.38230701816323,8.883214534954805,-0.7675484417882569,0.05883861063121065,0.2030527202162259,0.9791678062581115,0.0,-1,False,56000.0
-40.24150091780268,39.05476088715541,0.07693590642574766,0.8660254037844386,-0.9616514272058052,-0.27427455688161817,0.0,1,True,56000.0
-107.29848068622168,128.89674665049276,0.5523184790444737,-0.7754071399046824,-0.8731887959982563,-0.4873821155343079,0.0,5,True,56000.0
97.66621231088278,-2.3310798256017353,-0.6084219260695546,-0.6782331191774936,0.7147970137556069,0.6993319877752584,0.0,3,True,56000.0
-31.14084034943422,-137.81483401268065,0.42685283516777084,0.6406163045863165,0.16392026869972987,-0.9864735908826706,0.0,-1,False,56000.0
8.611802784810061,67.92972304553851,0.9687977445977068,0.05404389166751267,-0.7031556907778567,0.7110359164812667,0.0,0,True,56000.0
6.792275905427296,-191.00183625972304,-0.1883390634145652,-0.7464053789896725,-0.23770709189781045,0.9713368820656817,0.0,-1,False,56000.0
-18.865166188730882,8.529672987297205,-0.32424615431730214,-0.6981812257594963,0.28818986913541955,0.9575732866613847,0.0,-1,False,56000.0
-196.11842386105067,126.09824992272578,-0.6924097046557914,-0.5327620194512859,0.7694924286069439,0.6386559342214713,0.0,3,True,56000.0
-87.60107261033329,-5.983169723835517,0.428949001868894,0.8660254037844385,0.34407521010895525,-0.9389420907532833,0.0,1,True,56000.0
-42.85139141215983,-218.63110602581858,0.10328025989061385,0.8660254037844385,0.9949437600103307,-0.10043363189819851,0.0,1,True,56000.0
-30.36190704733129,17.49816286593589,-0.3321811305318766,0.8660254037844385,0.8187702428068545,-0.5741213194905117,0.0,1,True,56000.0
-30.918787023713,182.8272762539385,-0.4082303941083742,-0.6526412015178891,0.9453039041128264,-0.32619093928048387,0.0,-1,False,56000.0
-59.666230427678215,15.682336593439079,0.5168686683213917,-0.8368080131957607,-0.9951042616706902,0.09883070577704448,0.0,5,True,56000.0
-175.9936922059874,62.563645792152215,-0.5326106479357597,0.8095421046919619,0.8863107111240767,-0.46309105297592956,0.0,2,True,56000.0
155.39166684034825,9.534996424435876,-0.586058525675688,-0.49912723535730985,0.9979413118491456,-0.06413375167996194,0.0,-1,False,56000.0
-30.89318401459641,58.37062049632734,-0.7308734213074639,0.24169533429281334,0.758382921362705,0.6518092854394402,0.0,-1,False,56000.0
-36.31145036771057,63.09129538126779,0.4301615195113604,-0.6383992948964384,-0.4419460189362787,0.8970416469406892,0.0,-1,False,56000.0
118.95594006315405,-0.23476027322329052,0.6008850894077036,0.6912873032041671,0.2549542554423976,-0.9669531155290965,0.0,0,True,56000.0
-85.56167894004709,45.387708121334235,0.7107265986615393,-0.29573686707543156,-0.09853786249617197,0.9951333024546453,0.0,-1,False,56000.0
-16.800964885347785,-126.78945394638819,-0.33880021337061217,0.8660254037844386,-0.5471805999500172,-0.8370145703857667,0.0,1,True,56000.0
72.06039605878776,376.52730577318925,-0.18210689104943162,0.7479503144092546,0.9779174766619927,-0.2089914085284711,0.0,-1,False,56000.0
181.8485851504292,-210.6360781414947,0.6447802599584409,0.615258637603389,-0.9344727251439284,-0.3560347257805362,0.0,0,True,56000.0
253.84816562645435,151.59864049087605,-0.8780080475693484,-0.21129625972441418,0.5689212757613532,0.8223919880358929,0.0,3,True,56000.0
78.18633008520771,-79.7259285080485,0.644355680855142,-0.6159940301821349,-0.7541646003857467,-0.6566854311804603,0.0,5,True,56000.0
130.98392448217967,134.81427711533698,-0.49910057660536655,0.5860812290329583,0.9982701436443289,0.058793879852390596,0.0,-1,False,56000.0
-119.52119322080642,-123.14995206190906,-0.23299077082287808,-0.7336946867082748,-0.10623915047113,0.9943406070893617,0.0,-1,False,56000.0
91.64493084796639,-46.80844541578335,-0.6478258695676425,0.6099834870202321,0.6304005819191827,0.7762699957589969,0.0,2,True,56000.0
-17.58230204151087,-108.92463872988128,0.5978721330570833,0.4849139151502725,-0.9766384647149441,-0.21488906263221338,0.0,-1,False,56000.0
-39.70505434952448,1.1084521842639876,-0.3456266848978159,-0.8660254037844387,-0.29162137275903344,0.9565338336670929,0.0,4,True,56000.0
-151.48523821242048,15.77782057836872,-0.5958825008893609,0.6999520406872977,0.9225444538184508,-0.3858908274739472,0.0,2,True,56000.0
229.88176237510768,-129.01882874722807,-0.8109769323628047,0.32739755695015105,0.8559338674447816,0.517085306850586,0.0,2,True,56000.0
6.728377044196788,-83.49998636813677,-0.7826782159828544,0.37641237150920664,0.9378854990923807,-0.3469449388474174,0.0,2,True,56000.0
-26.41992086673432,102.14643389487037,-0.7659428281644299,0.07696867269264113,0.9999999999408042,1.0864535174695544e-05,0.0,-1,False,56000.0
53.296333436791684,75.62332811835465,-0.6297014018849904,0.6413759859067256,0.9646655191459117,-0.2634775819126933,0.0,2,True,56000.0
-168.99805863567104,-139.81221309180697,-0.6801827928316979,0.5539396519502806,0.9261370096774103,0.37718727351991266,0.0,2,True,56000.0
9.392592364643845,-130.70969764230415,-0.594301467348842,0.7026904711079469,0.45622413433928255,-0.8898648994347207,0.0,2,True,56000.0
-26.329852392264307,-22.205821084029107,0.7382618456651837,-0.21808722985912923,-0.9278937654524664,0.3728446862087055,0.0,-1,False,56000.0
-16.524623000601075,-53.03532542798339,0.7450639601029478,-0.19357760187662557,-0.5382161596227582,-0.8428068376090115,0.0,-1,False,56000.0
-244.75630960064444,-39.774015378745155,-0.3337365295172363,0.8660254037844385,-0.46879377394331845,-0.8833076460167297,0.0,1,True,56000.0
-142.8649126097428,323.0975089622516,0.6194189620789401,0.4570697342962459,-0.9128987402027591,0.4081860974308201,0.0,-1,False,56000.0
-68.66826743508304,-18.862410824674715,-0.6865715113906442,0.3481553566144845,-0.08736088329290748,-0.9961767293357159,0.0,-1,False,56000.0
155.99712906515072,-48.78086195356355,-0.9986280136148781,0.0023763501263243496,0.08633163460852061,-0.99626645475273,0.0,2,True,56000.0
-170.47422068755267,-110.53752233389643,-0.9756742178720814,-0.0421334905794058,0.7399321223726743,-0.67268154001773,0.0,3,True,56000.0
-297.33696771811407,242.46006856317612,0.02429922354579471,0.8660254037844385,-0.643629742285015,-0.7653370204333241,0.0,1,True,56000.0
4.258726843048998,102.96932501082902,-0.769515681802281,0.020933419523886082,0.4750453608951296,0.8799613088605946,0.0,-1,False,56000.0
85.74934245808328,169.0199793847889,0.8674885014150656,0.22951664813619788,-0.9624863336550689,0.27133016331944854,0.0,0,True,56000.0
276.1032299053422,51.8204804517308,-0.5042257575782639,-0.8587061769584167,0.7516730796668409,0.6595358832572182,0.0,3,True,56000.0
-138.01824591050467,114.15070295824592,-0.8511920578951994,-0.25774291629528256,0.8119111299551469,-0.5837810523257105,0.0,3,True,56000.0
29.272999813590165,-71.3672779402596,0.5693328332201616,-0.5181242299006059,0.17031598724672292,0.9853894988722662,0.0,-1,False,56000.0
237.78197759802987,149.69492545864293,-0.6006790671573047,0.6916441442093479,0.9142598572635501,-0.4051282678313907,0.0,2,True,56000.0
-88.14312300560167,-169.51664570301875,-0.5762156543282522,0.7340160181557991,0.28448202111022886,-0.9586813754656744,0.0,2,True,56000.0
-211.37936270082142,111.4621253754517,-0.742190600343532,-0.20431765796009907,0.34899643495710725,0.9371240517598485,0.0,-1,False,56000.0
-24.4740230443264,-2.9042371170214913,-0.7693465829664331,0.0264277859546656,0.9644829050284243,-0.26414527424819456,0.0,-1,False,56000.0
-45.40679819512372,242.199992498288,0.5837856965622238,-0.5017836715975835,-0.9633418795435629,0.2682767658913832,0.0,-1,False,56000.0
-88.54077674271275,-2.686720533639263,0.9049802534936355,-0.16457902867133825,-0.9100344063620531,-0.4145327239638798,0.0,5,True,56000.0
46.128750863461015,-71.80701419300694,0.9155872306763544,-0.14620720527614547,-0.722790244360356,-0.6910674805380221,0.0,5,True,56000.0
125.31526525486025,-144.21053036619844,-0.8720407037515411,-0.2216320024030883,0.9546209090104537,-0.2978236392223741,0.0,3,True,56000.0
35.00283727544954,-86.20284014422054,-0.1031928410156347,-0.7628524301303066,0.970759249778089,0.24005515818226497,0.0,-1,False,56000.0
-159.48201876294846,-64.93652050366536,-0.6677524028598325,-0.38301347374147593,0.9302054605825143,0.3670392364613153,0.0,-1,False,56000.0
13.947257846541493,63.5554871676416,-0.3216255822415705,-0.8660254037844388,0.692884513233142,0.7210485776432047,0.0,4,True,56000.0
-67.1811199383417,105.63804830167473,0.6865866016388041,-0.3481255966496439,-0.9412944612375005,-0.33758663664806793,0.0,-1,False,56000.0
-233.5014038313661,-71.7490998657392,0.8388192377873934,0.2791732693549127,-0.2799790152531954,-0.9600061203021129,0.0,0,True,56000.0
-264.60279768954115,228.99490556216617,-0.3837515879470254,-0.6673284883329414,0.9103690354023184,-0.41379731678719883,0.0,-1,False,56000.0
-29.500515997552856,109.47366522897322,-0.40825445911345504,-0.6526261481174138,0.9787447502034947,-0.20508221265816656,0.0,-1,False,56000.0
-121.76960863390634,28.289310035020463,0.07439350972014946,-0.8660254037844387,0.28580224431612367,0.9582886189158346,0.0,4,True,56000.0
30.287177560802665,56.39737121397383,-0.8111498345317191,0.32709808160885223,0.8678825748563394,0.4967693994807594,0.0,2,True,56000.0
370.0499593590096,118.65479018563305,0.5081655255522343,-0.8518822986574671,-0.6417998039861188,0.7668722263865109,0.0,5,True,56000.0
29.200900569357813,-208.56282309036888,-0.5189697850526782,-0.8331687722645401,0.4000637143393869,0.9164873291369616,0.0,3,True,56000.0
107.29795447369449,-20.289774622945533,0.9187722147880872,-0.14069065097332414,-0.8751373174139194,0.48387464871504005,0.0,5,True,56000.0
-99.37554742653785,-95.92594975587689,-0.5837266365691914,0.7210066152997447,0.7478092887837166,-0.6639135995056338,0.0,2,True,56000.0
-231.19232535889276,-116.57624172475774,0.17097710068872735,-0.8660254037844387,0.9488831311053358,0.31562763425195645,0.0,4,True,56000.0
-135.8661832751872,183.85519053175068,0.8996096783800086,0.17388113763400556,-0.9549691071019013,0.29670524848844243,0.0,0,True,56000.0
-36.55639552957145,-8.533468791862335,-0.7638786159029758,0.09529980461022064,0.8947018260047221,0.44666390333615746,0.0,-1,False,56000.0
118.84871293517794,-109.8191135740669,0.23920929388359358,0.8660254037844386,-0.6785326595140894,-0.7345702348804429,0.0,1,True,56000.0
81.74087823404228,4.819004640668013,0.943053084626517,-0.09863495076119758,-0.9947458274021462,-0.10237547980615595,0.0,5,True,56000.0
121.49184869034495,167.6034785328722,0.9235245350105569,-0.13245939089417003,-0.998619903894312,0.052519401612632854,0.0,5,True,56000.0
105.76174301583023,226.65885608954812,0.9829350205858464,0.02955741137543194,-0.8118955898954934,-0.5838026645261196,0.0,0,True,56000.0
-29.021269523469268,-76.5235488499063,-0.9922868370214295,0.013359590165943524,0.6399576963072622,-0.7684101423958397,0.0,2,True,56000.0
-120.25458229118207,84.41614529518257,0.5521764236431258,0.7756531870773069,-0.9941051635180739,0.10842012666631562,0.0,0,True,56000.0
-46.93499976502169,-140.18781695175124,-0.5743269180429661,-0.7372874053640137,0.9934417883007174,-0.11433902770931767,0.0,3,True,56000.0
51.167361911842626,-132.7733918218162,0.22340786965038795,0.8660254037844386,0.9630020979270126,-0.26949389489915027,0.0,1,True,56000.0
-121.10677463377228,-75.92882789857478,0.951397626900435,-0.08418177957686532,-0.6285246854713546,0.7777896372109298,0.0,5,True,56000.0
-125.82799838083814,98.20472512335176,0.5883867894165183,-0.712934993797138,-0.925000796169745,-0.3799651656204588,0.0,5,True,56000.0
31.55655712976216,-157.5372337638095,0.963742273997658,0.06280022360296797,0.2075598416442666,-0.9782223224483764,0.0,0,True,56000.0
-125.21994089149322,-46.02577832579152,0.4485285567040692,0.8660254037844386,-0.28666796917284015,-0.9580299971555999,0.0,1,True,56000.0
-344.3581331301332,13.4991203865262,-0.15745040927721404,-0.8660254037844387,-0.7724576173889698,0.635066318849877,0.0,4,True,56000.0
71.85190317751818,109.91940918118829,0.3078549484357902,-0.8660254037844387,0.9441495042458505,0.32951739503694993,0.0,4,True,56000.0
-1.802049328632725,-102.97567434501326,-0.5905865442345223,0.7091249066881604,0.5578572979713784,-0.8299368862146776,0.0,2,True,56000.0
-255.75149285731206,3.604353826088671,-0.6855637718024397,-0.5446195229784963,0.7464226956956728,-0.6654721326622419,0.0,3,True,56000.0
-133.02628105036058,-55.29510902268517,-0.8883317169364456,0.19341513986005993,0.9411332401663404,-0.3380358327951847,0.0,2,True,56000.0
128.6756451918354,-163.9774298744359,0.4704789567803298,0.6092964334537705,-0.00046440772765304894,-0.999999892162533,0.0,-1,False,56000.0
-11.925006015371016,-25.32322844037513,0.6274060559743021,-0.6453516416449829,-0.904885030851453,0.4256560594430352,0.0,5,True,56000.0
59.499152993762884,5.009619833030936,-0.07609663525105494,0.8660254037844386,-0.27175404266970343,-0.962366738978609,0.0,1,True,56000.0
-31.782201770762587,187.53993198117448,0.754541702638649,-0.15251036545678187,-0.9233849808908949,0.3838752102764518,0.0,-1,False,56000.0
111.11902090610052,-185.56594587024776,0.3107054936089781,0.7043114998591132,-0.9967916546041775,0.08003997320775247,0.0,-1,False,56000.0
9.647794840717877,184.79547002313413,-0.32545873658246804,0.6976168026751765,-0.8260528339274648,-0.5635926858646327,0.0,-1,False,56000.0
6.125088689802684,-84.48886077126853,0.9873271435078429,-0.021950031321445487,-0.2190963710654389,0.9757032234166012,0.0,5,True,56000.0
56.847769538987635,94.22391406958923,0.5661445869690857,0.7514596185083241,-0.8404273637780142,-0.5419242070740233,0.0,0,True,56000.0
-87.88104272845547,172.94672161528186,0.972312296115308,-0.04795650987320822,-0.47019491284740866,0.8825626005740655,0.0,5,True,56000.0
-25.86272040898481,178.42598790092265,-0.9558586057997777,-0.07645513747171033,0.9954631278964425,-0.09514810033931252,0.0,3,True,56000.0
-336.02509089172315,68.72519372021603,0.3476426974526401,-0.8660254037844386,-0.8754046122424499,0.48339090275299257,0.0,4,True,56000.0
-285.20601106535526,184.40760679261092,-0.45996116939853193,-0.8660254037844387,0.5063032536788854,0.8623555040201013,0.0,4,True,56000.0
-68.75098051751466,-258.6431322781624,-0.7805711456940245,-0.38006192430457797,0.8403144012218847,-0.5420993516862902,0.0,3,True,56000.0
-102.89766331394223,188.9933744415178,-0.1739889639043637,0.7498802791326615,0.9563556404646488,-0.29220521718664205,0.0,-1,False,56000.0
274.2501917605937,156.2369933936273,0.6643208096176676,-0.5814134127857857,-0.11301543300588451,0.9935932326169168,0.0,5,True,56000.0
-108.34568903127655,255.7573395002413,-0.7020170694119279,0.3158553891369921,0.9999411220383962,0.010851380378112008,0.0,-1,False,56000.0
138.37065970108387,12.106699301357565,0.738845988556677,0.21609997174062506,-0.8033322888966135,0.5955310517644509,0.0,-1,False,56000.0
191.35647968357532,-64.06825390710445,0.6876588874752875,-0.3460026691643322,-0.9980615730692133,-0.06223420572528909,0.0,-1,False,56000.0
193.72593732019646,110.77345105807981,-0.5352234252780044,0.8050166415863292,0.6336384840346323,0.7736292856077283,0.0,2,True,56000.0
-57.05921028516599,-258.6179902630104,-0.780278642058825,-0.38056855546214247,0.6687350319300391,-0.7435008117474512,0.0,3,True,56000.0
118.34216628991562,-20.447393366918504,0.3662367828701855,0.8660254037844386,-0.693719921837921,-0.7202448681142093,0.0,1,True,56000.0
-98.68924999768268,-94.90292663252428,-0.8643213010813653,-0.23500240003191566,0.7738437694868564,0.6333765234250297,0.0,3,True,56000.0
-7.2333657657189505,-91.90646850962446,0.40616475783858746,-0.65392872859549,-0.9742095302732645,-0.22564527720374944,0.0,-1,False,56000.0
-113.5935368965597,102.54622557440572,0.501282152654164,0.8638046502443668,-0.6047776322468823,0.7963943844186523,0.0,0,True,56000.0
-151.15898334175165,-0.05585450116902124,-0.7123048615721641,-0.2919150163545079,0.7910879016099444,0.6117024864474792,0.0,-1,False,56000.0
55.55294526940201,106.34752855093006,-0.4422528790063367,0.630083314810985,0.48644175145203117,-0.8737130091992202,0.0,-1,False,56000.0
52.62006483459881,128.74487482867835,0.7999620998870184,0.3464758064350725,-0.7660127799010673,0.6428253425525934,0.0,0,True,56000.0
1.3607330819617616,-74.56037529357212,-0.9464044784061875,0.09283016645863842,0.998239932646122,0.059304610868533156,0.0,2,True,56000.0
-56.46971160459197,-102.02314786526476,0.3052972958013592,0.7066725930506783,-0.7439375835218485,-0.6682491091078426,0.0,-1,False,56000.0
-203.69051910043245,96.45567364762609,-0.9603550123201284,0.06866713292698008,0.07559249026684789,-0.9971387944589271,0.0,2,True,56000.0
86.05442368134,-63.249381305308255,-0.8890441274570678,0.19218120864249538,0.9879101652973235,-0.15502743403012903,0.0,2,True,56000.0
-78.14340824217904,-233.70738737381802,0.501321847217384,0.8637358972440862,-0.6437703381612149,-0.7652187606844109,0.0,0,True,56000.0
66.16985031180164,35.43551388354999,-0.7480721145073562,-0.1816059032330317,0.6243770547941225,-0.7811230974989181,0.0,-1,False,56000.0
58.042281320462386,-91.4251374235129,0.8143376157759387,0.32157668253044874,0.2401327285211265,-0.9707400644315516,0.0,0,True,56000.0
111.84941948902527,-29.128050518683214,0.2427355997550787,0.8660254037844386,-0.774002092982339,-0.6331830383535745,0.0,1,True,56000.0
22.296814081768837,-77.34176262851719,0.4874538579897163,0.8660254037844386,0.745549099951746,-0.6664507030236853,0.0,1,True,56000.0
278.77886158552974,23.579316386309966,0.7514938883028824,-0.16688177982034821,-0.705463519141453,0.7087462332599929,0.0,-1,False,56000.0
-200.80971511278582,-8.914582048482291,-0.763901754408729,-0.09511415354119544,0.9460428027818714,0.3240416876024923,0.0,-1,False,56000.0
62.10382965019217,150.221373023304,0.5034293720320102,-0.8600855571869411,-0.3353879258850904,0.9420801129257804,0.0,5,True,56000.0
84.3018047504873,174.03013791673743,0.25270521177909366,-0.7271400611520973,-0.8793965765666991,0.47608997166749556,0.0,-1,False,56000.0
-315.83633713111743,128.28363213198963,-0.7426598123418329,0.4457262798532551,0.6686274292871072,-0.7435975798807879,0.0,2,True,56000.0
-87.56564023000018,-22.640478529301543,-0.5235394617639506,-0.8252538600264521,0.9354207554660813,-0.35353643410973445,0.0,3,True,56000.0
32.30395619865877,34.26310734644167,0.10696736084935034,-0.7623323266827382,-0.7110884038021996,0.7031026112721164,0.0,-1,False,56000.0
89.34951512470344,-173.35155720651366,-0.7185834178490866,0.48742781837776294,0.7403124652116122,-0.6722629350574412,0.0,2,True,56000.0
221.4596296316067,-85.19811525836876,-0.259469398226614,-0.8660254037844387,-0.7260989843249646,0.6875901867841927,0.0,4,True,56000.0
-46.43872029444949,-194.39727903505624,-0.7671937524694613,-0.06329564569873047,0.9161951278588975,0.40073243902539124,0.0,-1,False,56000.0
-14.107738939870075,88.09995530273379,0.679237308294898,-0.36225580963304643,0.1799998731313734,0.9836666334039861,0.0,-1,False,56000.0
-157.2080870911339,89.73822417980494,-0.7413049387946733,-0.20750802469113802,0.39074602116703494,0.920498531743425,0.0,-1,False,56000.0
80.35242880432547,284.403022162425,-0.7745106946393145,0.39055893344812076,0.17302112880660436,-0.9849181128327967,0.0,2,True,56000.0
15.136361486543416,53.83962830584556,-0.8070632908184083,-0.33417618294765755,0.45188634261913524,0.8920755199835568,0.0,3,True,56000.0
39.32125841433848,45.372687260719196,0.006458423376693334,0.8660254037844385,0.9376018988790075,-0.34771062569043704,0.0,1,True,56000.0
63.13631238982472,245.46062204785326,-0.9900432482346498,0.017245599935937897,0.044772355140458076,-0.9989972153188579,0.0,2,True,56000.0
-7.057584331609278,-196.0557376189679,-0.5336692994298163,-0.8077084665167473,0.979731259642361,0.2003163969305165,0.0,3,True,56000.0
70.31109822434199,37.40660967184259,-0.26947824239442286,-0.8660254037844387,0.36905101614152813,0.9294091389074386,0.0,4,True,56000.0
22.840720399242148,-162.5155572504224,-0.5617537133207596,-0.7590648347568406,0.7953264416476495,0.6061813682518918,0.0,3,True,56000.0
-88.6280596781799,-100.67907579736453,-0.5932843144680378,-0.4905163756683183,0.6191693897780104,0.7852574525348825,0.0,-1,False,56000.0
155.8093636005339,-150.2253065280928,0.5901382003994559,0.7099014609897556,-0.9991724022983787,-0.04067567436292521,0.0,0,True,56000.0
-314.6413961856326,-61.89825039705254,-0.6223148979499697,0.6541697860124887,0.9468800288193433,0.3215870193630587,0.0,2,True,56000.0
130.89025320367838,-134.3548792125738,-0.1580805507325554,-0.8660254037844387,-0.8149153573740754,0.5795799861240787,0.0,4,True,56000.0
143.1254345392516,82.29341210478931,-0.47414620722522965,0.606447002438401,-0.1593311769639607,-0.9872251901399617,0.0,-1,False,56000.0
-101.15697782876705,15.9043690751276,0.7155815185670009,0.2837880950250331,-0.36826783221410797,-0.9297197447381722,0.0,-1,False,56000.0
-250.2840411783515,12.003396379572088,-0.19620013201760617,0.8660254037844386,0.8364878322639674,-0.5479854984157925,0.0,1,True,56000.0
-5.570101786899445,-66.63400755864505,0.8645880161355555,0.23454043600691538,-0.875610427415283,0.48301799076352847,0.0,0,True,56000.0
-68.76945383301212,55.85916374938915,-0.7630390977146865,-0.10180337887982618,0.5714116861031093,-0.8206635638216256,0.0,-1,False,56000.0
-235.77395140063314,-55.92111457232311,-0.9206129571675052,0.137502391648528,0.9981177900302589,-0.061325991430007165,0.0,2,True,56000.0
107.7223745923914,14.959490704544807,-0.8493858617873605,-0.2608713397224926,0.9580920655375812,-0.2864604579232143,0.0,3,True,56000.0
-56.77022689008249,-29.135596918980685,-0.19164229352428896,-0.8660254037844387,-0.9589472488354602,0.28358450936290414,0.0,4,True,56000.0
176.01534584187084,151.73436092778402,0.8455747637567606,0.26747235514411805,-0.9983502116785852,-0.057418244844341604,0.0,0,True,56000.0
-7.165746821664015,24.312767619388175,-0.018081479511666165,-0.8660254037844387,-0.9334446009795088,0.35872158689132255,0.0,4,True,56000.0
38.942361940498586,-204.46586996369024,0.684821970172775,0.35158421716748206,-0.5596735600211021,-0.828713162808994,0.0,-1,False,56000.0
-318.23458895716834,-63.82158928014805,0.6296083024623039,0.4429288634342181,-0.20827087237167619,-0.978071185405822,0.0,-1,False,56000.0
-85.71502310831778,4.64387899325315,-0.6921945935873228,-0.5331346027511443,0.8382346802747915,-0.5453096558692053,0.0,3,True,56000.0
37.74436973477299,-60.71538203210293,0.668471827607902,-0.5742236387235673,-0.24196849196592923,0.9702841073084714,0.0,5,True,56000.0
-156.63169553242142,-51.99044487205815,-0.5777285490814054,0.7313956075768332,0.39660663861637335,-0.9179886569042884,0.0,2,True,56000.0
-25.395014059395674,116.64026327452757,0.1516725373991316,0.7547105630581179,0.259096889604297,-0.9658513352462488,0.0,-1,False,56000.0
82.40513382571491,178.6747388797459,0.0037696422644468708,0.7697911290667037,-0.914642041116176,-0.40426468634116275,0.0,-1,False,56000.0
65.65893994489376,30.44622511731556,-0.5472004374561005,0.5414464644269501,-0.05895308350618417,-0.9982607544849622,0.0,-1,False,56000.0
142.83245865040905,-10.893148379316493,0.1645535143927081,0.8660254037844385,-0.73858714322168,-0.6741580169867002,0.0,1,True,56000.0
91.92415641874697,153.64633501011926,0.555484814117695,0.5329439125060179,-0.9991254717855106,0.04181257740171562,0.0,-1,False,56000.0
99.30100867934397,-257.8839637094576,0.6223677648357754,-0.6540782178802352,0.009599854211356174,0.9999539203376341,0.0,5,True,56000.0
-49.218924237578285,-260.4470010767198,-0.531306202033671,-0.5570514449071543,0.9279881260450352,0.3726097662688752,0.0,-1,False,56000.0
-84.68252404837598,-72.23586054546416,-0.8744981010189021,0.21737566548163834,0.9836254498611269,0.18022478848663448,0.0,2,True,56000.0
-50.668225938058185,98.44852520884702,0.6115334169370464,0.6728438589077113,-0.7348194631116016,-0.6782627489638124,0.0,0,True,56000.0
244.2871092742161,-396.1320689789195,0.9004713622730761,-0.17238865735114867,-0.9992145010483043,-0.03962803167572437,0.0,5,True,56000.0
70.12889955659773,-107.78313863904494,-0.5741367432852333,-0.5127958586049799,0.7375790239748851,0.6752608261937665,0.0,-1,False,56000.0
-87.28560718534753,56.32902205182279,-0.766343576666277,0.4047047967288306,-0.2908231060064542,-0.9567768397136007,0.0,2,True,56000.0
-136.16378298113733,-8.662974355460062,-0.3295971101891468,0.6956711418102348,-0.008840653194891468,-0.9999609206617448,0.0,-1,False,56000.0
-229.53118065898124,259.931047602645,0.7602723565310973,-0.1207416104217786,-0.6526066060257267,0.757696916828467,0.0,-1,False,56000.0
-88.59267807394271,-323.7299751754024,0.9329367871102205,0.11615689204390652,-0.9216102159290979,-0.3881167477639463,0.0,0,True,56000.0
4.748347852261976,97.12333807674509,0.6319876051614042,-0.6374161656755467,-0.6811155700569196,0.7321759216374482,0.0,5,True,56000.0
-169.06127450868425,-20.60051326576972,0.045317405793258256,-0.7684653052186295,-0.04498411963531941,0.9989877021166154,0.0,-1,False,56000.0
-29.556785867673018,89.56624689272937,0.46788086689390657,0.8660254037844386,-0.5418535356990725,-0.8404729298734529,0.0,1,True,56000.0
-0.7881899244800015,-312.80571557682816,-0.5347076203754022,-0.5537872816389584,0.08787311076072551,0.9961316762380549,0.0,-1,False,56000.0
-55.93881810678804,-1.7266630071675317,-0.5496558676153048,0.7800189181808163,0.4991614562090051,-0.8665089962804849,0.0,2,True,56000.0
-266.0907231123709,-89.87698536740466,-0.6348624449932808,-0.6324367970231137,0.5150287555499579,0.8571729002693984,0.0,3,True,56000.0
91.72318694522278,-23.6403595962411,0.8702242983856087,0.22477810878402443,-0.33287757955959263,-0.9429700509698486,0.0,0,True,56000.0
-109.83798118119806,-1.5683719337381437,-0.7380363498669316,-0.21884912352506342,0.5415882353401791,0.8406439099528009,0.0,-1,False,56000.0
-27.280904643466528,5.987887207208288,-0.9075452136171277,0.16013638741806244,0.6021662952757102,-0.7983706863566489,0.0,2,True,56000.0
138.75588319334307,-74.52890959414825,-0.7052668217576348,0.5104928393920307,0.2899734899628942,-0.9570346781169103,0.0,2,True,56000.0
-325.21439762558754,83.89697711339693,0.7504256702364527,0.17162140321872166,-0.9220299021388828,0.3871186634114561,0.0,-1,False,56000.0
1.3256586576477574,193.4848441581351,0.4339532011194783,0.8660254037844386,-0.3900368075868458,-0.9207992662502084,0.0,1,True,56000.0
118.80859880283401,-147.42294724706542,-0.7373216687379409,-0.45497221579329417,-0.0207869437025594,0.9997839281420848,0.0,3,True,56000.0
-169.03016598418014,-13.960338205002845,0.6785341874401538,0.36357110593049413,-0.9986706357860953,0.051545719687749514,0.0,-1,False,56000.0
195.53443375627577,59.36027458909705,0.5683756167152255,-0.7475953616348123,-0.45000479198368115,0.893026140262099,0.0,5,True,56000.0
-59.47757282797711,45.46589555477587,0.6280686161147945,-0.4451094315381772,-0.34074649034557386,0.9401552155452082,0.0,-1,False,56000.0
69.93138570329874,114.4094543451285,0.5760645991367925,-0.7342776534221545,-0.6922474413216044,0.7216602247480255,0.0,5,True,56000.0
70.42051367188836,-58.48271851228417,-0.9193399136129669,-0.1397073677652362,0.5618064728801592,0.8272686909521453,0.0,3,True,56000.0
-43.56314419361672,-172.99823631622132,0.8669271606805554,-0.23048891880872743,-0.8821722259530689,-0.47092691976228046,0.0,5,True,56000.0
112.27496514999415,295.62502864819606,0.4612782149637158,-0.8660254037844387,-0.12835750598722384,0.9917279620220871,0.0,4,True,56000.0
-77.52332259523831,-83.43851767917945,-0.6370817983723526,-0.6285927642106116,0.8028535016175833,0.5961763622788504,0.0,3,True,56000.0
139.06527490690686,-30.552211478548085,0.9262006800626493,0.12782417169552276,-0.9980792064704531,0.06195076763801248,0.0,0,True,56000.0
-105.38984141751523,208.61900061876378,0.8252846886153381,-0.30261579617845097,-0.5160240329788532,0.8565741050183162,0.0,5,True,56000.0
78.59149043246195,74.86336389789528,-0.06361738475296674,-0.8660254037844388,0.8573053558245003,0.5148082428189271,0.0,4,True,56000.0
-62.997564577533154,172.8755299733756,0.8014294201259425,-0.3439343332302812,-0.5915785280725199,0.8062473845682263,0.0,5,True,56000.0
180.26087980369036,-65.84685489699379,0.7203994935706849,0.27132482793819873,-0.7334745821868583,-0.6797168802416769,0.0,-1,False,56000.0
253.15999204782378,18.809902584646412,-0.9120864061201364,-0.1522708112759001,0.07758037998271688,0.996986100525671,0.0,3,True,56000.0
-66.89762757723094,-71.61519816566828,-0.7601751176333449,0.12135230992330735,0.9963659282077466,0.08517591858289941,0.0,-1,False,56000.0
210.02713955879273,-40.24392165136994,-0.6035964625651464,0.6865910671371979,0.4237148095216503,-0.9057956503493146,0.0,2,True,56000.0
26.302429924501613,75.98500786493625,-0.2348124965723156,0.7331136910780405,0.5962370995525932,-0.8028083962670289,0.0,-1,False,56000.0
-20.551934948757463,306.5725194292203,-0.7019210945005132,0.3160686154742256,0.701212334934392,-0.7129524958476894,0.0,-1,False,56000.0
-43.554405580757006,2.505853642794497,-0.7311428565669982,0.4656742324037925,0.8073493415720316,0.5900737586631641,0.0,2,True,56000.0
59.34956494220778,-289.7344238452385,-0.7245003242242358,0.26017661845671186,0.9711222002416229,0.23858263180186856,0.0,-1,False,56000.0
190.62856013954286,109.52300128648861,0.5866516522669449,0.7159403394982992,-0.4894710771031491,-0.872019532280728,0.0,0,True,56000.0
-228.3530773539471,-44.636486296032665,-0.3562591943461298,-0.6824016259040118,0.042824258434645046,0.9990826206521541,0.0,-1,False,56000.0
-4.489589336197718,-155.63291434857547,-0.4840433448002901,0.8660254037844385,-0.7892435481523417,-0.6140803055785756,0.0,1,True,56000.0
52.827168943507594,49.20185752987258,0.6888298008965228,-0.5389625946485461,0.03636276125959009,0.9993386561086963,0.0,5,True,56000.0
7.749509843461952,-2.495950837192485,-0.8489009046604375,0.2617113101058162,0.7961680003377373,-0.6050756277010667,0.0,2,True,56000.0
-78.4864073253399,-80.43794414546754,-0.664081958365375,-0.5818271152902084,0.9884411151631964,-0.15160528306941112,0.0,3,True,56000.0
-12.624189190487666,-358.11450040651397,0.8773355020982426,0.2124611426507699,0.3263204414148594,-0.9452592075797746,0.0,0,True,56000.0
-287.8826063181379,36.81314615854502,-0.8772315375161204,-0.21264121458919283,0.6166168561364896,0.7872633947593908,0.0,3,True,56000.0
-28.761124032116577,-142.47410223376306,0.6525904349821332,0.6017310176463486,0.45160554411118975,-0.8922177046706022,0.0,0,True,56000.0
-36.90919668163333,162.24575890060098,-0.8953178131192925,0.18131486632480576,0.21288280999145914,-0.9770777395938709,0.0,2,True,56000.0
-80.93840198303472,-178.64015099907894,-0.9584480218496357,0.07197013731142335,0.999984591872811,-0.005551217569734923,0.0,2,True,56000.0
-0.6472611054371042,-4.695293242567137,0.565493898390264,0.752586644186748,-0.8740752752037455,0.48579050348588115,0.0,0,True,56000.0
76.5335296093653,255.3127376786134,-0.7363025347100094,0.22461337888070645,0.43823428251524604,-0.8988607865671264,0.0,-1,False,56000.0
-24.38833888390884,67.58051930346171,0.8733725944526788,-0.21932510003858913,-0.9887609284771297,0.14950527186897122,0.0,5,True,56000.0
66.41266239077812,35.66154841425903,-0.7851242728718038,-0.37217567669934215,-0.25816713977919786,0.9661002680559565,0.0,3,True,56000.0
354.50296194552675,-198.84726252825337,0.7217841091005354,-0.48188405851091226,-0.9976965497233499,0.06783505487341274,0.0,5,True,56000.0
124.52869066110057,-11.998305115576622,-0.3120520563461426,0.8660254037844386,0.692528374454772,-0.7213906366003928,0.0,1,True,56000.0
-63.87036592690336,60.66858247579444,0.6779060264164292,-0.36474102037045386,0.45269582301637185,0.891665010989629,0.0,-1,False,56000.0
-161.7274176179451,213.20860314110072,0.5506392289548603,0.7783156863785076,-0.9876707557527923,-0.15654545100509998,0.0,0,True,56000.0
89.4271020560131,200.6578902609389,-0.5748606321574534,-0.7363629854010046,-0.11786697601007357,0.9930293933041152,0.0,3,True,56000.0
172.60318882976884,-218.28700214485403,0.24835715734390032,-0.8660254037844388,-0.6176680544488883,0.7864389197598272,0.0,4,True,56000.0
-43.85734600552293,0.36088001677085735,-0.4438223988729041,0.8660254037844386,0.5153559014151573,-0.8569762510573,0.0,1,True,56000.0
73.21154133592886,-28.128836862426045,-0.751894834260481,-0.16506589837091157,0.8636073478051464,-0.5041650015784421,0.0,-1,False,56000.0
-39.76813916518226,-115.71123722168785,0.26322373218253065,-0.7233988245832943,-0.017461952092046373,0.9998475284906523,0.0,-1,False,56000.0
-80.12931836677585,169.50134517832254,0.34432421321841766,-0.6885008560518353,-0.6645798133016335,0.7472172855010575,0.0,-1,False,56000.0
-116.32150700254559,-369.567195325722,0.7822167172433213,-0.3772117107737065,-0.8786246691036022,-0.47751302688227226,0.0,5,True,56000.0
-81.02479603400984,84.09872640420339,-0.2555710785309546,-0.8660254037844388,0.7114547717589345,0.7027318889456053,0.0,4,True,56000.0
71.9440446770107,18.276513576737777,0.017131332168580808,0.7696097128095006,0.12376075599169928,-0.9923120856243282,0.0,-1,False,56000.0
162.14633857488715,235.97696996008222,-0.12138319733183517,0.8660254037844385,0.4553799493617144,-0.8902971985347952,0.0,1,True,56000.0
278.61879229049947,-56.4677496211897,0.1173221946279439,0.8660254037844386,-0.5356970515258541,-0.844410249219097,0.0,1,True,56000.0
51.03130241935641,162.46184506417995,0.9488110292013685,-0.08866189821038935,0.21727501102379737,0.9761104289906227,0.0,5,True,56000.0
-140.82384027066468,93.47477304717361,-0.8999943598420275,-0.1732148497970582,0.9822074818688368,-0.18779899509985692,0.0,3,True,56000.0
-86.84564118949514,-161.93085750048513,-0.8460435092721308,-0.2666604640956762,0.9957316026130667,0.09229612969803747,0.0,3,True,56000.0
24.520984984937982,-102.66256909515944,0.6249490680380949,0.6496072695840778,-0.6582752950414821,-0.7527772817624174,0.0,0,True,56000.0
-7.343774646947415,-11.953047435649468,-0.4674778678333816,0.6116020239326778,0.39782687825831453,-0.9174605032016093,0.0,-1,False,56000.0
295.5498871737927,37.708565543857425,-0.978076851955696,-0.0379720062745887,-0.11314849372546543,0.9935780887113841,0.0,3,True,56000.0
3.642220730750939,4.867201381155183,-0.5741947007245997,0.7375164124770649,0.8891472594060613,-0.45762118732665724,0.0,2,True,56000.0
-171.19781652573778,-28.737027160507722,0.692200242307089,0.33682549954330876,-0.9546161808042626,-0.297838794226437,0.0,-1,False,56000.0
-219.48992045797468,-38.030851856534284,0.7749919425213311,0.38972538766543274,-0.2622259369906698,-0.9650065066977356,0.0,0,True,56000.0
262.09825708933954,197.94990745929815,-0.3656785722265422,-0.8660254037844387,0.3050910485166344,0.9523231867988775,0.0,4,True,56000.0
12.399988238103525,-74.57669046419132,-0.7633652387169036,0.40986342937925563,0.13964732870674101,-0.9902013045763317,0.0,2,True,56000.0
-244.21805097659427,48.861000978884874,-0.44279523906873713,0.6297022858864751,0.9597717462120497,-0.2807814010448201,0.0,-1,False,56000.0
-60.725324077524334,115.47494123500668,-0.9682738699539694,0.054951269167263,0.8387361416154243,-0.5445380471075453,0.0,2,True,56000.0
-270.9639836818764,-0.8266203099812061,0.7202559510125214,-0.2717056451817677,-0.47710318736363455,0.8788472840073711,0.0,-1,False,56000.0
42.04624988881338,79.90658246660328,-0.10742586276307663,-0.7622678509567362,0.680340242287098,0.732896414730244,0.0,-1,False,56000.0
49.69135245905451,126.87064640186762,0.2070655729968538,0.8660254037844386,-0.8206749542797191,-0.5713953267376116,0.0,1,True,56000.0
53.74376367333006,428.071282472532,-0.9697649591452023,0.05236862692943087,-0.16176624752680402,-0.986829104334026,0.0,2,True,56000.0
39.79675974013636,142.55437791366552,-0.6632492729151853,0.58326936879666,0.6720014390495109,-0.7405498402639907,0.0,2,True,56000.0
100.80459408426677,-62.535960604870645,-0.6495076543132803,0.6070705503933933,0.8528405827689783,0.5221713707030684,0.0,2,True,56000.0
-69.38004125540954,-155.818560631484,-0.36634902685198056,-0.6770383911693629,-0.7496415111826573,0.6618440939613348,0.0,-1,False,56000.0
62.05104146186595,-153.41570280015375,-0.7156029425170833,-0.49259015308349846,-0.2068016463487239,0.9783828898069369,0.0,3,True,56000.0
-100.9808382969296,-7.701836470785943,0.5832594042840391,-0.5023953223377187,0.4267165669449797,0.9043854109251765,0.0,-1,False,56000.0
-62.63602666902415,226.29684581924278,0.06637452198276071,0.7669335143440742,0.1917869374276614,-0.9814365851300233,0.0,-1,False,56000.0
9.243357115784882,-138.18481712617873,-0.5420048253806814,0.7932709120620395,0.44226446841662737,-0.8968846859969494,0.0,2,True,56000.0
-69.60735076087556,-14.266824032779498,0.28834629839703535,0.7137569647949645,0.720774774728512,-0.6931693329300679,0.0,-1,False,56000.0
14.082297779607297,44.72352357465672,-0.512312576659571,0.844699395437975,0.9953168608106006,-0.09666616050038714,0.0,2,True,56000.0
-24.418053513357975,-40.682990103250056,-0.4409430514007937,0.6310006481882164,0.039218099810347296,-0.9992306743924566,0.0,-1,False,56000.0
-37.86013658953059,-84.19071235986503,0.3495660881025847,0.8660254037844386,-0.828048546520099,-0.5606564051231374,0.0,1,True,56000.0
-306.59306467787985,-23.673039131401282,0.938181830339274,-0.1070722106832905,-0.9944145144352213,-0.10554512532668131,0.0,5,True,56000.0
85.11131694982626,-26.75483247575693,-0.6830299382116704,0.5490082514956335,0.022275656276946276,-0.9997518667834093,0.0,2,True,56000.0
-67.84052515986261,-196.2133441821238,0.4790427025454363,-0.8660254037844386,-0.30175550193647843,0.953385345519125,0.0,4,True,56000.0
-184.7261316285475,-124.10569314923437,0.5880106451007231,-0.7135864948630731,-0.9030319839514817,-0.4295733184921876,0.0,5,True,56000.0
98.27538849012649,61.32016105117658,-0.4241829322935141,-0.6423872917045201,0.38842478315986906,0.9214804326880024,0.0,-1,False,56000.0
120.02159189280292,-99.44152072442755,0.9196701255913714,0.13913542384137226,-0.9997423919407041,-0.02269691072260327,0.0,0,True,56000.0
-49.79614262828145,88.08684063526005,-0.15355364052141507,0.8660254037844386,0.875586543130187,-0.4830612854378947,0.0,1,True,56000.0
20.93616828190357,12.97369997435673,0.8921130590578131,-0.18686566318505027,-0.9969642864359608,-0.07786020530965854,0.0,5,True,56000.0
49.743341103614654,-152.7837371434789,-0.21872000921787949,-0.7380746237070633,0.19369191543754555,0.981062404688794,0.0,-1,False,56000.0
24.574790277645317,-245.41794259419623,-0.5862184570504674,0.7166906556228342,0.7665973234683349,-0.6421281364733454,0.0,2,True,56000.0
98.46702497115871,320.83872738446246,-0.5022004384792805,-0.8622141325393954,0.7683761542113952,0.639998504403668,0.0,3,True,56000.0
46.23651194425457,130.8363717689806,-0.7650973470625404,0.08496259241839796,0.6543505197264808,-0.7561913761299949,0.0,-1,False,56000.0
-20.634915479148418,-121.81506563395615,0.5581038714700952,0.765386546281782,-0.261037193630452,-0.9653287437661364,0.0,0,True,56000.0
60.65421918438822,24.823535966362623,-0.7282478522251772,0.24949480620247186,0.7584428411223252,0.6517395620567725,0.0,-1,False,56000.0
-48.28217705252903,112.43241185682027,0.4982917765230147,0.8660254037844385,0.4264813204474045,-0.9044963699811212,0.0,1,True,56000.0
-0.77936350964205,325.1669860256103,0.6177633054805203,-0.662053375424923,-0.17248891831192897,0.9850114583390488,0.0,5,True,56000.0
11.794913265363872,153.460033617301,0.9557079671272743,0.07671605130607195,-0.9827485442311681,0.18494674587876214,0.0,0,True,56000.0
-237.72593047206598,31.36164203022674,-0.9927826733497964,-0.012500776452973116,0.07664968812536027,0.9970580852237105,0.0,3,True,56000.0
-266.04253457842003,42.09863014917211,0.6092857233580127,0.47049282662405767,-0.9630242579339741,0.2694146963889844,0.0,-1,False,56000.0
54.61532325393254,-39.99532297926497,0.7445260865061106,-0.19563613956651238,-0.6897491541247976,-0.7240484130111159,0.0,-1,False,56000.0
-86.6044961965514,-49.64072574136051,-0.2832352850603338,-0.8660254037844387,-0.9927831464031224,0.11992340979812516,0.0,4,True,56000.0
217.33388119748034,61.99035146595103,-0.5643710900913096,-0.7545314052076976,0.959411170639831,0.28201100271294816,0.0,3,True,56000.0
222.78930924552944,-117.21502726483892,-0.4346186786657248,-0.8660254037844387,0.14249507319826665,0.9897955112617198,0.0,4,True,56000.0
-180.51213791177176,24.022810988451724,-0.5075221746574525,0.8529966150943238,0.6489505772663156,-0.7608305647549404,0.0,2,True,56000.0
-64.18617405500731,-26.27465226131898,-0.6974516280053685,-0.5240291520419507,0.733370367140343,-0.6798293201974179,0.0,3,True,56000.0
64.26425525804142,189.80337541150945,0.6576547101418628,-0.5929594357661875,-0.7771302007480264,0.6293398534058565,0.0,5,True,56000.0
-271.50148696667026,-216.44664640153178,0.622798332844418,-0.4524542288439857,-0.9986176825188549,0.05256162250479712,0.0,-1,False,56000.0
-30.340470286170852,45.01552866230291,0.10371368502125233,-0.8660254037844388,0.985488608625394,0.16974157495824427,0.0,4,True,56000.0
-167.73962478021775,-9.050756177430825,-0.954309431132554,0.07913838670514123,0.9999110102962143,0.013340595490960741,0.0,2,True,56000.0
25.569331462933505,-36.051968732473036,0.2955489933919937,-0.8660254037844386,-0.9556566501541156,0.2944832202620348,0.0,4,True,56000.0
75.84817231294574,70.57506408881025,0.49703867710753996,-0.5878308821861769,0.06844483321874562,0.9976549026618526,0.0,-1,False,56000.0
132.34704687688838,-161.7900906014784,0.10965349354924793,-0.7619505915379535,-0.3033236948480157,0.9528875779143511,0.0,-1,False,56000.0
153.07012865825732,68.7617853587448,-0.8187291710481092,0.31397028567480284,0.3323750319645914,-0.9431473045745,0.0,2,True,56000.0
-230.28747018201003,-17.172601246647623,0.8506335329680943,0.25871030984632276,-0.25624107591779594,-0.9666129064998817,0.0,0,True,56000.0
-36.32753186632327,-44.52762078360045,-0.9384370521348795,-0.10663015356610235,0.7550848521541896,0.6556270784881537,0.0,3,True,56000.0
-229.58803734559777,-105.0252524520023,0.2642843157641889,-0.7230120282772942,0.6515770037383668,0.7585824992701733,0.0,-1,False,56000.0
10.000598793418764,149.9046069852,0.6367534297035959,-0.43259410808898,-0.6047884001857388,0.7963862071886941,0.0,-1,False,56000.0
-44.41770630960331,28.605443390297573,-0.5685735273517752,0.7472525703569499,0.07201917446072986,-0.9974032476935513,0.0,2,True,56000.0
61.219393914616774,162.19317939200943,0.12265108106255618,-0.8660254037844387,0.02789523184813314,0.9996108523019658,0.0,4,True,56000.0
73.48470832580254,-14.722611268089164,-0.5176581654088509,-0.5697566290778329,0.9979352689228298,0.06422771239566505,0.0,-1,False,56000.0
99.77288718875208,152.21492865117563,0.525667396089746,-0.8215681696590044,-0.9796778272971515,-0.2005775528367612,0.0,5,True,56000.0
290.4677864574379,-19.181531761260146,-0.958757297746047,0.07143445574528262,0.6752463203379652,-0.7375923039657697,0.0,2,True,56000.0
-242.62083461404785,140.57944829362782,-0.567871672298903,0.7484682189680735,0.8753565114074313,-0.48347800150189274,0.0,2,True,56000.0
18.096237860128372,-98.42273939265517,0.9772164393344148,0.03946228465012176,-0.2814660442354008,-0.9595711885744334,0.0,0,True,56000.0
-99.68123082964892,29.906673811872896,-0.1245262828357794,-0.8660254037844387,-0.23262487934980425,0.9725665352597576,0.0,4,True,56000.0
232.82586910050094,-283.1466691610603,0.5509616065121764,-0.5376187317626815,-0.8741199499301653,-0.48571011224145166,0.0,-1,False,56000.0
-32.235345082785486,-61.71355160073947,-0.39707206455215993,0.8660254037844385,-0.5329752906963083,-0.8461308051990679,0.0,1,True,56000.0
149.5174900802547,-14.419209266439207,0.9508250836257853,0.08517345361809112,-0.9277541580229507,-0.37319193757478875,0.0,0,True,56000.0
277.6237115692429,-57.35902030209793,0.34281607383685825,-0.8660254037844387,-0.728671891154651,0.6848629607743563,0.0,4,True,56000.0
-140.14668482985158,-163.0623577292892,-0.9208264777822306,0.13713256309536068,0.9866732896242119,0.16271391932395574,0.0,2,True,56000.0
3.8606334936942943,-161.7398467252375,-0.7121604475504446,-0.2922671543936179,0.7161382796199081,-0.6979584260273891,0.0,-1,False,56000.0
124.88764094401256,15.399026934453053,0.6362522476885675,-0.6300295881423807,-0.7333635277961817,-0.6798366981106269,0.0,5,True,56000.0
4.618838688055681,-81.32581619235157,-0.9185260104262554,0.14111708943706283,-0.021515559757114,-0.9997685135509956,0.0,2,True,56000.0
-43.49529315682126,-91.4962489972203,0.7124202580714624,0.49810272424777313,-0.8635379592866249,-0.5042838415721114,0.0,0,True,56000.0
185.47957602076247,-9.524094113929273,0.3517096658587452,-0.8660254037844387,-0.5206573532089452,0.853765729312792,0.0,4,True,56000.0
11.032127676652653,-8.73130381895052,0.7985852748400859,0.34886053736949296,0.08553543619798479,-0.9963351289370341,0.0,0,True,56000.0
68.66895626849974,56.2351356745142,0.7723288797738899,0.3943379476477452,0.2649716842555901,-0.9642561934166995,0.0,0,True,56000.0
82.12999010527065,-67.59389141968224,0.8152957132291198,0.3199172090629368,-0.6286601653972035,-0.7776801376160063,0.0,0,True,56000.0
-98.19990612793106,-181.81829476691243,0.04724236515202035,0.7683493681440986,0.733468220113053,-0.6797237454170713,0.0,-1,False,56000.0
171.16542681618262,-4.629356282683377,0.3680840987192976,0.8660254037844386,0.6884485888021508,-0.7252851443232683,0.0,1,True,56000.0
-196.15722431284806,-376.96412298933524,-0.5771626649188735,-0.5093877215013495,0.880376782661502,0.4742749419378689,0.0,-1,False,56000.0
-397.805577241938,-228.85341667409793,-0.8301325074200798,-0.29421912770275105,0.9158900006338975,-0.40142932969382544,0.0,3,True,56000.0
-205.54625894879837,9.084087323702212,0.6586128419713461,-0.3985244245752311,0.03793959004631037,0.9992800345783122,0.0,-1,False,56000.0
-5.654868343757499,-117.80874575711435,0.5869404671422753,-0.49808983188115763,-0.4691023570523015,0.8831438040362275,0.0,-1,False,56000.0
238.88023720561756,104.28240202416725,-0.7194341571893137,-0.48595429461649176,0.9677437605383533,0.25193652759915264,0.0,3,True,56000.0
-237.15558448364214,-135.13991426254233,0.7161834401636551,0.2822656065268039,-0.982386969926279,0.18685781042996386,0.0,-1,False,56000.0
91.95251035199074,-88.748090908795,-0.5908456932077966,0.7086760474997204,-0.07466191042385589,-0.9972089044586292,0.0,2,True,56000.0
22.034372367381664,144.14670476766088,-0.8961083578187725,-0.17994560273965196,0.9815016632698227,-0.1914536105645421,0.0,3,True,56000.0
-226.4363758160268,-25.306327661768794,0.8319127963735778,0.29113557678313917,-0.9445196884183307,0.3284548038767794,0.0,0,True,56000.0
-147.64827407383206,145.14297827969838,-0.7639327553053699,-0.09486484050552232,0.2970795720420262,0.9548527257514818,0.0,-1,False,56000.0
-229.84812440934772,-103.74237457693722,-0.5431147931013656,0.7913483915750535,0.45242363861976975,-0.8918031460012357,0.0,2,True,56000.0
5.520124164186073,-104.1993628903369,0.7604249531266842,0.11977680599712243,-0.31569443521761714,-0.9488609084435093,0.0,-1,False,56000.0
-3.605022299026352,-47.40994145622805,0.8162467239676949,0.31827001014518114,-0.9627350640591261,-0.2704462912127208,0.0,0,True,56000.0
-21.375833096984575,-100.43265957551938,0.9305509028464135,-0.12028936480979835,-0.9723497501674484,-0.23352936292672977,0.0,5,True,56000.0
-7.4601721334723505,-186.4787825517948,-0.18340669466642437,0.8660254037844386,-0.5021906509709473,-0.8647569312108071,0.0,1,True,56000.0
88.89336812531913,-347.1387186829796,0.02199049413012996,0.8660254037844386,0.5952893834101511,-0.8035113875974815,0.0,1,True,56000.0
9.669881353760577,-181.54420732411387,-0.5396123841781336,-0.5490091688070269,0.9473222962820902,-0.3202818555062065,0.0,-1,False,56000.0
213.8171381945205,135.15097903210696,-0.2523915148835776,-0.8660254037844387,0.5944418900591765,0.804138569739442,0.0,4,True,56000.0
60.467858982255315,-31.408569875651164,-0.4294525732349538,-0.8660254037844388,-0.8002153324306575,0.5997127827073659,0.0,4,True,56000.0
-171.0642421027827,35.72951503239197,-0.419277981877768,-0.6455993854590464,-0.7492508868357866,0.6622862738842193,0.0,-1,False,56000.0
11.977917061976003,211.63750142575083,-0.3588775237575424,0.8660254037844385,0.7978659143332794,-0.6028349548132292,0.0,1,True,56000.0
61.16571873541686,-10.476477866159525,0.34953873509408373,-0.8660254037844387,0.5338769699674328,0.8455621685825575,0.0,4,True,56000.0
-69.26564410359838,-15.231298419371035,0.7695966399423467,0.01770887862181772,-0.880511506585353,0.47402477442687596,0.0,-1,False,56000.0
38.36898211921852,120.30001314284345,-0.97105269171289,-0.05013820869563394,0.7749240168830717,0.6320544027672577,0.0,3,True,56000.0
-133.35640969293993,185.58728698396848,0.8102181071764019,0.3287118807270635,-0.9984133585066501,-0.05630955118862652,0.0,0,True,56000.0
46.98799693990694,267.15765713832303,-0.9273690668732184,0.12580046637672354,0.9956982952294837,-0.09265476175994941,0.0,2,True,56000.0
-37.2257116622157,36.68887516815501,-0.13433807961824412,-0.7579880427533634,0.5753942820760886,0.8178761643144531,0.0,-1,False,56000.0
176.6522382372942,-72.52418510984182,0.9103017231182011,-0.15536197291065648,-0.9286408467884512,-0.37098002328388974,0.0,5,True,56000.0
186.799246110111,-154.79292238820724,0.13917098847619608,-0.8660254037844387,0.8534206430430388,0.5212227988370794,0.0,4,True,56000.0
-171.92149903545146,35.7604382116683,-0.7158414421767,-0.4921770595554546,0.7055578273722407,-0.7086523493458632,0.0,3,True,56000.0
-47.61359826898557,261.4961437458912,0.9148914188921063,0.14741238663896852,-0.9800198295494306,-0.19889980816865288,0.0,0,True,56000.0
-92.43906214621364,-309.5394850760636,-0.5331788321015787,-0.8085579808487077,0.8874264887778233,0.4609492672898481,0.0,3,True,56000.0
77.08080391630102,46.4976492491822,-0.9795205595261713,0.03547143141125371,0.9998477249576422,0.017450699029398536,0.0,2,True,56000.0
33.22032366538861,-97.36933857371037,0.6303599108384943,-0.6402354149420175,-0.051816117068323286,0.9986566427013932,0.0,5,True,56000.0
23.05073797907256,44.100273729232214,-0.08693384637459622,0.8660254037844386,0.885615321963404,-0.46441953178481726,0.0,1,True,56000.0
-88.77230679006068,-189.42686202912813,-0.21180109163123034,0.7400897852128561,-0.31632169055016435,-0.9486519847063181,0.0,-1,False,56000.0
59.70948937160288,192.79401410648873,0.7521428342800077,0.16393214887211457,-0.32866108588820925,-0.9444479290159026,0.0,-1,False,56000.0
92.34807195157211,-156.09587441654227,0.2135770613861868,0.7395792259401512,-0.6774075289446436,-0.735607938870077,0.0,-1,False,56000.0
1.4880732279410929,4.502745603364097,-0.8048350392642252,0.338035627851547,0.039273821291050504,-0.9992284858634125,0.0,2,True,56000.0
91.72185403059929,-50.81384930902639,0.6649581085525621,0.5803095786509391,-0.9493890469878136,0.3141025906599472,0.0,0,True,56000.0
-169.1832493154259,48.645337574964735,-0.3714912625812773,-0.8660254037844388,0.4417649245026867,0.8971308441240698,0.0,4,True,56000.0
-58.167421423317954,10.669834622219625,0.5002892794009604,0.5850668590076353,0.38585365302107993,-0.9225600026285775,0.0,-1,False,56000.0
94.30230760050816,-49.136103208323,-0.5129291604219247,-0.8436314410344566,0.9968742196305171,0.07900500133305681,0.0,3,True,56000.0
45.140928429387024,-12.994257022930512,0.5842979187998731,-0.5011871254119854,0.1409015722744461,0.9900236092791792,0.0,-1,False,56000.0
-21.71776847674277,67.7696169875434,0.323143001468135,-0.6986924882913492,0.8121584516952063,0.583436928330413,0.0,-1,False,56000.0
254.13457741035182,-260.77463445949604,-0.7813017823352418,0.37879642452011847,0.37291979877273695,-0.9278635803193398,0.0,2,True,56000.0
-136.6109531983857,6.967248325596268,-0.5289817845708168,-0.5592592101922562,-0.3872386993725112,0.921979495275183,0.0,-1,False,56000.0
-35.761488809473775,52.80371991078521,0.8156335112668018,-0.31933212569897396,-0.5950645450396578,-0.8036779126219933,0.0,5,True,56000.0
-3.18032669002757,185.14642414545588,-0.8511201136822194,0.2578675273274749,0.9824588203144557,-0.1864796674868226,0.0,2,True,56000.0
131.8832614804625,83.75511946147758,0.6270748468463919,0.6459253126824542,-0.058444527258322276,-0.9982906576910119,0.0,0,True,56000.0
103.38083611461033,229.8776886954681,-0.5311754947971966,0.8120278628445949,0.9904273331936416,0.13803513198676282,0.0,2,True,56000.0
92.54320896172125,-144.63976818930865,-0.27418112065542666,0.8660254037844386,-0.9831143492471903,-0.18299228482064828,0.0,1,True,56000.0
19.515026806810553,-157.48098513106567,0.34429599332233324,0.6885149683011839,-0.9833557904065584,0.18169036703537383,0.0,-1,False,56000.0
-133.28359212435325,203.82827366029122,-0.3200520418675654,-0.70011376439047,0.03815718081327807,0.9992717496017173,0.0,-1,False,56000.0
96.80055129243523,211.17873220082677,-0.38751545244686747,-0.8660254037844388,0.6720858573291087,0.7404732273201253,0.0,4,True,56000.0
-97.92197918061976,-7.396074934016972,0.3383005696858852,0.8660254037844385,-0.05113722080480615,-0.998691636416351,0.0,1,True,56000.0
-171.39885490205023,-35.825833269099704,-0.691486073698537,0.338289229023884,-0.1378547973876706,-0.9904524495587474,0.0,-1,False,56000.0
74.40136648315966,137.28972704652628,0.050301250978434575,0.7681551775146718,-0.7922789365161566,-0.6101590667624819,0.0,-1,False,56000.0
-89.11903668586459,-174.35948459293581,0.4709294699475328,-0.6089482957752063,0.08014117947629462,0.9967835228131998,0.0,-1,False,56000.0
103.20894905529485,155.16693568799977,-0.7291904430544807,-0.2467263470945137,0.21126637209632465,0.9774285242517193,0.0,-1,False,56000.0
-198.18667788925296,-69.01017400488537,0.6066741576396277,-0.6812603428979918,0.2377626437678405,0.9713232856409191,0.0,5,True,56000.0
158.05055702780183,-120.6013237155082,-0.5820975685137619,-0.7238282439407366,0.5781329789508898,0.8159425584248678,0.0,3,True,56000.0
47.12002260639633,1.3918037472058682,0.7814426450184829,-0.37855244319585435,-0.5002956174075261,0.8658546617085627,0.0,5,True,56000.0
138.0754607676149,67.66682274408757,0.7890143791923625,-0.36543781490528915,0.2550301807723877,0.9669330932876548,0.0,5,True,56000.0
25.746747717897925,116.77632669387657,-0.7406171097354681,0.44926434455223185,0.9447856304172253,0.32768904857619696,0.0,2,True,56000.0
-165.7381451861074,65.62397940950433,0.5818182513903194,0.5040636020798401,-0.9781718350607331,-0.20779764458124536,0.0,-1,False,56000.0
223.58153603687447,224.5455955607923,-0.07951584526558958,-0.8660254037844387,0.7659966721381372,0.6428445366282657,0.0,4,True,56000.0
-161.93568258707978,-92.37261797331453,0.6204557976290782,0.6573898422246407,-0.6348565709493388,-0.7726300112745055,0.0,0,True,56000.0
-142.94353761731668,92.16328275564699,-0.6811690564827129,-0.5522313931970644,0.9950758211179069,0.09911664959122585,0.0,3,True,56000.0
116.0865884674569,191.78431555922447,-0.6682549993476297,0.574599196286876,0.992828500722426,-0.11954734690885466,0.0,2,True,56000.0
50.29888055267124,175.27945175630336,0.6749365228226409,0.37020708090564003,-0.999479952130089,0.03224632210967732,0.0,-1,False,56000.0
-75.41563719947065,-77.46914721310831,0.5432789587627033,0.545381119546969,-0.9248760578505466,0.38026869134134456,0.0,-1,False,56000.0
196.5114789613912,-117.56008315155285,-0.34790733134183127,-0.8660254037844388,0.9114624302817115,0.41138332268650124,0.0,4,True,56000.0
25.368311833419387,68.69398953691426,-0.7382717363904328,-0.45332665034855113,0.859594517904045,0.5109767751952786,0.0,3,True,56000.0
26.522869748832733,183.02692977127097,-0.7524615560791124,0.16246291643200636,0.8907221909960308,0.4545481035785177,0.0,-1,False,56000.0
-129.2686024695334,-65.34897100261718,-0.610281580388189,0.46920036789359687,-0.12145570505551323,-0.9925968525585325,0.0,-1,False,56000.0
-134.8119998125341,48.60140234259108,0.762542322555742,0.10545993980600905,-0.9128645261690125,-0.4082626077194649,0.0,-1,False,56000.0
-83.51311161367559,5.756940948950817,-0.5574833003170118,0.5308530516633063,-0.29085330086279026,-0.9567676611262004,0.0,-1,False,56000.0
-43.61083769532544,35.38169262787227,-0.5959858232833425,0.6997730810513616,0.9990092693733669,0.0445025808882446,0.0,2,True,56000.0
-60.11691186458538,29.993540063516523,-0.7341972084212961,0.23140235897451042,0.6984805377096963,-0.7156290508639562,0.0,-1,False,56000.0
-210.1721986302796,-161.93684504697544,0.3283504613951137,0.8660254037844386,-0.8189939611594853,-0.5738021362664357,0.0,1,True,56000.0
-79.29786029284696,-43.76822218917896,0.8788912907582014,0.20976643764588207,-0.98084715333946,0.1947790075585708,0.0,0,True,56000.0
51.597186066808995,-143.58930212369873,-0.9613934793216761,-0.06686845531831528,0.32649116600371597,0.9452002531322271,0.0,3,True,56000.0
159.18761081209044,114.9817210423076,0.4172415049853276,0.8660254037844387,-0.9397466199333658,-0.34187174543030374,0.0,1,True,56000.0
193.62451262885958,-222.31870712942126,-0.2018866102765014,-0.8660254037844387,-0.43619507408983604,0.8998521308189469,0.0,4,True,56000.0
71.16690997047235,181.2217057724483,0.5855971045405545,-0.4996685138632524,-0.8321041085109986,0.5546194664801765,0.0,-1,False,56000.0
292.8805740583462,-270.72931885997923,0.5376592853390022,-0.8007976082005529,-0.696897206261033,0.7171710283504178,0.0,5,True,56000.0
150.73037725316064,-377.51245315527075,-0.39090075817847414,0.663166034902336,0.9618096221076731,-0.2737192920142213,0.0,-1,False,56000.0
-226.28737710407776,247.57884268837932,0.7682684818051763,0.04854000883149805,-0.8735367616706566,-0.48675818021851924,0.0,-1,False,56000.0
-59.048081656711034,26.151846713361262,0.035727507307158554,-0.8660254037844387,0.5723309793789559,0.8200227131261711,0.0,4,True,56000.0
-85.55095137039841,-107.093359069067,-0.9236969022579701,0.13216084206409012,0.8596032568156895,-0.5109620738092842,0.0,2,True,56000.0
-147.79827408844832,-130.45088220420018,0.5252936380035266,-0.8222155376540753,-0.5536430771277759,0.832754071228783,0.0,5,True,56000.0
-319.2088510980924,-60.30030655241328,-0.03771235990300298,0.8660254037844386,0.3023548158843886,-0.9531954496907251,0.0,1,True,56000.0
-120.04051268096806,-170.2959807353047,0.44648840907024245,0.8660254037844386,0.6551803881066931,-0.7554724740451984,0.0,1,True,56000.0
90.36449148474428,3.1434147362438374,-0.6980150301060305,-0.5230533109785129,-0.2617129358709921,0.9651457605965265,0.0,3,True,56000.0
-66.07676950744373,-9.262505977263602,0.7660164112821315,-0.07623286849539701,-0.9917001620359511,0.1285721144632604,0.0,-1,False,56000.0
37.8134796619072,-131.52832972479084,-0.715377369413734,-0.2843023248643569,0.8439746084493744,-0.5363831282695654,0.0,-1,False,56000.0
-88.70524216168104,52.63020810492124,-0.7697632346540979,-0.007560103666783696,0.9918827406432262,-0.1271559232347256,0.0,-1,False,56000.0
166.94218338690936,17.44344691469121,-0.5177884948464326,0.5696381897285839,0.980878147480962,0.19462286554758934,0.0,-1,False,56000.0
17.30238999012491,8.697878900749068,-0.5488546119669607,0.5397695874307752,0.8220100795381041,0.5694729397761701,0.0,-1,False,56000.0
-116.67427366950909,-25.215817193805876,-0.32291574075387264,-0.6987975507727329,-0.6170858343997969,0.7868958463372195,0.0,-1,False,56000.0
-106.22053536573952,-233.34432929300533,-0.9547718762801904,0.07833740821372163,0.9946153645803357,0.103635305471833,0.0,2,True,56000.0
16.14237782189973,29.749093823396098,0.7606686109844384,-0.11821952823284869,-0.8945773385695928,-0.44691317424920074,0.0,-1,False,56000.0
-111.72744949713149,193.56252157423884,0.40318306314461266,-0.6557713093647203,-0.7659119087666005,0.6429455249157382,0.0,-1,False,56000.0
-70.58417848320649,53.56609100870635,-0.45414576346044877,0.8660254037844386,0.5554397494280564,-0.8315567838427893,0.0,1,True,56000.0
106.45644280889148,-300.4841719349553,0.541085439290667,0.7948633354817167,-0.410105869819617,-0.9120379243973953,0.0,0,True,56000.0
-116.59162680522545,-30.43884094135511,0.7163640199427791,0.49127192831369987,-0.27356860497379576,-0.9618524930425946,0.0,0,True,56000.0
170.82576771050245,-214.1199382228046,-0.7697269372030376,0.010631779560510868,0.9520465692247586,0.3059531500525025,0.0,-1,False,56000.0
-46.39065154839953,240.66694751144152,-0.700643246203795,0.31889125754965525,0.6410776734404748,-0.7674760039348525,0.0,-1,False,56000.0
15.141747469570022,34.47674786620058,0.8933508393893058,-0.1847217647622956,-0.5991250102801867,-0.8006554952390423,0.0,5,True,56000.0
-61.92357159121527,-198.66481846317387,0.6167513862248324,0.6638060709889317,-0.6833584746018606,0.7300830056845532,0.0,0,True,56000.0
50.735991629728716,-244.40819664486452,0.11915312710799231,-0.8660254037844388,0.959132757186389,0.28295645264172997,0.0,4,True,56000.0
65.10060592934245,130.28513503085406,0.7332597485340078,0.23435599794423045,-0.13610494619519908,-0.9906944249468804,0.0,-1,False,56000.0
-280.7699363771357,129.4903961084577,-0.6037104100405504,0.47762572522976915,0.9834828540208365,-0.18100131448904627,0.0,-1,False,56000.0
-35.620179936547736,344.4346940296826,-0.538563816274346,0.5500378245108283,0.9241294295158838,-0.38207956959545486,0.0,-1,False,56000.0
-193.2911452997619,268.6465542575601,0.08833277681686216,0.7647155766246786,0.4179827125411365,-0.9084549807318146,0.0,-1,False,56000.0
-43.26788870501766,-19.060601816035792,0.7285340305435861,0.24865791548331906,-0.8020373709275646,0.5972738531320112,0.0,-1,False,56000.0
-221.61891367014945,-160.9125398736567,0.6466704496512301,-0.4176241397961428,-0.9999336067252669,0.011523113338070101,0.0,-1,False,56000.0
87.95573933580077,-68.73684944427774,0.1886733597171644,0.7463209469964178,-0.8157576752233934,-0.5783938237168248,0.0,-1,False,56000.0
-208.4845167073076,-93.30500129875563,0.9539485499383065,0.07976345126907457,-0.8109218019760359,-0.5851545360667926,0.0,0,True,56000.0
-25.360294893464374,-69.60447063193568,-0.21678112555850104,0.7386464216349943,-0.6496591174921996,-0.7602256448310246,0.0,-1,False,56000.0
7.582766713964903,110.0694235289985,-0.9137490135662063,0.14939109070626505,0.5813205699117524,-0.8136746247714882,0.0,2,True,56000.0
136.46195505269873,-185.80945052347025,0.0681858390930591,-0.7667745978706961,0.03131528985767322,0.9995095560427422,0.0,-1,False,56000.0
-182.0091998019012,-130.55687107298306,-0.9608602423069103,-0.067792048920366,-0.3185962101378733,0.9478905289564363,0.0,3,True,56000.0
-14.84924247641594,22.664011067886516,-0.8997346769522208,0.1736646337560608,0.9977437347765377,0.06713746877786375,0.0,2,True,56000.0
-66.68404920600288,-316.04909543368484,0.15595393935456006,0.7538374900417109,0.3980606004475675,-0.9173591218115618,0.0,-1,False,56000.0
-187.22380879420763,-146.51560602352896,-0.8925154292239311,0.18616873761388467,0.935700279620161,0.3527959562103532,0.0,2,True,56000.0
-140.69446201293172,95.99281343314641,-0.6086829199659529,0.6777810644884668,0.9269852996036,0.37509765970801745,0.0,2,True,56000.0
271.39382712982217,-108.99578545059707,0.9125860906789243,-0.15140533223232125,-0.5110023587715739,0.8595793095052244,0.0,5,True,56000.0
54.866607521474144,-10.828013761909746,0.6995346659792723,0.520421224437054,0.11997027150733497,-0.9927774846127715,0.0,0,True,56000.0
-159.5994451879401,-12.242417760130914,0.39417196654506703,-0.8660254037844387,0.9876207373093332,0.156860700100834,0.0,4,True,56000.0
-144.01857486123973,79.09081919786237,0.134749966090134,0.8660254037844385,-0.63518018885435,-0.772363986528747,0.0,1,True,56000.0
191.381087871376,-30.41768631313534,0.652944359521345,-0.6011180023623887,-0.12318113328447389,0.9923842040270499,0.0,5,True,56000.0
31.421543157926166,72.74453251310833,0.24091393855893095,0.8660254037844385,-0.7012869556686117,-0.7128790962068714,0.0,1,True,56000.0
-9.628595104734073,10.841718624321397,0.6180591379927198,-0.45890684734081766,-0.6192353172524885,0.7852054647459428,0.0,-1,False,56000.0
-105.93602474413721,130.16215350560572,-0.2785627734335863,0.8660254037844385,0.786503763741415,-0.6175854836540162,0.0,1,True,56000.0
-297.33403577274845,-193.81999901537188,0.274768593412203,-0.8660254037844387,0.12429889612940714,0.9922448208082092,0.0,4,True,56000.0
-11.726590880486743,81.08912916474618,0.9996587239491496,-0.0005911074594781623,-0.37912936225898,0.9253436803008936,0.0,5,True,56000.0
16.426052342284176,195.5600336277887,-0.7409585709773944,-0.4486729163323999,-0.33275409109534865,0.9430136345031841,0.0,3,True,56000.0
-96.36413959285018,107.38843517603368,0.764997058396645,0.4070370347851529,-0.7402031556858294,0.672383289733096,0.0,0,True,56000.0
-81.01316038844702,-277.4496873852471,0.20619986687308844,-0.8660254037844387,0.591148199389768,0.8065629587068288,0.0,4,True,56000.0
208.7469698627614,97.05239495216072,0.6852368747496614,0.3507748823332554,-0.8569494279613512,0.5154005024410618,0.0,-1,False,56000.0
-38.27846918832018,-2.9342084258993943,-0.7560050075437234,-0.1450828079456939,0.47277157769814543,0.8811850176441351,0.0,-1,False,56000.0
-156.37526911648146,44.75180892224436,-0.8613929685194838,-0.2400744208105529,0.9690065688009608,-0.24703495627193434,0.0,3,True,56000.0
50.48757716334308,-119.99664965655181,0.5345610820868105,-0.5539287337833003,-0.8077792777136261,0.5894850621484473,0.0,-1,False,56000.0
-12.09220198269841,-10.084314522249208,-0.7071579585643659,-0.5072172943587088,0.9843858821041793,0.17602396175982188,0.0,3,True,56000.0
-192.0164101808166,217.32446730431658,-0.37462045771097363,0.8660254037844385,-0.7857165870820227,-0.6185866509906169,0.0,1,True,56000.0
167.05791379553216,48.23316744100098,0.6455705103066294,-0.6138898838496277,0.041213140332240605,0.9991503776027056,0.0,5,True,56000.0
-189.88201763292543,-191.99276948203146,-0.7682211837311481,0.04928291244747796,0.9751318206342515,0.22162565823055874,0.0,-1,False,56000.0
150.96581046986063,18.42069812382472,0.7566367832663452,0.14175108747713389,-0.3453647431153672,-0.9384685366130182,0.0,-1,False,56000.0
-45.97378171472887,-457.36214994494867,-0.2870740100781648,0.7142696306929436,0.49923685550208075,-0.8664655573697447,0.0,-1,False,56000.0
-135.0941460574119,-48.893175165357356,-0.7536985331421014,0.15662411606147014,0.9943985412778027,0.10569551127719651,0.0,-1,False,56000.0
-218.329286740647,98.9555494186846,0.33889307040816874,0.8660254037844385,-0.6205698232999178,-0.7841511935902746,0.0,1,True,56000.0
135.2060065902206,-115.17739726192228,-0.3320322187276482,-0.6945122017066276,0.2048211531122458,0.9787994152212749,0.0,-1,False,56000.0
171.82673611615886,-35.85333109087148,-0.6404967396736077,0.6226779123719723,0.8357065817000031,0.5491762097023403,0.0,2,True,56000.0
-106.15643243778148,-117.26665848049745,-0.7684059000049548,0.04631377149582952,0.5660999990530617,-0.8243365763277081,0.0,-1,False,56000.0
104.72057098881609,1.7828376231799392,0.3175234875627418,0.7012641638060408,-0.6145124711068389,-0.7889071066062403,0.0,-1,False,56000.0
65.04523862003448,130.33940434129656,0.8894955802974526,0.19139926938572774,-0.12683041158340064,-0.9919244158186777,0.0,0,True,56000.0
-46.52772376543536,-7.114557747707573,-0.39612477580592553,0.8660254037844386,0.5452791895756938,-0.8382544991917789,0.0,1,True,56000.0
-81.29607206246362,221.83420784247758,-0.5259007939630826,0.8211639126840065,0.7189479997969606,-0.6950638629562101,0.0,2,True,56000.0
-33.382468542549404,241.8567574831187,0.8484580413180336,-0.2624783719156694,-0.9814606935445287,0.19166352555119576,0.0,5,True,56000.0
180.94324591499753,252.88511312867425,-0.7695300312589367,-0.020399107412153054,0.9356255561438886,-0.352994077415092,0.0,-1,False,56000.0
-167.4601253365088,111.93537260668933,-0.41195731168649447,0.6502951375649589,0.9998726847692243,0.01595663661271257,0.0,-1,False,56000.0
-107.16001552729021,67.89697184470296,0.7690428467943713,0.03414223758047319,-0.6994239944267711,-0.7147069861277207,0.0,-1,False,56000.0
179.9164315181896,-12.1398169561477,0.3783698747265396,0.6703945334592274,0.07307267429315878,-0.9973266186516863,0.0,-1,False,56000.0
-210.22176497664034,77.21368371943382,-0.3496885437061083,0.6857918889818495,0.976084417523157,0.21739183486990843,0.0,-1,False,56000.0
-14.831391496328507,-29.892011749299748,-0.4637370040842496,-0.8660254037844388,0.4195415894405416,0.9077361151399338,0.0,4,True,56000.0
-50.91610810458681,-199.1574151400307,0.19099054409022906,-0.8660254037844387,0.828939439362617,0.5593383643814147,0.0,4,True,56000.0
-150.8465802455233,28.583385903589665,0.7346863692529241,0.4595366883945035,-0.8687604432304553,-0.4952325638299725,0.0,0,True,56000.0
82.20985122961685,-252.20080365169272,-0.7615582285854482,-0.11234614842702303,0.9943412827305211,-0.10623282664773656,0.0,-1,False,56000.0
-361.7404435309019,111.8909275152248,0.8130256430735137,-0.32384908590919215,-0.8445887801235655,-0.535415532543726,0.0,5,True,56000.0
33.96214112326227,-346.36904444137,-0.7585112579874966,0.13135168098969088,0.8181683377543778,-0.5749787570822095,0.0,-1,False,56000.0
492.10262812742775,43.314332669408735,-0.6439746844930068,-0.6166539352388525,0.7231654435401347,-0.6906748448212927,0.0,3,True,56000.0
121.75018322748137,75.6879562933614,-0.70795917135636,-0.5058295530953006,0.9259488840513432,0.3776488635275525,0.0,3,True,56000.0
-23.99661204846743,34.32485839216723,-0.25788332509397727,-0.8660254037844388,0.9787588693018768,0.20501481839753533,0.0,4,True,56000.0
-87.63904074577282,-277.30582158148053,0.6856944311237579,-0.3498796074629934,-0.9926487104633919,-0.1210311431617409,0.0,-1,False,56000.0
119.00238876399864,-129.69974148672625,-0.8517196410250039,-0.25682911550924487,0.9064520559147229,0.4223087381616955,0.0,3,True,56000.0
-155.64561736995122,46.290621668870436,-0.7696850981968746,-0.013320743457474776,0.8875416490919805,-0.4607274911774799,0.0,-1,False,56000.0
72.04368964076441,-0.9832511915271007,0.4113118334573579,-0.6507035947730264,-0.9894329929941003,-0.1449908699687304,0.0,-1,False,56000.0
6.065479180645497,75.24040403237316,-0.8581448614083926,-0.24570030735538878,0.9243845263375178,-0.38146198692324434,0.0,3,True,56000.0
-147.97588354982818,133.84987014455007,-0.07627481447754697,0.8660254037844386,0.7678987780335205,-0.6405712034537934,0.0,1,True,56000.0
94.39714676915932,87.1063144548466,0.9279145138164859,-0.12485572455815039,-0.9999211250412033,0.012559605725022793,0.0,5,True,56000.0
125.33312756070801,-7.091748358609042,0.7638153062401398,-0.09580590037087293,-0.9965658236986105,0.08280434188865449,0.0,-1,False,56000.0
-298.1768577790734,45.63412009706454,0.9023663104484541,-0.1691065108336836,-0.9459560673135288,0.3242948021666252,0.0,5,True,56000.0
-151.85710308244498,-378.54707202988743,0.4194596426201076,0.8660254037844387,-0.5013891979561921,-0.8652218629764507,0.0,1,True,56000.0
-41.55125553376105,-32.94203493827203,-0.7507427941894285,0.17022881531997355,0.9905363981526198,-0.13725029666431793,0.0,-1,False,56000.0
-12.431929183986934,17.49924463613701,0.5924062510651302,0.7059730820026673,-0.2759615077151718,-0.9611686877230639,0.0,0,True,56000.0
-149.74646338766217,135.79138549239073,-0.9627330847369536,0.06454819067696102,0.31306735098519717,-0.9497309270243997,0.0,2,True,56000.0
74.6019794399527,134.2641546938453,0.7608341643618511,-0.11714933603053873,-0.05142857610372925,0.9986766751855418,0.0,-1,False,56000.0
23.502073579005355,142.4424014013889,-0.6270267752609525,0.4465758789930814,0.7959147805491865,0.6054086736270589,0.0,-1,False,56000.0
91.89970081755446,-47.222463146840795,-0.7339267566631065,0.46085237599413725,-0.07828462165849842,-0.9969310497780293,0.0,2,True,56000.0
46.68920997242464,-10.97813113945763,0.6739344928412349,-0.5647620249946947,-0.42803407464552884,0.9037625965606588,0.0,5,True,56000.0
121.76914194846255,-86.6771312802171,0.7208383389750241,-0.27015677236804675,-0.9487654969869173,-0.3159810622913361,0.0,-1,False,56000.0
23.974540006327338,-162.54692132125825,-0.22349516287173163,-0.736642725319086,0.6163619901534666,0.7874629496641631,0.0,-1,False,56000.0
-56.015578839519165,-157.2124764407442,0.573356998041496,-0.5136675436402774,-0.9938355225783467,-0.11086457532079019,0.0,-1,False,56000.0
238.2045943481526,-21.199769593431974,0.2758727250724312,0.7186701831533733,-0.6719528388482636,-0.7405939389189125,0.0,-1,False,56000.0
24.784726744789552,146.14300922378678,0.541413678885108,-0.7942948078270889,-0.8448851213856208,-0.5349477840507315,0.0,5,True,56000.0
-79.33376458704184,225.51137799499716,-0.43222542339377945,0.637003748783836,-0.770358065978427,-0.6376115197999404,0.0,-1,False,56000.0
-166.58291854609223,-45.33215949454256,-0.7109156111282289,-0.29528221491781237,0.7237069504564602,0.6901074190737191,0.0,-1,False,56000.0
-27.57784241644609,-41.16014898727664,-0.6542082417182383,0.5989288941825875,0.8896516658339794,-0.4566398071548492,0.0,2,True,56000.0
23.36092473651777,109.96443761116883,0.33695924040135594,-0.8660254037844387,-0.8111841472466431,0.5847907995645929,0.0,4,True,56000.0
15.015214087030845,42.763386398255975,0.7689249614896942,0.03670144671078475,-0.9474853704018846,0.31979911331024263,0.0,-1,False,56000.0
22.199502000917004,155.25458788398885,-0.6211765811028801,-0.6561414086267598,0.4875685550850997,0.873084706137875,0.0,3,True,56000.0
-156.98494476805075,-77.35150385505916,0.7656667508387629,0.07966818218463438,-0.9997620015621255,-0.021816054460450318,0.0,-1,False,56000.0
111.31950028927211,174.69450452999646,-0.5166071121032856,0.5707098074476168,0.1630419668163431,-0.9866191347507388,0.0,-1,False,56000.0
133.88238532791837,140.11328332076008,0.32777430943169705,-0.6965318332058963,-0.3024318625893476,0.9531710069501032,0.0,-1,False,56000.0
105.60546328581128,-94.76342017688725,-0.769715065360022,0.011459090295897596,0.9494571077797784,-0.31389679910130813,0.0,-1,False,56000.0
-87.456035828165,-99.19334137774676,-0.15287136384966443,-0.8660254037844387,-0.8452919014185388,0.5343047832424285,0.0,4,True,56000.0
174.75265272523325,125.6526391067882,-0.28960999124976283,-0.8660254037844387,0.07237573164076178,0.997377437818341,0.0,4,True,56000.0
121.02538112169431,108.20827214103919,0.3944537279472614,-0.8660254037844387,0.8654527012080534,0.5009906406025302,0.0,4,True,56000.0
251.4149033195348,208.9577125555446,0.5083350204282363,-0.8515887249206088,-0.6999860685464765,0.7141564981434652,0.0,5,True,56000.0
-9.54026491516588,-51.19895981032577,0.3749695211515044,0.8660254037844386,-0.59989883023148,-0.8000758673316802,0.0,1,True,56000.0
215.882049123999,24.25737426945035,-0.6235710132779221,-0.6519941304443096,0.9857034312385204,0.16848960099743343,0.0,3,True,56000.0
237.36355451319798,-34.99705765902853,-0.6815230018745099,0.551618341795367,0.9998599214917896,0.016737305458275287,0.0,2,True,56000.0
-74.77082530123789,80.93156928625486,0.5176806491884843,0.8354016210791825,-0.7441414417734837,-0.6680220914273363,0.0,0,True,56000.0
119.95318487993623,134.74219834454436,0.8176758491311,-0.3157946927517877,-0.9931081051520905,0.11720192609652053,0.0,5,True,56000.0
1.0089277000056576,-92.06317097997064,0.9567908543133803,0.07484043568087112,-0.7747488780878384,0.6322690692270649,0.0,0,True,56000.0
-150.14298824277404,-95.66756119394904,-0.17413543873252152,-0.7498462786265093,0.5544306707638685,0.8322299149369601,0.0,-1,False,56000.0
91.13183157505571,283.7963681266175,-0.8627473647573679,0.23772853771295738,0.6143824067103976,-0.7890084019352734,0.0,2,True,56000.0
95.49072171860671,-34.86589282950719,0.9634591137897847,0.06329067146968632,0.041059738153557124,-0.9991566933680769,0.0,0,True,56000.0
89.32562258663782,-122.50928369055639,-0.2061620257773153,-0.8660254037844388,0.8184166543470335,0.5746252516961916,0.0,4,True,56000.0
111.11553898616872,122.68495053085918,0.9370274383863213,0.10907167619765352,-0.9906550501340069,0.13639124474708234,0.0,0,True,56000.0
-44.973349190471524,-167.25231335347226,-0.47653246010791317,-0.6045737399656823,0.9979224752287437,-0.0644261859262209,0.0,-1,False,56000.0
102.09573338147239,-56.33125356461014,0.9681892198850246,-0.05509788738753899,-0.6246138633328959,0.7809337498994825,0.0,5,True,56000.0
268.89992433460657,-249.50689646596132,0.17609290082914836,-0.8660254037844387,0.6026362487949827,0.7980160096375585,0.0,4,True,56000.0
-239.64976027330343,-117.89493710597836,0.23196609008967675,0.7340192951422329,-0.2208072605305479,-0.9753174630327334,0.0,-1,False,56000.0
48.10122401136296,133.85173820140693,-0.5074541465106841,-0.5788634396657865,0.15357355488811297,0.9881372188307835,0.0,-1,False,56000.0
126.31468017820686,-218.47020022745957,-0.9166600545225732,0.14434901986692364,-0.17974094603548307,-0.983713978917592,0.0,2,True,56000.0
-62.35668050601408,198.80012648720003,-0.7568122262936892,-0.1408113870572345,0.9251486951221002,0.3796049155549221,0.0,-1,False,56000.0
36.763733717329984,-55.77333664540826,-0.5447562078663813,-0.7885053778057528,0.4955069514685685,0.8686039725017967,0.0,3,True,56000.0
-163.4883126290747,-52.64788885420526,0.2862864848915218,0.8660254037844385,0.3281881191413631,-0.944612385295782,0.0,1,True,56000.0
6.691910319407382,-83.52791110507998,-0.947835617829563,0.09035136026463732,0.9950953826553105,-0.09892006579913282,0.0,2,True,56000.0
-251.23757514416366,161.13630447514706,-0.7437655825978213,0.1985078102632632,0.835615578960499,-0.5493146677434637,0.0,-1,False,56000.0
-165.80946931055826,-25.34486321488551,0.8951031215043038,0.18168672310992523,-0.99999581839235,-0.002891919355252237,0.0,0,True,56000.0
21.573047022738272,329.44199013208015,0.43030105075287806,0.6383052548064769,0.4259688290911205,-0.9047378386263893,0.0,-1,False,56000.0
-95.68163648637122,-76.13132850900502,-0.2570277124355697,-0.8660254037844387,0.4206543239731551,0.9072209982812488,0.0,4,True,56000.0
-95.09661556684416,-99.19419758224556,-0.7056208317287248,0.5098796761357168,-0.1537321346612064,-0.9881125597684237,0.0,2,True,56000.0
-96.68127390177317,-17.102151297774874,-0.3993792521636164,0.6580948301983711,0.11256122282643466,-0.9936447912183899,0.0,-1,False,56000.0
160.13630435986568,27.282943412815904,0.7515412771590293,0.16666823728223523,-0.5746394341672286,0.8184066963921592,0.0,-1,False,56000.0
170.1151147428287,-269.0258958988915,0.7696046165312045,0.017358767423125532,-0.4742538885962322,0.8803881241537,0.0,-1,False,56000.0
-128.30624312278036,-147.5032275101045,-0.3424690826639012,-0.8660254037844388,0.840541140491353,0.5417477190917619,0.0,4,True,56000.0
138.97418363992577,106.88330331831742,-0.352139758257237,-0.8660254037844387,-0.9879312695257789,0.15489288780589952,0.0,4,True,56000.0
22.471877743943406,0.29115876192636897,-0.4083776550820921,-0.6525490659117091,-0.39594658247055603,0.918273545208383,0.0,-1,False,56000.0
-135.04154158330041,-111.61236300825372,-0.2416949802230093,0.73087353839607,0.004015122215380751,-0.9999919393641797,0.0,-1,False,56000.0
8.767006255471372,37.23110917367145,-0.769343800069163,0.026508675706869975,0.9067002645489133,-0.421775568598537,0.0,-1,False,56000.0
-76.93917026459866,-51.45964381356976,-0.7692271035893619,0.02970278936587227,0.9609852910964116,-0.2765994763117732,0.0,-1,False,56000.0
34.92522400624923,-95.53671399955718,0.712604786841448,0.49778311104269957,-0.9891684665442338,-0.1467846885552131,0.0,0,True,56000.0
-76.5739692521194,58.402014461716945,-0.5125851002407399,0.8442273707491297,0.45982616938995313,-0.8880089492475449,0.0,2,True,56000.0
176.3694759034035,-35.61537869384469,-0.025630629499582502,0.7693735525894086,0.9217633950754132,-0.38775281236718395,0.0,-1,False,56000.0
30.285732699850453,144.80106198228543,-0.557444984435147,0.5308932867542131,0.09057204462420548,-0.9958899059295152,0.0,-1,False,56000.0
-203.8863841886882,51.07316584117923,-0.7485472870702516,0.43552887449535566,0.828537702012529,0.5599332784746199,0.0,2,True,56000.0
-125.91999111282037,-50.646660220812194,-0.4880994897384965,-0.5952742903146513,0.8901402316817925,-0.4556866993242157,0.0,-1,False,56000.0
124.7866181717835,94.79139322841048,-0.7788618646857346,-0.3830224858553493,0.9876608122182082,0.15660817350335365,0.0,3,True,56000.0
-59.5303070157795,20.89606749023336,-0.054010344813640934,-0.8660254037844387,0.5109239491542736,0.8596259175829197,0.0,4,True,56000.0
134.97298852207075,73.00213959979354,-0.6913277534643641,-0.33861265464023604,0.9506905998635873,0.310140908831387,0.0,-1,False,56000.0
65.82370241393716,-93.49740074992742,0.44080520596290446,0.6310969521306482,-0.23040010714637077,-0.9730959822271239,0.0,-1,False,56000.0
291.1236262255383,-84.75376530627777,-0.8334770938487183,0.28842613407804385,0.5302636873116634,-0.8478327794549624,0.0,2,True,56000.0
-56.344296880034456,65.66390271126751,-0.9677904999684238,-0.05578849054108084,-0.01763988211066153,0.9998444051745377,0.0,3,True,56000.0
85.28923827265527,-12.404677960843602,-0.6667984399754026,0.5771220311238138,0.03108402332478377,-0.9995167749935698,0.0,2,True,56000.0
-111.29921425755897,119.18976546814221,-0.9526273032463388,-0.08205191766889393,0.9637422801083217,-0.26683481319206614,0.0,3,True,56000.0
-132.72753626151797,-87.52313643814277,-0.5302741771119306,-0.8135889908692359,0.989557035721235,-0.1441418504606527,0.0,3,True,56000.0
-312.1699661491584,182.06803963619996,0.9002780975788337,-0.17272340162088537,-0.9929803074636924,-0.1182797911267125,0.0,5,True,56000.0
-85.13272247773224,-89.64494195203726,-0.903257946327077,-0.16756215219005763,0.9407918103471934,0.33898491055408886,0.0,3,True,56000.0
40.42543405140447,127.27066724438163,0.9184210110872645,-0.14129895362695596,-0.35568286697595186,0.9346067077329296,0.0,5,True,56000.0
-98.99773246875966,-297.3103821191787,-0.7024206192479949,0.5154226067473568,0.999964494630937,-0.00842671212453111,0.0,2,True,56000.0
-117.8853355510746,181.78841672495324,0.7562634146504091,-0.14372974728251459,-0.660241802567048,-0.7510531020792196,0.0,-1,False,56000.0
147.04363627995704,-71.53247397561265,0.8362148353485431,0.28368422670235754,-0.054165396761356566,-0.9985319773513885,0.0,0,True,56000.0
17.93753479026713,211.8487838658856,0.1288056489968693,0.8660254037844386,-0.856708265413579,-0.5158012679042574,0.0,1,True,56000.0
10.127330834349806,-273.5149819020711,-0.645885092075519,-0.6133450122427763,0.8505735637307537,-0.5258560760151338,0.0,3,True,56000.0
6.603297735613182,30.20244138640496,0.9956665130955479,-0.007505819492445204,-0.828346484681407,0.5602161201854347,0.0,5,True,56000.0
-90.76035355214188,-281.69358389019857,0.6965795713056613,-0.32767284512484934,-0.7026207828028544,-0.7115644985333964,0.0,-1,False,56000.0
-68.8771909448153,-132.69298100878746,-0.7192049702479189,-0.2744755059441234,0.602424069975323,-0.7981761960331646,0.0,-1,False,56000.0
-164.1248301252679,210.37369707621733,0.9320835507197242,0.11763474082311298,0.1939553354977464,-0.9810103607157274,0.0,0,True,56000.0
-74.62987551024038,-146.9869056966688,-0.3725939485850341,-0.8660254037844387,0.03150491367137448,0.9995035969991484,0.0,4,True,56000.0
110.3636319535469,86.73522331513418,0.7982648490243948,0.3494155311623268,-0.1242866523872127,-0.9922463545098659,0.0,0,True,56000.0
-58.00435973334842,73.90130772748434,0.9857276504616472,0.02472043454380953,-0.9993036502747418,-0.037312391335864406,0.0,0,True,56000.0
73.19003998491853,-41.08319352486766,0.9531360700647267,-0.08117070769024139,-0.9981675471466879,-0.060510724857082296,0.0,5,True,56000.0
8.658409246273134,-66.07078999792286,0.1872550989760623,0.8660254037844385,0.9607483499938003,-0.2774213545922333,0.0,1,True,56000.0
-58.01735629147285,-21.20226801813309,-0.6457956261267048,0.6134999718116696,0.6170376259212819,0.7869336491706029,0.0,2,True,56000.0
229.93546270171038,-160.73525473631358,-0.6364277642454912,0.6297255845482196,0.977937863757695,0.20889598997753822,0.0,2,True,56000.0
-109.83558642848675,181.1770993781578,-0.4437289621788276,-0.6290446730688471,0.13327954617947374,0.9910784845661318,0.0,-1,False,56000.0
-198.68421605434725,-15.30044019479926,-0.8083033110020618,-0.3320284049871585,0.4569222470131147,0.8895066386396857,0.0,3,True,56000.0
-58.12024281103241,-15.87468895132341,-0.4792802322714338,0.8660254037844384,0.23383592469254,-0.9722760720715458,0.0,1,True,56000.0
-60.188626270347996,-54.97984231915237,-0.9897806134723233,-0.017700496688120435,0.11026184749114054,0.9939025731868651,0.0,3,True,56000.0
130.6789319025351,123.80313110993079,0.5524849189596297,-0.7751188575152249,-0.9879400905512997,0.1548366154410198,0.0,5,True,56000.0
59.86653337584505,-97.68096493861586,0.43189176663079065,-0.8660254037844387,0.9990193186481413,0.044276415476046396,0.0,4,True,56000.0
90.50489436942871,-50.7793187170166,0.3436948680897618,-0.8660254037844387,0.34418450170240406,0.9389020336475531,0.0,4,True,56000.0
113.75481248982244,-232.81764179943616,0.13287040784767337,0.8660254037844385,-0.6756758749581439,-0.7371988279963053,0.0,1,True,56000.0
24.5310620357044,-152.07410211398616,-0.4381198267137024,0.6329641459300424,-0.17004335663595227,-0.9854365818577998,0.0,-1,False,56000.0
98.2236130716668,219.9053571602481,-0.14093006776739003,-0.8660254037844387,-0.5993360640008105,0.8004975217873235,0.0,4,True,56000.0
-142.28389062370283,-116.24795096175627,0.671136158523508,-0.5696088822095609,-0.7821638866607178,0.6230727520951563,0.0,5,True,56000.0
-77.03595073538281,43.536589984444554,0.5116099779602872,0.5751937265339974,-0.9878980354382142,-0.15510471165287704,0.0,-1,False,56000.0
19.77949048696516,-219.83559682101043,0.1405479428328144,-0.8660254037844386,-0.9873623816234934,0.15847879149755772,0.0,4,True,56000.0
-115.98501522613356,-72.94080916998789,0.7592472867076889,-0.12702814735169807,-0.4413607826197139,0.8973297384824923,0.0,-1,False,56000.0
31.071083762208033,-16.45479150619644,-0.5457988162219551,-0.7866995271615029,0.7964291676167354,0.6047318256623838,0.0,3,True,56000.0
-127.73168041300184,-159.81314826239017,-0.8519025793674794,0.2565122570054255,0.9482692597985716,-0.31746718085622305,0.0,2,True,56000.0
-270.4984552965795,-344.063921172432,-0.6207157609517604,-0.6569395725416506,0.2237476008473147,0.9746471213288662,0.0,3,True,56000.0
-160.62706896293273,142.71668230355795,0.9695541874899186,-0.05273369414517671,-0.8630216390869403,0.5051669530634355,0.0,5,True,56000.0
-215.62716296730343,-71.31846022031877,-0.7126085153105588,-0.2911729666357669,0.5772753426932079,-0.816549556804856,0.0,-1,False,56000.0
-114.26620639896846,165.45754020043933,-0.18327093235101602,0.8660254037844386,-0.20255187238035308,-0.979271534864003,0.0,1,True,56000.0
51.13657642261068,159.60734991663935,0.6643341390837576,-0.5813903254732797,-0.978394097924743,-0.20674861340681394,0.0,5,True,56000.0
-135.3882346186303,8.19372114994926,0.738751449274307,0.2164229396060021,-0.1094386566461582,-0.9939935515038114,0.0,-1,False,56000.0
-114.5161646743789,12.388254537260401,-0.5814860073340385,0.504446841468267,0.18634120204878296,-0.9824850922118769,0.0,-1,False,56000.0
-172.0749947449895,-0.19001030030767152,0.7559854155431162,-0.14518486174079723,-0.9651364144278989,0.26174740026379645,0.0,-1,False,56000.0
-50.53881902770496,-126.74597520605786,0.23468725243993324,-0.8660254037844387,0.33485874212104405,0.9422683390758289,0.0,4,True,56000.0
112.74947906374678,-252.4287048911333,-0.9695778680874652,0.05269267814707275,0.9971759440791278,0.0751008425358117,0.0,2,True,56000.0
-91.39613439558507,-223.99316668486395,-0.854420202802027,0.25215160530246256,0.9923661834274319,0.12332622587783443,0.0,2,True,56000.0
-20.49875254446909,141.4097734937758,0.9075623079056477,0.16010677924182648,-0.8935456726779994,-0.4489723052014583,0.0,0,True,56000.0
176.54857236727776,25.349977461182277,-0.7687694964501374,-0.03982529247092263,0.8185206436351986,0.574477115247145,0.0,-1,False,56000.0
-101.97644146477042,206.36824116791942,-0.961347435719372,0.06694820517686978,0.31781067535084634,-0.9481541934899891,0.0,2,True,56000.0
-270.03817488951046,190.7936576568369,-0.44696145313588787,0.6267519860385349,-0.7713096970851244,-0.6364600153835652,0.0,-1,False,56000.0
-7.999074876035776,-235.0392779204274,0.032709964597666286,-0.8660254037844388,-0.8587527154944034,0.5123902552065271,0.0,4,True,56000.0
-152.84978829007787,6.779206604814641,-0.43904388739813516,0.6323235386500536,0.9809232313140085,-0.19439550989696816,0.0,-1,False,56000.0
13.59324885077684,185.85015856924934,0.18291736668131375,0.7477525189251897,0.7272575770683788,-0.6863646382180797,0.0,-1,False,56000.0
-167.1697152958693,-215.8518628907344,-0.5853515508628706,0.4999561525724276,0.8568915076695222,0.5154967934754661,0.0,-1,False,56000.0
-317.3027605280611,-250.49291438388673,0.8148664226415384,-0.32066076217183853,-0.9972168648560635,-0.07455551251385278,0.0,5,True,56000.0
71.72593339333172,49.005147541153576,-0.37696548985980805,0.6711852293125552,-0.4832294197062381,-0.8754937623592631,0.0,-1,False,56000.0
-62.81091205038008,3.949774824873921,0.10412655214447357,0.8660254037844386,0.7337546245601748,-0.6794145648543012,0.0,1,True,56000.0
-238.58189615332682,158.5764831471845,0.729951504869206,0.46773771407405196,-0.9594371091995366,-0.28192274383309635,0.0,0,True,56000.0
-96.42578706141485,-149.5649747073205,-0.8078740877821047,-0.33277184141191274,0.8545472693339186,-0.5193736270485186,0.0,3,True,56000.0
142.1624101647756,117.7650382468204,0.8284219973688811,0.29718181801828497,-0.8999852067282318,0.43592043731622077,0.0,0,True,56000.0
168.2510769925541,-80.27622551031068,-0.6666940077133211,-0.3848528194930402,0.9990663061909661,0.04320319239981768,0.0,-1,False,56000.0
-18.966476398469457,72.95916051119151,-0.989122280745347,0.018840762419529408,0.9717829731168195,-0.2358767753721045,0.0,2,True,56000.0
-109.7916736427239,-280.4131890535187,0.14495365126002285,0.756029782203704,0.566922483413825,-0.8237711440682872,0.0,-1,False,56000.0
21.172164004572178,50.34221157667767,0.39849997832528716,0.6586276336955033,-0.300856391278894,-0.9536694562720591,0.0,-1,False,56000.0
-76.48153011700502,-44.68297052636888,-0.9685809755896306,0.05441934660300681,0.9380420440968706,-0.34652146182637855,0.0,2,True,56000.0
-36.44628839364865,-166.91343878824165,0.05658637997372917,-0.8660254037844387,-0.07749061654458009,0.9969930813938247,0.0,4,True,56000.0
36.34934172341301,-78.77278356408297,-0.07484431154964744,0.8660254037844386,-0.9999353541301862,-0.011370468773332332,0.0,1,True,56000.0
-150.3135284441545,221.97066606630673,0.7274708779934969,0.25175129446333167,-0.8979218843409887,-0.4401548473220349,0.0,-1,False,56000.0
15.287570229847448,148.76360335492126,0.5722921071725756,0.5148537041340633,-0.9358761415827589,-0.35232917508447753,0.0,-1,False,56000.0
338.40981621918354,-149.23056719010413,0.4652768441059908,0.8660254037844385,0.21987605754365136,-0.9755278157585631,0.0,1,True,56000.0
140.88636413970153,210.6585565505021,0.7693655971416047,0.025868330590402916,-0.9968314012819728,0.0795434310160395,0.0,-1,False,56000.0
-95.06669011684403,-46.33995222829857,-0.04894870918572042,-0.7682425505409369,-0.595966676763716,0.803009165692898,0.0,-1,False,56000.0
-104.54058013522737,342.75498431403355,0.5181748265034625,-0.834545680861693,-0.580203119864265,0.8144718163935498,0.0,5,True,56000.0
-116.02857105611662,207.97150817854524,-0.4381727823446173,-0.8660254037844388,-0.9460570771246877,0.32400001052771243,0.0,4,True,56000.0
-144.66202138868428,-164.13968384712052,0.496040134630983,0.5886737444696075,-0.7658657875558277,-0.6430004630256329,0.0,-1,False,56000.0
-135.98881834977647,-78.38300023377356,-0.48029928964816004,-0.6015855591319202,0.7371295898517041,0.675751409739359,0.0,-1,False,56000.0
21.914876406388856,27.108468383065635,-0.5054976747928819,0.8565031517196767,0.9289921860311456,0.3700993357096312,0.0,2,True,56000.0
151.33472380130073,-182.63049318389037,-0.5266920134127127,0.81979348039731,0.505899881347596,-0.8625922037974093,0.0,2,True,56000.0
76.82654200253775,10.426387116318152,0.2544100095977426,0.8660254037844386,-0.7522623873433512,-0.6588636433952378,0.0,1,True,56000.0
-93.02669665771367,43.29618507447893,-0.39877007985068413,-0.8660254037844387,0.5190155427427856,0.8547648017969904,0.0,4,True,56000.0
111.09181257800788,207.43790869997926,0.6289736681828729,0.642636457653173,-0.8955382985540701,0.4449844444725877,0.0,0,True,56000.0
120.848731992175,94.43560659897494,-0.8113764148374617,0.32670563300731176,-0.19412907077279584,-0.9809759955679525,0.0,2,True,56000.0
144.6016584864699,-121.9434537508666,0.39250370167885384,0.6622185717427365,0.38894953002754573,-0.9212590640481859,0.0,-1,False,56000.0
-84.80174577214261,-217.20084979539007,0.36683265328444903,0.8660254037844386,-0.6895640992797101,-0.7242246564320935,0.0,1,True,56000.0
-79.35605350424706,-38.77902237001152,-0.6490709340141882,0.6078269721401172,0.995013278744731,-0.09974254418933268,0.0,2,True,56000.0
-102.52564949292484,212.9799235849861,0.06376125608020511,-0.8660254037844386,-0.9761511047468088,0.21709219401270718,0.0,4,True,56000.0
221.15649844015485,15.45431203014005,-0.21802855707874103,0.7382791754416174,0.9386391685864804,-0.34490072657935056,0.0,-1,False,56000.0
-9.562738392700371,-103.21256780636166,-0.9674515541522147,0.05637556191576856,0.7130237636682275,-0.7011398665345614,0.0,2,True,56000.0
-133.1882567591074,139.43407876344546,-0.7683588155038233,-0.04708846175183325,0.8272024563532991,-0.5619039919797797,0.0,-1,False,56000.0
-44.75856284270524,13.790189590645666,0.6426137669097964,0.6190111136378861,-0.15968315386371573,-0.9871683191694292,0.0,0,True,56000.0
119.71093865172377,-278.98592521141444,0.7310674102304058,0.24110793079365914,-0.9964909893773671,0.08370010806024042,0.0,-1,False,56000.0
-208.933393169749,67.9644802948589,-0.6209871611461404,0.6564694936158004,-0.4413072262626124,-0.8973560787379881,0.0,2,True,56000.0
-324.6503922533153,-56.32577370751587,-0.7683721311631845,-0.046870680007210036,0.9757953734159448,-0.2186855944493044,0.0,-1,False,56000.0
49.6454592459995,220.17244352777402,0.6645336291530587,-0.3885712911645137,-0.6905826260390697,0.7232535078467303,0.0,-1,False,56000.0
111.25291182384905,181.39995904959468,-0.35278402716690155,0.6842046643866844,0.13609219296539016,-0.9906961769450162,0.0,-1,False,56000.0
227.1218470806048,-144.26872504014148,-0.645400066756865,0.41958473092192783,0.2518677625118554,-0.9677616598145155,0.0,-1,False,56000.0
-72.09658354966851,-70.26166444207098,-0.051123374850662165,0.8660254037844386,0.18707294438223512,-0.9823460253290145,0.0,1,True,56000.0
25.963580595915037,-31.085333506620636,-0.5623981661327033,-0.5256433156839004,0.9739961909277126,-0.22656438391336076,0.0,-1,False,56000.0
23.70324522308614,-203.09594955881875,0.47841198930491163,-0.6030875235667783,-0.36506578585005817,0.9309817248482362,0.0,-1,False,56000.0
105.12437908967513,2.2941131837242157,0.6490229716531173,0.4139586632251453,-0.9361514692593231,-0.35159696614627256,0.0,-1,False,56000.0
-5.766254023472411,-52.83816328412218,0.7545887220286875,-0.1522775531051905,-0.9899468561292198,0.1414398177300089,0.0,-1,False,56000.0
-70.59481263539864,118.48943071116055,0.6645221278508637,0.5810647193774006,-0.7383076991678162,0.6744640400711772,0.0,0,True,56000.0
187.57176445813082,-216.68600649568296,-0.6796430361026695,-0.5548745380286852,0.5825949264069673,-0.8127626662959303,0.0,3,True,56000.0
0.524814553143565,274.103224441601,-0.5722502196203794,0.740884352543932,0.7747690967460953,-0.6322442935502792,0.0,2,True,56000.0
124.70473662198096,206.97654648631658,0.09985097372432261,0.8660254037844386,-0.03231183113847605,-0.9994778364566868,0.0,1,True,56000.0
183.9636202890029,138.48009170433585,-0.337156389331763,-0.8660254037844387,0.1102149558818441,0.9939077741418141,0.0,4,True,56000.0
-37.6031502828976,74.1927046080679,0.25705795478606625,0.7256127069406909,-0.8976894551592701,-0.44062868959655305,0.0,-1,False,56000.0
84.11739021771078,2.7609815364823143,0.8886095956548878,0.19293383980137543,0.4357794450192569,-0.9000534846876084,0.0,0,True,56000.0
-48.861908749458216,-228.08250442240163,-0.023452658298030005,0.8660254037844385,0.8876347151671775,-0.46054816515727126,0.0,1,True,56000.0
-101.76730617716773,118.10191710496575,-0.19689309732528454,-0.7441946659431579,0.6159339461278835,0.7877978002044366,0.0,-1,False,56000.0
160.78200939684152,-71.84716665395449,0.6029655173644182,0.47856575040641175,0.19341297370888605,-0.981117435173119,0.0,-1,False,56000.0
-17.565587247621753,-41.97363211282449,0.7945645666687631,0.35582460820463163,-0.8721747908690907,0.4891943725883993,0.0,0,True,56000.0
4.005010847772883,95.94697373776577,-0.7071311310455144,-0.5072637609844006,0.939850042479301,-0.34158732068291153,0.0,3,True,56000.0
-96.81000098348275,65.8395457176393,0.662432953767381,0.3921417783858477,-0.9179115666616755,-0.3967850246523732,0.0,-1,False,56000.0
161.48372037565986,10.372420697314533,-0.1002070286507466,0.8660254037844385,0.8983205787273548,-0.4393405715781767,0.0,1,True,56000.0
324.6969365825439,-315.3764866964244,-0.045644400978983306,-0.8660254037844387,-0.4377105126615483,0.8991159586532856,0.0,4,True,56000.0
59.55743323744353,88.28181826085073,0.5291685055792414,-0.5590825388935203,0.20679504882926092,0.9783842843072456,0.0,-1,False,56000.0
66.24246308116294,-130.20317839377304,-0.7696616824291342,-0.014611200941291647,0.9835155124413417,-0.18082377273723554,0.0,-1,False,56000.0
-158.39432124975247,-99.1344053374259,0.5472762383597772,-0.5413698472572743,0.29613279767851475,0.9551467772749083,0.0,-1,False,56000.0
-95.63975432109652,-158.86149400298137,0.6193534727013276,-0.6592991250059542,-0.2843885521179947,0.95870910678047,0.0,5,True,56000.0
-8.16996652059799,136.56644943402773,-0.7697864699539386,0.004624204628493389,0.45988935125670016,0.8879762297495724,0.0,-1,False,56000.0
103.93999599831601,-120.67472837721664,-0.4133605150692006,0.8660254037844385,-0.3419004781898269,-0.9397361667048874,0.0,1,True,56000.0
219.6715375391627,-32.555482813784614,-0.7643770136155813,0.09121608218246276,0.7835474964430734,0.621331892644734,0.0,-1,False,56000.0
-84.21774265033467,129.58541230128495,0.22296874427044716,0.7368022337581858,0.6755454110174727,-0.7373183828258065,0.0,-1,False,56000.0
-70.19220354347527,-24.454369995613742,0.2558415219257519,-0.8660254037844387,0.7521263637562443,0.659018916983789,0.0,4,True,56000.0
-324.95081479515204,-67.24829321954428,0.3722621946860172,0.8660254037844386,-0.44052789173321283,-0.8977389245235599,0.0,1,True,56000.0
-30.256885091306103,190.62519238978442,0.31605109865391656,0.7019289819007651,-0.9906163050145164,0.13667236823535583,0.0,-1,False,56000.0
301.10972208184813,-99.96597678375164,-0.9511617400104466,-0.08459034765516418,0.9961954565223404,-0.08714707341015128,0.0,3,True,56000.0
95.13065796074929,49.209064728643504,0.9716454021028693,-0.04911160418601562,-0.664820528366538,0.747003122524995,0.0,5,True,56000.0
181.50156717025453,-60.803106940921914,0.2734866935769607,0.719581559678216,-0.0053539955103410475,-0.9999856672631676,0.0,-1,False,56000.0
134.0752957705395,-49.82055422343916,-0.9721347483201035,0.048264031675275404,0.9933406948093184,0.1152139923596714,0.0,2,True,56000.0
-336.0130959312347,-89.55451793854324,0.9806468936270074,0.03352056352230863,-0.9894712770295977,-0.1447293748103038,0.0,0,True,56000.0
-298.84082493488046,-152.2270328976751,0.10041141158181943,-0.8660254037844388,0.9661572631683027,0.2579537610244038,0.0,4,True,56000.0
-172.16083170106253,57.89045167464167,0.9929742856680076,-0.012168894182475467,-0.7545110943628164,0.6562872911179842,0.0,5,True,56000.0
76.22849612198024,137.07471990079472,-0.2953020925499545,-0.7109073545323683,0.1539988242655086,0.9880710309104692,0.0,-1,False,56000.0
45.35016395302268,123.47386297868032,0.678592627471805,0.3634620180067022,-0.6280874214802264,0.7781427831561164,0.0,-1,False,56000.0
246.2288969779212,-208.3906485203477,0.1636017261082664,0.8660254037844386,-0.06260883142849533,-0.9980381426713273,0.0,1,True,56000.0
-121.98947051005324,61.73149473293139,-0.46870099885775374,0.8660254037844384,0.1327558703030477,-0.9911487672896236,0.0,1,True,56000.0
-197.33573957446137,-46.49398508409268,0.40437310960136835,0.8660254037844386,0.8434965016067845,-0.5371346681948109,0.0,1,True,56000.0
10.80482686477567,-9.74354310787469,-0.6775791323546376,0.5584493241822083,-0.2872547883067728,-0.9578542094674263,0.0,2,True,56000.0
233.1809804682828,176.92258163463543,-0.5715974917577588,0.7420149103655067,0.43519737812775994,-0.9003350721094637,0.0,2,True,56000.0
353.5661237684421,-109.27134744513529,0.71579973677362,0.2832372317111728,-0.9007092258178676,-0.43442247930566774,0.0,-1,False,56000.0
-104.19274481102202,112.44234585730628,-0.6125646366151792,0.46621578540532677,0.9483202233614709,0.31731491292291414,0.0,-1,False,56000.0
257.2825824619745,-85.8731813257406,-0.5970274492062058,-0.6979689320304819,0.24161999676599233,0.9703709482266998,0.0,3,True,56000.0
40.148052030640166,210.8937474304597,-0.22648910773595407,0.8660254037844385,-0.724384115814758,-0.6893965859756324,0.0,1,True,56000.0
-67.49827477842115,74.23585006955001,-0.9976072790257466,-0.004144314295742409,0.9357982307510594,0.3525360567697391,0.0,3,True,56000.0
16.02803697498675,271.68023367512524,0.928926233899501,-0.12310337397133034,-0.8420953234408961,0.5393287181660069,0.0,5,True,56000.0
-79.49812464357905,-211.3394081946619,0.03925238613429122,0.8660254037844386,-0.6741872176536743,-0.7385604887564016,0.0,1,True,56000.0
-80.42912633287168,-78.8485691749669,0.9020827910645913,-0.16959758081146484,-0.9853897152540104,0.17031473533237956,0.0,5,True,56000.0
-42.25665823304957,162.6862594322088,0.03589000292369182,-0.7689632632855289,0.0011082202527989762,0.9999993859235826,0.0,-1,False,56000.0
-176.149323083339,-126.66322204864848,0.2851796226299986,-0.7150280941537919,-0.4750642641040686,0.8799511037386896,0.0,-1,False,56000.0
41.04789546533167,-243.6474826042845,0.15122134757843644,0.8660254037844386,0.8938507780074257,-0.4483645689114869,0.0,1,True,56000.0
89.13930081787467,-81.74041715833846,-0.37554591655781966,-0.8660254037844388,-0.8598529485847397,0.5105417777320393,0.0,4,True,56000.0
-58.769851860824105,-67.54180406926007,0.5217418414240735,-0.828367429787838,-0.9989118088801507,0.046639018851626496,0.0,5,True,56000.0
-95.59945623577738,11.3108597632818,-0.5321257775139784,0.8103819248975743,0.7533310379366587,-0.6576415036179698,0.0,2,True,56000.0
-40.73275325391819,-105.13859039718628,-0.3378373876482248,-0.6917069409075026,0.9919962799139166,0.126267100373036,0.0,-1,False,56000.0
-40.81309039251041,-109.28234606887112,0.33901522026639586,-0.8660254037844387,-0.5899626604493524,0.8074305290706228,0.0,4,True,56000.0
-157.80762515305338,67.36627193164378,0.9598242962963212,-0.069586360044604,-0.5520481709201122,0.8338122192576791,0.0,5,True,56000.0
75.21353367162175,-79.23041252897355,-0.9553643852554173,-0.07731115256468714,0.9952576546437585,0.09727384475076398,0.0,3,True,56000.0
106.63089789072332,180.06120501457602,-0.9463501541131544,0.09292425889425716,0.8755212483426354,-0.48317961846521357,0.0,2,True,56000.0
-3.4688431634745682,-120.58481686682462,-0.5406317447444989,-0.7956491574867968,0.38792342184949546,0.9216916071985158,0.0,3,True,56000.0
149.03585190755928,190.78152345625048,-0.8668534300240974,-0.2306166240517881,0.8849603881970233,-0.4656663089828115,0.0,3,True,56000.0
-263.1929235036859,-53.37219245605261,0.9305134271011151,0.1203542747047078,-0.9409198826182343,0.3386292581767662,0.0,0,True,56000.0
-247.03477511505648,-67.88290107740394,-0.8286722059202055,0.29674844409490275,-0.23276048151190176,-0.9725340910456268,0.0,2,True,56000.0
-76.54083399382691,-44.511873752766554,0.238340460326891,0.8660254037844386,0.7973570958343291,-0.6035077975654786,0.0,1,True,56000.0
216.0981376713655,-57.621836513788786,0.6396285729721372,-0.42833150856575997,-0.7464297526018491,0.6654642172426758,0.0,-1,False,56000.0
116.13811351925501,-164.00995234368688,0.8853947709955801,0.19850207944872214,-0.8462178465704129,-0.5328370821794473,0.0,0,True,56000.0
77.7916676880757,147.92958769515576,-0.3248620738981472,-0.6978948527788316,0.8503318986063557,0.5262467693128701,0.0,-1,False,56000.0
36.33107722283433,-46.72325253290777,-0.7368411621000786,-0.4558044777034464,0.9997158145773971,0.023838835615506093,0.0,3,True,56000.0
48.08283698695724,196.49704316901602,0.8715943675445138,0.22240507939091775,-0.38259310648341316,-0.92391694154354,0.0,0,True,56000.0
291.812016792732,127.4372694018578,-0.23236650753357882,-0.7338926343609395,0.7513009026274379,0.6599598121937558,0.0,-1,False,56000.0
-98.51772308379313,-28.248570306500284,0.04397096307515984,0.7685435231649769,-0.683313180678956,-0.7301253982090667,0.0,-1,False,56000.0
-106.69393555491281,112.83692864860218,-0.9911910437607514,0.015257559768029847,0.7467288497139191,-0.6651285777987465,0.0,2,True,56000.0
68.33102875488147,-67.93071635852064,0.963723253435469,0.06283316818306768,-0.9761319654599816,-0.2171782355736353,0.0,0,True,56000.0
-36.16078514469437,138.50847609165578,-0.7683290954118177,-0.04757093373321801,0.9861230611164258,-0.16601598818776322,0.0,-1,False,56000.0
-115.19069062538806,222.515144446007,0.13876328961388149,-0.757190426542839,-0.5234189830916441,0.852075447445249,0.0,-1,False,56000.0
-204.64640476338428,111.16317296614307,-0.35045979640356545,0.8660254037844385,0.24763798270501253,-0.9688526356064416,0.0,1,True,56000.0
-176.51939450499427,347.45768920611744,-0.017057657520637988,0.8660254037844386,0.4537396627351688,-0.8911342875575168,0.0,1,True,56000.0
-102.98272180045797,37.925870127279126,0.6159400672019981,-0.665211316757628,0.02554199452736239,0.9996737500380635,0.0,5,True,56000.0
-15.267982252683987,-131.61478158677562,0.9853259406325044,0.025416216377784753,-0.03583815917259253,-0.999357606838936,0.0,0,True,56000.0
-28.658630630275727,-60.516014436141894,0.25160255143489674,0.8660254037844385,-0.7166356784049126,-0.6974477073134184,0.0,1,True,56000.0
107.91690304969575,-161.28126027673252,0.19914699601469765,-0.7435946924036738,-0.24548648655327837,0.9694000128530038,0.0,-1,False,56000.0
96.18854238523213,100.15686978802609,0.5023168106524677,-0.8620125700228483,-0.7418007837660028,0.67062030777769,0.0,5,True,56000.0
193.7212706256893,-182.75998924326683,0.5131772598971613,0.8432017201380154,-0.5902900843524075,-0.807191189443205,0.0,0,True,56000.0
-2.1464151152829416,34.45336614096461,-0.6442357820437743,0.6162017010151911,0.6477885187417276,0.7618202117205887,0.0,2,True,56000.0
206.24301407514446,240.29991221458104,0.49929055286637763,0.5859193941242936,-0.086903042964666,-0.9962167741626771,0.0,-1,False,56000.0
-67.07343412178966,167.0647663732364,0.667525183244984,0.5758632748568396,0.018464620622447137,-0.9998295143597364,0.0,0,True,56000.0
-93.1301704946983,65.23963778028241,-0.7360859903274517,0.4571124735820782,0.9113128192427498,0.41171464084170467,0.0,2,True,56000.0
-22.624353417719632,-41.34633605296707,0.6045579467712884,0.6849257276414847,-0.3952336363592644,-0.9185806293896054,0.0,0,True,56000.0
174.55252482880894,67.01555170911203,0.5478526171591458,-0.7831422395896556,-0.4354048937318529,0.900234735229537,0.0,5,True,56000.0
356.1033299510566,-219.84723033570245,0.547217596092923,0.7842421283402302,-0.8078916131448698,-0.589331096591598,0.0,0,True,56000.0
92.97152374227848,-174.94288558417728,-0.6877057172814127,-0.5409095645818724,0.8315738448252983,0.5554142063381122,0.0,3,True,56000.0
-135.30360011861916,24.267432284790544,0.6746303396720171,-0.563556782929494,-0.9090150626346221,-0.41676326122037666,0.0,5,True,56000.0
53.1352827404666,-167.46686101914065,0.9514562368232352,-0.08408026421274768,-0.9992626848500121,-0.03839383630054581,0.0,5,True,56000.0
-13.340467598474055,188.80510451895623,0.19264917787568214,-0.8660254037844387,-0.9669844994137308,0.25483519751654815,0.0,4,True,56000.0
-84.15286010608172,86.55007727417242,-0.45055125907595733,-0.8660254037844388,0.18357869974627944,0.9830050157548234,0.0,4,True,56000.0
190.7077347877901,249.8820955143423,0.1850464851266183,-0.7472284730488237,-0.7732444529250831,0.634108047591411,0.0,-1,False,56000.0
-217.9897212137674,47.329229303280286,0.5226011814781607,0.8268790091531797,-0.9884379587098723,-0.15162586118840748,0.0,0,True,56000.0
-225.92811209186982,-10.621919611410105,0.08103571949571053,0.8660254037844386,-0.3003673219958608,-0.9538236062693759,0.0,1,True,56000.0
-90.80426122538792,-199.4936331857898,-0.7623443496937891,-0.41163166103617965,0.9660309263879219,-0.2584264871520497,0.0,3,True,56000.0
76.01161649052997,-161.220177352104,0.438669638519017,0.8660254037844385,0.39601225924223343,-0.918245223526641,0.0,1,True,56000.0
57.35975209319308,-89.97434789057698,-0.026130951559857396,0.7693567221797498,0.9232077367302369,-0.38430128134193065,0.0,-1,False,56000.0
276.22344427937145,-182.5500909016212,0.2145782420557186,0.8660254037844386,0.8993113249619804,-0.43730897634819926,0.0,1,True,56000.0
161.71168263716044,-273.9255042154595,-0.6833360375146479,-0.5484780719507149,0.6289440194220752,-0.7774505903482795,0.0,3,True,56000.0
299.73565012751914,-143.5326217779834,0.5001376213676925,0.8657870365833881,-0.8311622080149472,-0.5560300207428551,0.0,0,True,56000.0
68.90382002843933,215.629651568418,0.5150890250790138,-0.5720803167700698,-0.2285513464874075,0.9735318597860511,0.0,-1,False,56000.0
52.77800334146591,-71.38990247685771,0.2487862574107788,0.7284902131917286,-0.9018250486392331,-0.4321013557563518,0.0,-1,False,56000.0
-140.37372097337112,233.40787272763134,0.8208475606280652,-0.31030112729209414,0.26328553485098644,0.9647179521175449,0.0,5,True,56000.0
98.15049124888667,-196.27195637324286,-0.054328585326286455,-0.7678808484452759,-0.9018519880102918,0.4320451269503447,0.0,-1,False,56000.0
24.96034157357061,59.951442037509494,-0.3988097167106499,0.6584401282195395,0.6764786006209738,-0.7364622888522313,0.0,-1,False,56000.0
-7.300241683672755,-89.19492914934328,0.7539101649272915,-0.42624009757217635,-0.3050317441082474,0.9523421838215602,0.0,5,True,56000.0
-45.810587411333664,130.4456104355736,-0.032167086208652544,0.8660254037844386,0.4916759457201936,-0.8707782521398295,0.0,1,True,56000.0
82.87726979673778,159.29135984962872,0.855994217999247,-0.24942533100899192,-0.6922014018562879,0.7217043849580722,0.0,5,True,56000.0
33.1643253008283,75.48971873150278,-0.3863652031754399,0.8660254037844385,-0.25388615525663305,-0.9672341082533039,0.0,1,True,56000.0
179.6719895900502,82.81893517990731,-0.5205947027027663,-0.8303543323364717,0.478023581895097,0.8783470015614179,0.0,3,True,56000.0
60.3639001106568,174.67751016105427,0.3045919855964221,-0.8660254037844387,0.05449175374830012,0.9985142206163886,0.0,4,True,56000.0
-65.09923862304524,-64.03680588663067,0.7199047198539575,-0.48513925617318376,0.0751984061432115,0.9971685914193431,0.0,5,True,56000.0
20.979892614003784,-14.68344392735285,-0.5926553864014893,0.705541566942133,0.22498062989687173,-0.9743632362578754,0.0,2,True,56000.0
-147.39546632160244,-69.55154992818244,-0.7651681128824745,0.08432290092534173,0.9480166664389602,0.3182206783879334,0.0,-1,False,56000.0
-30.924928572183894,-62.59601025258542,0.571760430040822,-0.5154440835164632,-0.7723588518811473,0.6351864324121301,0.0,-1,False,56000.0
-189.4676650148958,-246.30157869730388,-0.4278243979283108,-0.6399678719512962,-0.1769897495513042,0.9842126947735131,0.0,-1,False,56000.0
-241.3107506254965,-114.62852793394785,0.6778032798379433,0.3649319202721504,-0.9661639495231816,0.25792871620137714,0.0,-1,False,56000.0
-84.6140356053505,145.02771017532106,0.5204353139898008,-0.5672210120798855,-0.5796316343658604,0.8148786219075735,0.0,-1,False,56000.0
5.296404143706206,175.83557742793914,0.0627752016741121,-0.8660254037844388,0.9749112089781244,0.22259410281606481,0.0,4,True,56000.0
-150.93182171395952,-35.5772488430039,-0.606129045512792,-0.6822045047974934,0.8117763032335865,-0.5839685209906935,0.0,3,True,56000.0
12.549920787913711,18.433662680196285,0.8833447757252693,-0.20205277541217584,-0.8575308421205138,-0.5144325561352576,0.0,5,True,56000.0
94.09080504785739,106.76969656653252,0.8568613854817667,-0.2479233528705959,-0.8957865557795706,0.4444844727143735,0.0,5,True,56000.0
37.905434230877646,116.98432373919975,0.1161821033150224,-0.8660254037844387,0.3186042031898172,0.9478878423682126,0.0,4,True,56000.0
1.1402170379736423,-77.74570101838457,0.7355221444534774,-0.22715582231400164,-0.8699352741412664,-0.49316591407403326,0.0,-1,False,56000.0
323.5673703666322,-135.7840160105976,0.6363860837330819,0.6297977773133977,-0.4474198598942172,-0.8943240290698901,0.0,0,True,56000.0
112.40721323954213,153.31577464826955,-0.5100193280176976,0.848671418600088,0.5818110905194394,-0.8133239544905841,0.0,2,True,56000.0
382.0488390682628,-100.37011929920162,-0.5469014662505896,-0.784789681288941,-0.03295573855665679,0.9994568121214349,0.0,3,True,56000.0
-156.10982385384446,-85.4909866036816,-0.048593399288343164,0.8660254037844386,0.9116449881171662,-0.41097860727833563,0.0,1,True,56000.0
-184.7352018564985,131.02639531415983,0.02968964988540083,0.8660254037844386,-0.2900636922841219,-0.9570073429280141,0.0,1,True,56000.0
-263.72544474041166,243.78147542791945,0.570178360967942,-0.5171936090831978,-0.9973988637583089,-0.07207986246679227,0.0,-1,False,56000.0
-99.38824936356248,-103.41777930767356,-0.5297149621823888,-0.5585648139944931,0.43775892427674046,0.8990923891434921,0.0,-1,False,56000.0
-224.86045441143125,-68.58934065089645,-0.09724176438782961,0.8660254037844386,0.8687364313918865,-0.4952746841622463,0.0,1,True,56000.0
-93.150335199662,-90.46889151768958,0.9435751847758718,-0.09773064677587597,-0.11466324992372295,0.9934044187120297,0.0,5,True,56000.0
-226.64495293273882,33.410495857229385,-0.07800968325711244,0.8660254037844386,0.563896128263326,-0.8258457219900532,0.0,1,True,56000.0
113.32763805985091,-150.28749669018785,0.9273199752967223,0.12588549548143843,-0.9776064909028123,0.21044131947972827,0.0,0,True,56000.0
39.96260487880265,234.54975802042264,-0.4846931128335566,-0.8660254037844387,-0.2827469906100754,0.9591945263087404,0.0,4,True,56000.0
-252.05493190328536,4.482017202980328,-0.5939351474870395,-0.7033249557204109,0.6199441645585018,0.7846459283201925,0.0,3,True,56000.0
-65.42319970435442,115.66591150244297,0.7609611677523072,0.11632151033079591,-0.4839101636749892,0.8751176797960776,0.0,-1,False,56000.0
-11.103149122359877,50.82142423759966,0.21929060102995274,0.7379052953411531,-0.6914103667593198,-0.722462251427391,0.0,-1,False,56000.0
94.97944144060294,-91.97348060724616,-0.7334534776640441,0.46167211926666873,0.14775395690458937,-0.9890241494618348,0.0,2,True,56000.0
10.896408157348485,-104.36982431999877,-0.5330372841934349,-0.8088031490173176,0.9694051761099877,-0.2454660964998048,0.0,3,True,56000.0
6.623011867384091,138.85957824118822,0.42018719247910297,0.6450079967481966,-0.8867011720121496,-0.46234298042900646,0.0,-1,False,56000.0
26.48527627712571,108.77100690148457,-0.176269496012331,0.8660254037844386,-0.15489267166761606,-0.9879313034129809,0.0,1,True,56000.0
-35.09089592652226,-40.078947502873774,0.33904658049885833,-0.8660254037844387,0.1251820570479621,0.9921337876480356,0.0,4,True,56000.0
99.34873281816999,-48.01619437166965,-0.8814759749756195,-0.20528963325979221,-0.26037274213480355,0.9655081745655106,0.0,3,True,56000.0
-19.55254328976389,68.38335725585246,-0.9849110849796692,-0.02613476744630187,0.5156897291168961,0.8567754100596825,0.0,3,True,56000.0
158.82846479986674,24.446684276149412,0.28248252411289976,-0.8660254037844387,0.9772443752511628,0.21211655060284557,0.0,4,True,56000.0
225.15383304591558,16.40250925807039,-0.9300914137172068,-0.12108522332711044,0.6870619216948239,0.7265988685351923,0.0,3,True,56000.0
-155.79683633330754,-40.624934435028514,-0.684024590921587,-0.3531330508563988,0.8547889153158246,0.5189758281970017,0.0,-1,False,56000.0
-29.039969957314128,143.34775416598922,0.6645476420144387,0.5810205275497757,-0.9868105799997186,-0.16187921176052947,0.0,0,True,56000.0
-103.30584721758098,50.221749471315796,0.9581007319388024,0.07257166108194238,0.0773056149259087,-0.9970074432523499,0.0,0,True,56000.0
27.625991587511777,-255.56189932639782,-0.6496663209442992,-0.6067957317270026,0.5531033413243913,-0.8331126537361421,0.0,3,True,56000.0
-3.7838349028228637,65.10258730948895,0.5476492251703706,-0.783494524848067,-0.5231317510708591,0.8522518237124126,0.0,5,True,56000.0
-66.09259105225188,48.913267560724705,-0.6962921381287048,-0.3282831871612508,0.8440724002659342,-0.5362292262726821,0.0,-1,False,56000.0
-491.3144464135645,-23.023369278383832,0.6478567264604611,0.6099300413141063,-0.7254447421837276,-0.6882804123593708,0.0,0,True,56000.0
224.58485021969844,-120.54511199276331,0.5419051166208531,-0.7934436127000224,-0.4493477992934805,0.8933569025142213,0.0,5,True,56000.0
-254.16327176588103,43.292859878730454,0.7023497947451769,-0.5155452783846585,-0.26509808070392693,0.9642214515383553,0.0,5,True,56000.0
-227.79058032659643,76.78153931310533,0.7930343175460896,0.3584750774333395,-0.9916378327404738,0.12905196115330642,0.0,0,True,56000.0
-275.0735111591682,104.54114225769273,0.28913745888316017,0.7134368384539596,-0.1985763372082635,-0.9800854239813437,0.0,-1,False,56000.0
121.64380681425261,17.898459107003866,0.9710488146294458,-0.05014492400114413,-0.9994906510131973,-0.03191298382931563,0.0,5,True,56000.0
43.24550346094116,-277.65581042076,0.45494438637172496,-0.8660254037844387,0.9886497543832757,0.1502386872868423,0.0,4,True,56000.0
-384.2089732447298,113.17366040489284,-0.48902404678586486,0.8660254037844386,-0.016565814121636657,-0.9998627774860998,0.0,1,True,56000.0
133.4480013746579,-5.881523393071585,-0.5009845791949421,-0.8643200625947235,0.8156766941136484,0.5785080212749201,0.0,3,True,56000.0
101.4708460098265,-40.93027269706085,0.5948812179344851,-0.7016863136378949,-0.9958766465816776,0.09071772039095954,0.0,5,True,56000.0
-29.88240188654755,-38.64943249948874,-0.628853870368485,0.642843953554329,0.3461218264356588,-0.9381895763994162,0.0,2,True,56000.0
-90.33809427039347,-82.27308771193331,-0.3743001424726058,-0.8660254037844388,0.6653357574862644,0.7465442584400726,0.0,4,True,56000.0
57.359146314453966,170.34180550911552,0.41952699727740617,0.8660254037844386,0.7332737861116134,-0.6799334927778664,0.0,1,True,56000.0
31.102261241211227,-12.134816245645018,-0.0004362279546418074,0.8660254037844386,-0.43610745231340237,-0.8998945994038954,0.0,1,True,56000.0
174.8935958831517,15.879655072733234,0.8773211764260158,0.2124859554429194,-0.7812075042021226,0.6242714436668755,0.0,0,True,56000.0
-231.19212728454679,226.59872383714895,-0.5626218402047777,0.7575611948863044,0.3558677225012662,-0.9345363364157774,0.0,2,True,56000.0
145.64491473347906,-152.50461646837815,-0.30071636622220205,-0.7086340802407874,-0.5829840172639064,0.8124836217515284,0.0,-1,False,56000.0
104.68980862465905,85.83157050257219,0.38058520356367187,-0.6691393692056915,-0.9993786048320312,-0.03524775459105384,0.0,-1,False,56000.0
79.39288978998354,-58.33730337791943,-0.877967482243201,-0.21136652093032698,-0.3713569355098125,0.9284901865116278,0.0,3,True,56000.0
-11.552917661451515,204.55552829690825,0.37231195837235104,-0.6737777068481392,0.6437616423068908,0.7652260763291044,0.0,-1,False,56000.0
3.9315936613464713,212.66934396731736,-0.3292857996989697,-0.8660254037844388,0.7985113933872954,0.6019796961944227,0.0,4,True,56000.0
157.56708809266277,-54.09973546668885,0.767149128128115,-0.06383422126779106,-0.9912022156088086,0.13235621546344462,0.0,-1,False,56000.0
116.50682885512019,-62.37295381582398,0.4879862109474834,0.5953671560622996,-0.17964857774636334,-0.9837308516628679,0.0,-1,False,56000.0
-100.60457388615251,-83.36171911115274,0.9515701216853482,0.0838830098453553,-0.8625589309198696,0.5059566094933962,0.0,0,True,56000.0
-195.54174033478407,46.248462120024016,-0.1782690968985119,-0.8660254037844388,-0.9584556891325857,0.2852414625699676,0.0,4,True,56000.0
117.75881295376225,52.17209683152139,-0.23088278377234855,-0.8660254037844387,-0.5129453870371752,0.8584212426989342,0.0,4,True,56000.0
58.06192791711718,20.566145313782176,-0.4552600543473825,0.8660254037844386,0.5280748261282587,-0.849197843855837,0.0,1,True,56000.0
-182.27827261630483,-272.09798673925184,0.5068917391464027,-0.854088561430358,-0.9954231588852752,0.09556534285179902,0.0,5,True,56000.0
18.92249314021791,135.223170565143,0.41598941809499446,0.6477232407638159,-0.9879949055435843,-0.15448646095869065,0.0,-1,False,56000.0
208.11505729614677,21.60668698774574,-0.2677699710429467,-0.8660254037844387,0.4803722789018823,0.8770646918342329,0.0,4,True,56000.0
-85.09093225948281,6.947677822301673,-0.768783140091674,0.03956104274886839,0.8561967738437751,-0.5166498664077319,0.0,-1,False,56000.0
-101.66541809688906,28.094152889263835,-0.8405415739164809,0.2761900956716221,0.9273661249249987,0.37415514207500244,0.0,2,True,56000.0
-94.57310605006066,22.418372474986576,0.4179733077506827,-0.8660254037844387,0.8970641443440341,0.4419003518124892,0.0,4,True,56000.0
174.8933820060044,-146.7604090927901,0.5908691257497404,-0.7086354611465233,-0.680593573060958,-0.7326611688275724,0.0,5,True,56000.0
-61.6358182179811,100.87614940460882,0.13049791060489638,0.7586586109182105,0.06468144309901251,-0.9979059629635713,0.0,-1,False,56000.0
-138.80150502634024,-330.65817666211376,-0.6929171606515547,-0.33534817886366974,0.7037051430624749,-0.7104921334026874,0.0,-1,False,56000.0
-69.9144987174897,-220.14266094565318,-0.16178329539829164,0.8660254037844386,-0.34229413540083864,-0.9395928505846269,0.0,1,True,56000.0
-289.25002191751037,75.86745577390904,0.21565153635163614,0.8660254037844386,0.9606287887518165,-0.27783507737678753,0.0,1,True,56000.0
54.80161838932765,-93.3255798351227,-0.6913860931735145,-0.5345349665458008,-0.3164915406449812,0.9485953324257466,0.0,3,True,56000.0
-12.715310476885698,90.6514275768993,0.9706159408832505,-0.05089468332281698,-0.9805387336666881,-0.1963257287747517,0.0,5,True,56000.0
89.74871594298777,-24.62660809736361,-0.7846628335484134,0.37297491305206454,-0.1804501369517882,-0.9835841337037203,0.0,2,True,56000.0
157.2511805854951,140.61732096411737,-0.7781237102190098,-0.3843010068955506,0.9890587129298334,0.14752241313501846,0.0,3,True,56000.0
-82.42493546861375,173.78918551259858,0.6348774765418265,0.632410761617316,-0.25127969830693003,-0.9679145175161202,0.0,0,True,56000.0
-211.11088961900072,11.732819550288903,-0.2425192433666699,0.8660254037844386,0.8461187930753267,-0.5329943601995679,0.0,1,True,56000.0
49.84918564354281,-88.532896458437,0.47659357303977345,-0.6045255649927259,-0.9873898647381536,0.15830746985552574,0.0,-1,False,56000.0
62.46380699458186,-13.568250873222896,0.09027023977059706,-0.8660254037844387,0.42440022024589774,0.9054747114386364,0.0,4,True,56000.0
-69.1441220452463,-272.6352347646378,0.09741054966802973,0.8660254037844386,0.8874329335348096,-0.46093685953442487,0.0,1,True,56000.0
35.25465444913474,4.547568970057187,0.6097620321331013,-0.6759119873878995,-0.9051095463680281,-0.4251784438012326,0.0,5,True,56000.0
59.986967098029524,88.30397143740521,0.7982022650993063,0.34952392970031715,-0.9919461637051942,0.12666020807780892,0.0,0,True,56000.0
23.854455783614664,-135.80859556414546,0.670477795694208,-0.3782223130298216,-0.85571100612504,0.5174540308048146,0.0,-1,False,56000.0
13.710834656344666,-9.671770962984338,0.8744273388933792,0.21749822907829586,-0.2079170394886788,-0.9781464638232598,0.0,0,True,56000.0
-152.4430303679397,111.29873923000339,0.42333953020400816,-0.6429434148968648,0.332604835012463,0.9430662880869134,0.0,-1,False,56000.0
181.4400611018045,173.76260506213706,0.980710055337792,0.03341116423013652,-0.9416239917807331,-0.3366663899212412,0.0,0,True,56000.0
283.0317989294112,-215.24534211790754,0.7970335049649642,-0.35154828163485813,-0.960141331857789,0.2795149778775248,0.0,5,True,56000.0
25.130953257120467,-110.32543488983659,-0.655132813334551,-0.5973274891678982,0.7240686925180192,-0.6897278655490051,0.0,3,True,56000.0
-27.169684379480067,-4.209743333282767,0.5296730816688504,0.8146301187168491,-0.8959146956225434,0.444226134043464,0.0,0,True,56000.0
365.45566417909157,62.159544782275596,-0.9024572345130867,0.16894902573411022,0.3156139789650956,-0.9488876731633658,0.0,2,True,56000.0
130.97040761139675,71.62558331811215,0.6162796846579962,0.664623082068702,0.03675784223803885,-0.9993242021654271,0.0,0,True,56000.0
-62.844454109876025,41.175482007036344,-0.10430224780010333,0.8660254037844386,-0.7948250306571214,-0.6068386693681966,0.0,1,True,56000.0
-1.0990491561785645,149.97460146815786,-0.46107254165556527,0.8660254037844385,-0.4426230132072534,-0.8967077941999809,0.0,1,True,56000.0
284.4470417124581,38.73334129893575,-0.473545608921512,0.6069160970544007,0.46684669151880875,-0.8843382648158711,0.0,-1,False,56000.0
3.8310733153923238,42.20910416019663,0.7659748533290897,0.0766493095864002,-0.7414485729278646,0.6710096971749956,0.0,-1,False,56000.0
96.01494959694243,155.5671696543656,-0.7644939208221098,0.40790849462744505,-0.24806619333032615,-0.9687430844791955,0.0,2,True,56000.0
-175.39467335350542,-16.80009998564668,-0.4232077559641172,0.8660254037844386,0.5427979183409426,-0.8398633340277936,0.0,1,True,56000.0
155.05486931741993,109.88041616622466,0.9775370570957556,0.038906958397670624,-0.6302592476766748,-0.7763847504411533,0.0,0,True,56000.0
-58.54752087323033,-33.64053276693361,0.5197732728539413,-0.5678277356904069,-0.4845835662713319,0.8747449727203099,0.0,-1,False,56000.0
98.40986733198719,65.92210700639775,0.6823779526020305,-0.5501375236973336,-0.6879128874472605,-0.7257932620819914,0.0,5,True,56000.0
57.98181896525365,-216.42689563854228,-0.23954218529752386,0.8660254037844386,-0.1191502662130538,-0.9928762330023629,0.0,1,True,56000.0
307.86613877763926,-41.24547517383867,0.8623307368146608,-0.23845015847757906,-0.960347224141534,-0.27880675939338095,0.0,5,True,56000.0
180.59873015735963,-88.04453473560056,-0.22188403737620785,-0.7371296131279939,0.26114001982046886,0.9653009323769207,0.0,-1,False,56000.0
-146.09308591315414,190.5357642671873,0.2261024140587707,-0.8660254037844388,-0.6013148687264003,0.7990121580103033,0.0,4,True,56000.0
78.3796472355135,-94.1155384482827,0.5604287235376096,0.527742587277735,-0.040249388268800756,-0.999189665050419,0.0,-1,False,56000.0
103.6880600441675,-116.98555579419065,-0.5569010194208669,-0.5314638719241332,0.2675283103122223,0.9635500003534525,0.0,-1,False,56000.0
54.39684891686117,288.1966441387642,0.5473086697204322,0.5413370601034472,-0.9277008470853741,-0.37332444109200424,0.0,-1,False,56000.0
-37.05126209889211,164.4201885970478,-0.37723579591917406,0.6710333425917222,-0.4179553370017327,-0.9084675757953542,0.0,-1,False,56000.0
-19.75962977108595,-59.64001916147566,-0.6291708880055265,-0.6422948629000775,0.9152890812199017,0.40279758911823405,0.0,3,True,56000.0
98.9001495262886,134.07549376103782,0.20626767884421104,-0.8660254037844387,-0.7761255474000762,0.6305784127866533,0.0,4,True,56000.0
22.093425485427876,88.11407354224791,-0.5129914726553387,-0.5739619687535918,0.4557266317158233,0.8901197880873248,0.0,-1,False,56000.0
119.35982278154896,-47.54344920547819,-0.7663925342112178,-0.4046199997735789,-0.1577314583322384,0.9874820439137348,0.0,3,True,56000.0
173.73895779012614,14.124116552059977,-0.1526060803188065,0.7545223501277628,0.1064219828726054,-0.9943210555756291,0.0,-1,False,56000.0
-189.6534624863699,15.944467532607236,0.43291754591775883,0.6365335741570413,-0.17924146642101635,-0.9838051111449371,0.0,-1,False,56000.0
83.11057703728348,61.52366441692258,0.9150671717712502,-0.1471079737227148,-0.9858342720528686,-0.16772235404293245,0.0,5,True,56000.0
-45.84749143289458,-68.48599755696145,0.4226393456014832,0.643403898140307,-0.32344715749157504,-0.9462462345025442,0.0,-1,False,56000.0
-92.28092127085993,51.835115466854496,-0.5113936853189583,-0.846290961926552,0.9909665952123617,0.13410893770672347,0.0,3,True,56000.0
-267.91814110833985,-179.3158137694579,0.5446449202434368,-0.5440170065775634,-0.9461226367825062,0.3238085177499153,0.0,-1,False,56000.0
-104.91391051829066,60.90763191248399,-0.4756955888278787,0.8660254037844384,0.2429269465700229,-0.9700445858979476,0.0,1,True,56000.0
184.70930482514268,153.90830353809656,-0.9854395591500357,0.025219423332739764,0.05245841162862097,-0.9986231096110119,0.0,2,True,56000.0
254.7566375876486,123.43363198974392,-0.7361004937623505,0.2252746227949702,0.7805762053542848,0.6250606271670212,0.0,-1,False,56000.0
26.159176176544655,-91.68918248565367,0.6750874432972479,-0.5627650562262705,-0.6209017673662858,-0.7838883819020781,0.0,5,True,56000.0
51.65357140221402,-317.1120444793376,-0.7680055472091972,-0.052536387851600655,0.9398946985882866,-0.3414644279647629,0.0,-1,False,56000.0
37.501001012549416,-144.94878194457868,-0.6064549267092855,0.4741360716741847,-0.3879269384449151,-0.9216901271188841,0.0,-1,False,56000.0
157.6443936046059,50.310724368573155,0.1645993613318906,0.7519971029476951,0.34090744493653047,-0.9400968641510377,0.0,-1,False,56000.0
-161.29835205687561,103.2657810975939,0.639143677351018,0.6250214850605051,-0.6536517185782105,0.756795501307548,0.0,0,True,56000.0
-275.68774697833476,-104.87973872540394,0.5379066834716891,-0.8003691020650416,0.0778766334741205,0.9969630033047081,0.0,5,True,56000.0
-131.9214161244253,390.260157931508,-0.7342009578792458,-0.4603774455562866,-0.33589379752378823,0.9418998655826876,0.0,3,True,56000.0
65.77790568960013,138.6819338909231,-0.6188037327201915,0.6602513025842339,0.9986908948081152,-0.051151702093197804,0.0,2,True,56000.0
-129.4415302415832,30.69418248454126,0.6952472177079774,0.5278473026777601,-0.7159712799812289,-0.6981297345347539,0.0,0,True,56000.0
55.73936221548282,47.02575892729849,0.6742496602067644,-0.3714565766057388,-0.89894471209511,0.438062101300583,0.0,-1,False,56000.0
95.36530040081057,55.352257165386526,0.15067003460596062,0.7549113413271992,-0.11454382754211828,-0.9934181957119722,0.0,-1,False,56000.0
-80.51465056031974,-70.44711909845809,-0.4203081596192561,0.6449291771582879,0.9953237683267767,-0.09659501127591644,0.0,-1,False,56000.0
172.05698772050494,-53.117414978390535,-0.522427101948899,-0.8271805237424189,0.39758515341003653,0.9175652814855376,0.0,3,True,56000.0
182.38552620036782,-48.10359528975782,-0.9448556585600119,-0.09551280112398523,0.9802251232073607,-0.19788559278736492,0.0,3,True,56000.0
200.7777731554791,8.916105674488263,-0.7685659758523394,0.04357675245740131,0.9744804146676248,0.22447254047843945,0.0,-1,False,56000.0
134.27791579511418,8.780511220482238,-0.40453608660409496,0.8660254037844385,-0.4138428545366132,-0.9103483353907145,0.0,1,True,56000.0
5.952522931166315,-150.77528336853078,-0.42600215185802065,0.8660254037844385,0.6307961507897994,-0.7759485911762938,0.0,1,True,56000.0
-82.97599279238206,134.25660478651776,-0.09914406819964729,0.7633891840558235,0.6100691001212117,-0.7923482145350365,0.0,-1,False,56000.0
-79.69873703112661,264.22662874623086,-0.5774786727751905,-0.7318284060348057,0.20197613691263902,0.9793904431417951,0.0,3,True,56000.0
-47.52287115438626,230.38560778826584,-0.8627564421466085,0.23771281521359275,0.9364881074146795,0.35069933656975694,0.0,2,True,56000.0
-244.260300525929,45.37472105667023,-0.24018267545178262,0.7313719129180557,0.9999853331138703,0.005416046226665583,0.0,-1,False,56000.0
-108.9141079309159,-68.82124981956724,-0.4222348882311926,-0.8660254037844388,0.34557504171079717,0.9383911181091633,0.0,4,True,56000.0
-273.32042252701575,-119.39711128843918,0.550212906328231,0.7790540988282459,-0.6394762699040997,0.7688108351403242,0.0,0,True,56000.0
84.71620012006426,38.924189049603434,0.5459326601656252,-0.5427247213432205,-0.6309401664886763,0.7758314935028696,0.0,-1,False,56000.0
-32.911725651224025,32.80107294435201,-0.9506551644182749,-0.08546776231868013,0.11533592534831927,0.9933265446587847,0.0,3,True,56000.0
-56.43843039256042,50.770051273935444,-0.4618760194085103,-0.6158434340706587,-0.5815327714427568,0.8135229780022597,0.0,-1,False,56000.0
201.18000799125667,-54.06294846341338,0.9663611917556855,0.058264124985220114,-0.9991773435779205,0.040554112987849916,0.0,0,True,56000.0
-163.79684549080983,-148.74181615849847,0.9116307077439346,0.15306010401640877,-0.6281586710780354,-0.7780852677882616,0.0,0,True,56000.0
-136.1142417094618,126.57277869558004,0.1519399207315658,0.754656778330837,0.1370793343073708,-0.9905600719317622,0.0,-1,False,56000.0
-37.01213699901911,11.994453111334108,-0.9745797049179389,-0.04402924262552254,0.4772659519769003,0.8787589038429404,0.0,3,True,56000.0
28.940515868046173,-212.97239466199295,-0.7150431388684265,0.2851418982713351,0.9872847104677172,-0.1589619466298849,0.0,-1,False,56000.0
-152.01545665704404,-10.498612300133495,-0.5445424397385654,0.7888756350641686,0.7619180062679325,0.6476734916022638,0.0,2,True,56000.0
-215.17049814196383,161.26895848313458,-0.46394004023113533,-0.8660254037844388,0.4883647888667617,0.8726395779442697,0.0,4,True,56000.0
-0.10467974065314961,-223.57949645186966,-0.26629024974663656,0.8660254037844385,0.027741364098453014,-0.9996151342979848,0.0,1,True,56000.0
41.508210719934276,69.14588847728807,0.969507089626606,-0.05281527003736198,-0.9577984312717669,-0.28744071571916224,0.0,5,True,56000.0
433.1417419893759,-58.14345665707432,0.4467451174315861,-0.8660254037844387,0.027037001324702437,0.9996344334600318,0.0,4,True,56000.0
188.08894721300248,167.0035402873459,0.1598950057972028,0.8660254037844386,0.19767090568437534,-0.98026843927854,0.0,1,True,56000.0
2.131906068786531,39.56253390548318,-0.5406788222914988,0.7955676167834973,0.8554475946623801,-0.5178893827700919,0.0,2,True,56000.0
-4.2940808543219955,-25.184558523814157,-0.25145555416963533,0.8660254037844384,0.7677486129495192,-0.6407511742585841,0.0,1,True,56000.0
212.60462090167294,-154.86019694553897,0.41285529597603016,-0.6497254013636351,0.20835052052919042,0.9780542217049647,0.0,-1,False,56000.0
-39.05551396001388,-177.5915855224151,0.07658715151968276,-0.8660254037844388,0.9652626630832569,0.2612814407054023,0.0,4,True,56000.0
251.69937594699738,51.66797225324688,0.1000146252781483,0.8660254037844386,-0.8879884361951249,-0.4598657817053228,0.0,1,True,56000.0
-69.12098780301245,-96.96303681697853,0.7220230103519777,-0.2669744652862147,-0.8999255614723849,0.4360435572374744,0.0,-1,False,56000.0
-8.00333097420679,-35.62357269531928,0.18821726989766147,0.7464361003494293,0.5954777302537271,-0.8033718147729192,0.0,-1,False,56000.0
-108.10483102507646,-57.36584004634385,0.9200491900339186,-0.13847886496753695,-0.9599857875268012,-0.28004872387891827,0.0,5,True,56000.0
-124.71634315029736,-71.852117673207,0.29089713326502786,0.8660254037844386,-0.8428711428425699,-0.5381154491027077,0.0,1,True,56000.0
226.6806390089213,205.39977868548857,-0.5956551645750321,0.48763461475543723,-0.14614913758150533,-0.9892625685751522,0.0,-1,False,56000.0
-228.56665302890022,-259.25498665535684,-0.18293475648276414,0.747748264767752,-0.03199406956040085,-0.9994880587143546,0.0,-1,False,56000.0
-112.42973613042842,-215.07302713606447,-0.9169885282877661,0.14378008661665592,0.9917351755843068,0.12830175956872042,0.0,2,True,56000.0
40.69390934782964,-151.16763155642366,-0.482213862257848,0.6000519841138445,-0.3336673625369734,-0.9426908778477033,0.0,-1,False,56000.0
-151.15407503149572,-71.26137173828336,0.32660104066656603,0.8660254037844385,-0.0638255876754874,-0.9979610685580443,0.0,1,True,56000.0
-219.56543556351565,-51.64597782348957,0.5304224761060107,-0.8133321294767781,-0.9651953674072665,0.2615299270354362,0.0,5,True,56000.0
-81.05496518022814,120.68167158040734,0.6535959216474677,0.5999894636556563,0.09437223080910251,-0.9955369817599551,0.0,0,True,56000.0
112.40477270139542,184.13532050956897,0.06296627803376426,0.7672208550496833,-0.9349727515936117,-0.3547195424234449,0.0,-1,False,56000.0
-50.91041308396934,31.656252308861866,0.5287710930345082,-0.8161924088593795,-0.6478542208508742,0.7617643392319222,0.0,5,True,56000.0
15.034748271029395,-41.136790929021934,-0.43429611773403076,0.6355937969440397,0.5183399618571154,-0.8551746511337419,0.0,-1,False,56000.0
172.1315490629413,151.0218875283437,0.14701023492182663,-0.8660254037844386,-0.8349696832500002,0.5502959458809795,0.0,4,True,56000.0
-98.7185711404096,161.3866456236731,-0.9781044875513597,-0.03792414001880161,0.4229006611643279,0.9061760484510757,0.0,3,True,56000.0
10.584788455546414,151.52542430386424,-0.21977838176565478,0.7377601612319971,0.15278877133424423,-0.988258868593538,0.0,-1,False,56000.0
13.697442064828644,-62.140729355605274,0.5941602303936114,0.4894550165349242,-0.9794223573940939,0.20182132156005644,0.0,-1,False,56000.0
62.850781072211724,112.28168715152485,-0.6368623233139091,-0.6289729061628299,-0.2381744194414543,0.9712223977665291,0.0,3,True,56000.0
-193.71822989076608,78.5150497564239,-0.22131226040368923,0.8660254037844385,0.4248124911490098,-0.9052813636452337,0.0,1,True,56000.0
124.30127581866414,141.98542520811174,-0.968209658056056,0.05506248743689923,0.9860975570303906,0.16616740961545567,0.0,2,True,56000.0
95.22557725629862,213.97649941571933,0.10194628703709238,0.7630200175303025,0.8877641336572137,-0.4602986454373281,0.0,-1,False,56000.0
-16.46514803682663,103.62598107949147,-0.5739108259921079,0.7380080979367255,0.18674112974681836,-0.9824091563399384,0.0,2,True,56000.0
126.70921704601402,90.48919123584835,0.5261112743262888,0.8207993500009374,-0.5499918704920522,-0.8351700080775929,0.0,0,True,56000.0
34.651401936371386,57.502929404720916,-0.25229006344846644,0.8660254037844385,-0.8655836263314524,-0.5007644015169079,0.0,1,True,56000.0
149.211316879123,-0.23020987393335876,0.658933339921342,0.3979942790200603,-0.7731965988401166,-0.634166397360926,0.0,-1,False,56000.0
-29.611251539443373,-121.58595563873534,-0.7910541874459406,-0.36190476337239386,0.052112212824514004,0.998641235516618,0.0,3,True,56000.0
16.085554597617975,-134.04085102287772,0.4835989368725938,0.8660254037844385,-0.5094886096860687,-0.8604774004003756,0.0,1,True,56000.0
-210.82567822545985,51.16945036533348,0.7203833066580403,-0.4843103195126805,-0.7450104423004331,-0.6670528021550222,0.0,5,True,56000.0
105.88028975005751,-96.16473003861383,-0.9174971189579194,-0.1428991817356948,-0.36848805038539634,0.9296324847609789,0.0,3,True,56000.0
26.692585643203824,-241.76474259834288,0.33561019724935176,0.8660254037844385,0.340825035135684,-0.9401267443405765,0.0,1,True,56000.0
-247.2957571411334,154.3478764252898,-0.30710411246607255,-0.8660254037844387,0.4378929957407138,0.8990270987466602,0.0,4,True,56000.0
-57.994725847348136,266.8793967988013,-0.7668361107172266,-0.06749053187425441,0.9285618883074531,-0.3711776119090849,0.0,-1,False,56000.0
136.030051129182,225.65603644533613,0.27528379734572217,-0.7188959754453434,-0.5449608386234316,0.8384614984401626,0.0,-1,False,56000.0
87.22063063206585,-62.9942923167038,0.396805110347744,0.6596501322629345,-0.6558370904348848,-0.7549024511879172,0.0,-1,False,56000.0
74.99056396420058,83.60419407632813,-0.2558758762524956,-0.8660254037844387,-0.33195396234631097,0.9432955882872822,0.0,4,True,56000.0
102.10466651174912,10.872312342142637,-0.35353311926777176,-0.6838179042503872,0.9394313285583967,0.3427371863727648,0.0,-1,False,56000.0
-292.50393607415606,-13.831283005887911,-0.875393961952976,-0.2158239888273061,0.9504083020039038,-0.3110049187420027,0.0,3,True,56000.0
-57.13962891821005,33.621890338587896,-0.42387028659076886,0.6425936295498513,0.18325176983545827,-0.9830660144933163,0.0,-1,False,56000.0
-47.17555211053397,-63.22735169706386,0.5184586209995641,0.8340541343755355,-0.8899344953017346,-0.45608836213126924,0.0,0,True,56000.0
-39.04762602477673,13.721080238163179,-0.7508255759472997,0.16986331886548658,0.9845153314517007,0.1752984943920372,0.0,-1,False,56000.0
64.22145797212148,-93.96776320141163,0.8373189833000668,0.28177178635124545,-0.9977151026053457,0.0675616313659419,0.0,0,True,56000.0
32.87604488173573,48.02863435939892,0.7581421761556077,-0.13346547616006027,-0.9710605569611026,0.23883340368156408,0.0,-1,False,56000.0
-29.483837844959357,139.7681327995947,0.2449981233381871,0.7297729182104244,-0.7082656307721552,-0.705946029287321,0.0,-1,False,56000.0
108.8047151561047,-68.76418544303391,-0.5794344916494737,-0.7284408283741445,0.0456991541782491,0.9989552479000615,0.0,3,True,56000.0
-109.44906525537613,-98.64328957624092,0.8524205511215234,0.2556151036105356,0.10708361953021378,-0.9942500180678826,0.0,0,True,56000.0
88.36381957353017,62.88643101596062,0.6154089098965649,-0.6661313081974494,-0.5118937276246613,0.8590487830258546,0.0,5,True,56000.0
150.0983285871539,81.15070108924738,0.6426817007315148,-0.6188934488071177,0.05755911202477171,0.9983420999950926,0.0,5,True,56000.0
78.37032944537196,147.98553766558905,0.31362604759979795,0.8660254037844386,-0.887952106354639,-0.45993592686371737,0.0,1,True,56000.0
160.24703448267357,93.08248295096053,0.4513418687074132,0.8660254037844386,-0.5011602494448418,-0.8653544963631703,0.0,1,True,56000.0
123.84896962266737,-35.23245730080565,0.8433811816906213,-0.27127175073324217,-0.9730494969950816,0.23059634948803204,0.0,5,True,56000.0
-59.70896140346471,-374.79553465504506,-0.623002172343505,-0.6529793918441449,0.521376929800616,0.8533264891419939,0.0,3,True,56000.0
188.2496539515169,-219.48363574848076,0.6064734605726497,0.474112364544131,-0.6971826542562963,-0.7168935392398093,0.0,-1,False,56000.0
190.2981765892023,-15.659768565597359,-0.36196239962461063,0.8660254037844386,0.5534665868867701,-0.8328713809463648,0.0,1,True,56000.0
41.98745961911656,-51.61958315563602,0.3157872644837003,0.702047716457004,-0.28557043821581407,-0.9583577227825435,0.0,-1,False,56000.0
-1.6669735755321673,-44.31484678559643,-0.7692940735243983,0.02791453085455539,0.6473783511240596,-0.7621687939660134,0.0,-1,False,56000.0
-90.92898192712525,-181.68803554267416,-0.3607424400916531,-0.680042266707969,0.9997021050529498,-0.024406989825309477,0.0,-1,False,56000.0
-199.91256567309745,-120.9848486789877,0.9454621844522294,0.09446226746255876,-0.9883546564345368,-0.15216791088728432,0.0,0,True,56000.0
231.087278223238,-121.95001855035238,-0.9469006024635954,0.09197085438435051,0.8886950377042535,0.458498778580013,0.0,2,True,56000.0
192.89286442727646,-51.801893120589995,-0.5326921164221501,0.809400997134318,0.9017645391290079,0.43222762055314545,0.0,2,True,56000.0
258.9970183640238,-105.494804709893,0.2401241797481689,-0.7313911203267793,-0.9978072783375976,0.06618636790289863,0.0,-1,False,56000.0
-22.57637355133598,-62.49110008629208,0.5946779783182308,0.7020383349793581,-0.9968367329291131,-0.07947658701051384,0.0,0,True,56000.0
148.49134954991996,-124.89373082782062,-0.6874793524163603,-0.5413016400291919,0.11939846241041346,0.9928464167098698,0.0,3,True,56000.0
169.52861016660864,-3.5416274128726957,-0.46091145183931986,-0.6165656705947573,0.9997948549011643,0.020254582513590802,0.0,-1,False,56000.0
-33.4492393274113,-208.84580374052476,-0.8847028058130016,-0.19970059830201603,0.44812275063501117,0.893972035559791,0.0,3,True,56000.0
-137.36177263179485,-44.91422025878119,0.7053515157954818,-0.3083372046276746,-0.9512675895539002,0.30836662118956004,0.0,-1,False,56000.0
-284.5821395154926,12.567363733878004,0.9057774331797288,-0.1631982729522628,-0.08944872877684212,0.9959914281357231,0.0,5,True,56000.0
85.73998390025595,200.57276607554323,0.7647471095339209,-0.08805936095671793,-0.8376036142958855,-0.5462784869625725,0.0,-1,False,56000.0
146.5014171591611,-27.387186214534474,-0.6058844712895828,-0.47486482291567456,0.9987958628564095,-0.0490593960475913,0.0,-1,False,56000.0
238.41419574528348,-6.4790189641257525,-0.6101803278555366,-0.6751874779440532,0.15888404707384357,0.9872972498619741,0.0,3,True,56000.0
-0.8349877883050647,2.0023078611723446,0.04388451298150675,-0.7685484643878799,-0.9405685942273991,0.3396037684607397,0.0,-1,False,56000.0
-51.18495453394928,78.21471805702639,-0.8025811340259299,0.3419395062397202,0.9079354903181464,0.4191099443110971,0.0,2,True,56000.0
70.90708294685065,85.04368820851408,-0.7238837650956583,0.2618871650606919,0.8294325711524418,-0.5586068473543154,0.0,-1,False,56000.0
104.38136799256455,123.80779745720943,-0.9147375224209255,-0.1476789431461589,0.9899601705073133,-0.14134659815071532,0.0,3,True,56000.0
-187.23529661934796,144.576654144519,0.9427414715296659,0.09917468047724814,-0.14971300583259323,-0.9887294958098101,0.0,0,True,56000.0
20.350195285832154,203.18670848540881,0.26026929774817575,0.8660254037844386,0.09729805331803568,-0.995255288265356,0.0,1,True,56000.0
5.76240980464079,130.1943809266497,0.6153314594724152,-0.6662654562671447,-0.30885642899111654,0.9511086721665666,0.0,5,True,56000.0
232.6572863336472,-107.2293807877709,-0.5093835339730534,-0.5771663606879003,-0.24073036617805,0.9705920310817802,0.0,-1,False,56000.0
104.59020427196796,152.65876900773452,-0.8138872384817718,-0.32235675888652116,0.9960397286326799,0.08890927389765063,0.0,3,True,56000.0
-78.31881367851392,-222.98427216223362,0.7195265441709132,-0.4857942756704036,0.4429374676285238,0.8965525080944624,0.0,5,True,56000.0
-0.8224538142887549,80.68255239307476,-0.8447864192459137,0.26883780789077255,-0.27906313694301854,-0.9602727558350777,0.0,2,True,56000.0
138.3517958961154,-69.84571983750632,0.5522782246584471,-0.7754768625465082,-0.9768747612848928,0.2138123026493775,0.0,5,True,56000.0
-220.34588208532537,-1.8270138975870198,-0.5553612303403752,-0.5330726933800091,0.9989969897653209,-0.04477738759055577,0.0,-1,False,56000.0
55.72712481947411,-139.46239463532186,0.4639570165124489,0.8660254037844386,0.7421404817697492,-0.6702443623919325,0.0,1,True,56000.0
152.67067371406563,32.62477812200261,-0.44173538933586654,-0.8660254037844388,0.28465070916881297,0.9586313023104029,0.0,4,True,56000.0
3.527692027546654,-130.08046790030448,-0.7846106669932481,-0.3730652681760667,0.8912993507760447,-0.45341533642546683,0.0,3,True,56000.0
7.932706004553803,103.98901476405767,-0.5502358082997347,0.7790144314500077,0.37372656576859176,-0.9275389231931981,0.0,2,True,56000.0
-92.59875155541918,279.2367717696627,-0.7014372088480423,-0.5171259235247665,0.21394290214622938,0.9768461673267832,0.0,3,True,56000.0
-5.527139887476113,-73.28209033128465,0.2576282063393083,-0.725410435471522,-0.9917502743126431,-0.12818499678399548,0.0,-1,False,56000.0
-49.96903740421184,187.84847560296376,0.5407733720264166,-0.7954038518387776,-0.48049912548794477,0.8769952054628822,0.0,5,True,56000.0
-70.55982022711483,46.50581686861224,-0.5010707333565633,-0.8641708392095132,0.8548016760505114,0.5189548098060548,0.0,3,True,56000.0
-144.2562287054252,30.04096954563924,-0.07001358588054978,-0.8660254037844387,0.2533659776551538,0.9673704984991632,0.0,4,True,56000.0
41.4332060914739,-347.2851936040374,-0.7695499377513404,0.01963379483187766,0.6772804404136291,0.7357249520254227,0.0,-1,False,56000.0
22.035269851366785,-170.15700462098388,-0.8081282309241543,-0.3323316525774875,-0.05010578386870329,0.9987439163382079,0.0,3,True,56000.0
-16.432774501075922,-94.09767922928727,-0.7371579291187684,0.4552558211329132,-0.06497310038592252,-0.9978870157617439,0.0,2,True,56000.0
121.76774888713476,178.96142795381087,0.08986329248781955,0.8660254037844385,0.9762429552696508,-0.216678776731827,0.0,1,True,56000.0
11.233615628880814,-75.94476418957368,0.6138260253506467,-0.4645537678189895,-0.8898134070344651,0.4563245562768625,0.0,-1,False,56000.0
-71.53424969912604,-63.63131132658447,-0.7540970236960617,-0.1546941222068045,0.9999993769828611,0.001116258750606558,0.0,-1,False,56000.0
-7.114260012415928,174.96827371499666,-0.7697917468301948,-0.0036413053579387455,0.7637797744710066,-0.6454769214376602,0.0,-1,False,56000.0
45.833093760482804,-99.55159599137433,0.6586038368678027,-0.5913155000540385,0.05941288567231978,0.9982334942365376,0.0,5,True,56000.0
-89.22052654007634,-6.036855473126122,0.6421234105792274,0.6198604357162445,-0.21743299485676143,-0.976075249531142,0.0,0,True,56000.0
-38.16206180628553,-4.4075367668400185,0.08055049580477915,0.7655744315337318,0.4229484495170539,-0.9061537447093555,0.0,-1,False,56000.0
-219.95030680444256,173.1040669075433,0.1617880853739572,0.7526069412539467,0.13683869072504984,-0.9905933437694542,0.0,-1,False,56000.0
-139.06005404073713,196.51434299070607,-0.6801561535089504,0.5539857926107584,0.4884059738524431,-0.8726165278659563,0.0,2,True,56000.0
-35.1401506405878,77.20562701911183,-0.5037127401415296,0.8595947492240087,0.7498356438441302,-0.6616241434685948,0.0,2,True,56000.0
-217.3512009713897,296.90895431598824,-0.39911242872013314,-0.8660254037844388,-0.8348327247515408,0.5505036981561298,0.0,4,True,56000.0
187.61760279093556,-4.965840731291713,0.5391578117216672,-0.5494555911555505,-0.6687539259202024,0.7434838172858416,0.0,-1,False,56000.0
-26.56291122530456,-248.49302888752965,0.13706050634419867,0.7575005017775659,-0.7239897039310156,-0.6898107773886909,0.0,-1,False,56000.0
-361.1767707357885,53.87162210131434,0.8898307508128209,0.19081873702391103,-0.9786474472909653,0.2055460384208751,0.0,0,True,56000.0
-78.86859917597253,69.21821351225098,0.2307105946788126,0.7344148787269639,-0.9859673643011875,0.16693818176983088,0.0,-1,False,56000.0
-8.240281912780254,-72.35859563291008,0.20515407824789228,0.7419598350118758,-0.6570946784423732,-0.7538080548537192,0.0,-1,False,56000.0
-202.95250541087555,159.96020938492515,0.42781225708608184,-0.8660254037844387,0.4512534985101865,0.8923958090903259,0.0,4,True,56000.0
124.51748658968306,159.2948663351607,-0.9489927359979194,-0.08834717280668221,0.9184254102867458,-0.39559419325773904,0.0,3,True,56000.0
103.7839443029293,-120.54643032809925,-0.9099095748800214,-0.15604119358328178,0.8015900453417293,0.5978740663457184,0.0,3,True,56000.0
159.75168435848465,347.57259693947327,0.7469542428091991,-0.43828810809420465,-0.6900899229318688,0.7237236339014587,0.0,5,True,56000.0
-45.75868036490272,-104.98389843431366,-0.3527752570530704,0.6842091862900794,0.1572840025328065,-0.9875534125032872,0.0,-1,False,56000.0
-7.587708866650345,-66.6420023951345,-0.5885568559639466,-0.7126404298963246,0.16297992460691785,0.9866293854202729,0.0,3,True,56000.0
274.1973729119521,-66.09346262128068,0.4636310509574194,-0.8660254037844387,-0.41649414604226886,0.909138397776774,0.0,4,True,56000.0
70.65578926407956,-4.959926319356806,0.09397660160044508,-0.8660254037844387,-0.8919420647212029,0.4521497021789279,0.0,4,True,56000.0
4.457710603963959,279.3031529656836,0.5433711508533141,-0.7909043669237643,-0.2515998735334334,0.9678313404915446,0.0,5,True,56000.0
118.39376476818003,-154.28336875431566,0.7396461798588465,-0.4509460444291271,-0.48579980396927624,0.8740701061488836,0.0,5,True,56000.0
236.00394838687168,16.196502861105447,0.7471989771196572,-0.1851655507483246,-0.9550258053027169,0.29652269930901043,0.0,-1,False,56000.0
-137.35019871952855,-48.45279554523241,0.7056560560807924,-0.5098186657682718,-0.0327918649240955,0.999462202183981,0.0,5,True,56000.0
300.3515931296282,246.65170342188657,-0.7245320196194073,0.47712453787757353,0.9883097915449812,0.15245903035237401,0.0,2,True,56000.0
-78.98481663938152,2.2501929765695716,0.2641793834543992,-0.8660254037844386,-0.8908260221063709,0.4543445810590614,0.0,4,True,56000.0
-67.98825033786736,-147.34489605146018,-0.6790644166506473,0.5558767363178354,0.12018446910092212,-0.9927515768743326,0.0,2,True,56000.0
-75.19178252159107,-79.02033438322685,-0.849181800132009,-0.26122478487743817,-0.18293664081262143,0.9831247049320654,0.0,3,True,56000.0
-35.87101015416354,212.95773430669166,0.7451332759966446,0.19331061428462884,-0.998083858537595,0.061875773339658824,0.0,-1,False,56000.0
236.31736462503733,-48.376782393010295,-0.5157678518476826,-0.8387146832580342,0.6724385645874162,0.7401529415298582,0.0,3,True,56000.0
76.58448549362035,-190.0636009862221,0.566474350778334,-0.7508884508362084,-0.9981950993275575,-0.06005450589418182,0.0,5,True,56000.0
-177.84660923953467,-228.6564434286205,-0.57027159413812,-0.7443114324083561,0.5855684319504717,0.8106229774085653,0.0,3,True,56000.0
28.997172367418035,136.1514042659995,0.5141912368134598,0.5728873925797606,-0.19228200142044322,-0.9813397128055625,0.0,-1,False,56000.0
-153.93624184456183,1.6688568834039452,0.4528231336959505,-0.8660254037844387,0.9957520156231051,0.0920756394609264,0.0,4,True,56000.0
-72.78445721389458,-85.99554757846026,-0.7868046107991395,-0.3692652460353115,0.9664670732940912,0.25679056882592405,0.0,3,True,56000.0
-262.62112810261596,152.21317439517532,-0.853581935674418,0.25360352655779633,0.38306575965579526,-0.9237210746642864,0.0,2,True,56000.0
-65.71636871345014,-39.74003670840907,0.9073400066745221,-0.1604918162687203,-0.9591402086282417,0.2829311933883927,0.0,5,True,56000.0
73.59482578519689,118.90487841667077,-0.5320978435791575,-0.8104303078919394,0.7749134482772473,0.6320673600802199,0.0,3,True,56000.0
-38.870397525229514,24.722638129932907,-0.7173038352605355,0.4896441204336138,0.03356272491529028,-0.999436613045542,0.0,2,True,56000.0
86.97227540039368,211.51911766895734,0.7061749593664909,-0.30644660114990224,-0.19430825038090738,0.9809405200283876,0.0,-1,False,56000.0
-204.8361047524856,272.54449250170455,0.7697410729545067,0.009553700824139845,-0.9741326526197358,-0.22597693488457316,0.0,-1,False,56000.0
167.12898186630397,52.36150661278012,-0.6414488288448421,-0.4256007431457008,0.9257719662660971,-0.3780823540917068,0.0,-1,False,56000.0
-4.664500348897446,63.32836909892864,0.9553092823829604,0.07740659353942646,-0.9999971487955928,0.002387969898105066,0.0,0,True,56000.0
-29.631905060414297,168.63478092847038,-0.535850869949103,0.5526811357079069,0.055323772957228345,-0.9984684672764662,0.0,-1,False,56000.0
-106.16138066205255,125.03407048777986,-0.9881980178586189,-0.020441632698892247,0.47554628462999,0.8796907019936961,0.0,3,True,56000.0
55.98734140105584,-45.50667422315927,-0.00954057727027885,0.8660254037844385,-0.8838805339820315,-0.4677127341084542,0.0,1,True,56000.0
-13.426797185862148,4.0285093732144395,-0.6614173844520135,-0.39385230243995,0.6449633025547234,0.7642135423803007,0.0,-1,False,56000.0
-83.31579425328466,-133.99446913774275,-0.4603966849576502,0.8660254037844385,0.5446540954314629,-0.8386607874041949,0.0,1,True,56000.0
55.75305874424028,158.40602127929765,-0.4743346955754528,-0.8660254037844388,0.3335553827629272,0.9427305058337695,0.0,4,True,56000.0
-44.60432445613428,25.5523757553433,-0.7955896191424403,-0.35404916523979835,0.22806618439629817,0.9736456313949882,0.0,3,True,56000.0
56.04225077860104,43.280961906348765,0.0014127431110218802,-0.8660254037844387,-0.4404544015705231,0.8977749830201404,0.0,4,True,56000.0
-84.72255695401905,81.06852547126091,0.7339851331028682,0.23207416266477676,-0.8251404122711379,0.5649276945210072,0.0,-1,False,56000.0
124.29052062569883,-97.82620780236647,-0.4365775579601269,0.8660254037844386,0.5519904195662348,-0.8338504522435011,0.0,1,True,56000.0
210.51982641653538,-120.79579524133743,-0.967185237245577,0.05683683632897923,0.9980277263163052,0.06277465653844137,0.0,2,True,56000.0
64.1147302377514,-44.529387143308355,-0.1020029065111851,-0.7630124505248015,-0.36489014667982705,0.9310505791071215,0.0,-1,False,56000.0
4.293164324180303,-220.70008150056248,0.7191448426382707,-0.27463300584483513,-0.48895547095940595,-0.8723087454671661,0.0,-1,False,56000.0
183.64463180617767,44.12000992704691,0.9553025908171056,0.0774181836714693,-0.9994854240412435,-0.03207627049442502,0.0,0,True,56000.0
42.4751085275952,28.206367136246154,0.9063889674718846,-0.1621390644876785,0.16510192434325743,0.9862765102027544,0.0,5,True,56000.0
36.21262959301785,5.596057086383566,0.8272176426114789,0.29926782164844273,-0.6313654148631651,-0.7754854691832623,0.0,0,True,56000.0
-32.50638616200807,23.15830791088925,-0.7046395435791931,-0.5115793170675706,-0.07560219912829658,0.9971380583884331,0.0,3,True,56000.0
-24.308141666650418,24.56029605727565,0.32932162150246597,0.6958015968676552,-0.24487361533571417,-0.9695550074709762,0.0,-1,False,56000.0
-38.420535283858285,96.89600896282244,0.9790529192506124,0.0362814081281878,-0.999813376306948,0.019318710030733908,0.0,0,True,56000.0
-48.23824499934739,2.5047881539275805,-0.7264988566768888,-0.473717876163806,0.05235102417729695,0.9986287449634484,0.0,3,True,56000.0
-201.15913674959597,-84.54651368555868,-0.8454064322725576,-0.2677639138272704,0.9832035812303399,0.18251224028994467,0.0,3,True,56000.0
95.1878361702507,92.9726292282021,-0.6871662837523738,-0.34697995773033397,0.7487710546854104,0.6628287166869549,0.0,-1,False,56000.0
29.143045240466357,113.08834303233908,-0.33671803213893214,-0.8660254037844388,0.6534702391313174,0.7569522089070451,0.0,4,True,56000.0
-108.44113155983773,-5.702241077772499,-0.7675793048134738,0.05843460802175872,0.8787281148157935,-0.47732263746013687,0.0,-1,False,56000.0
-144.80819143313937,-4.464333033672126,-0.8580483967206429,-0.2458673890957069,0.45956739033605304,0.8881429016433255,0.0,3,True,56000.0
-56.89062949880335,146.7286270757647,-0.9248482348187083,-0.13016667557248285,0.9915616280218428,-0.12963617486772247,0.0,3,True,56000.0
-214.53977046308347,104.21716482916693,-0.7188995869965903,-0.4868801973505008,0.6897666404847174,-0.7240317546033876,0.0,3,True,56000.0
-102.11876394427219,-86.63909232014845,-0.3437002050273948,-0.8660254037844387,0.07093537026313734,0.997480913724768,0.0,4,True,56000.0
37.515978613273106,450.2285705939452,0.33756182711621324,0.6918414597771343,-0.9009777852147475,-0.4338652216404517,0.0,-1,False,56000.0
11.423731018237495,73.93073428039608,0.47574619737412527,-0.8660254037844386,-0.2442557916534316,0.9697108374372938,0.0,4,True,56000.0
-37.993994718368356,-205.32347680158642,-0.5009214837918962,-0.8644293470385238,0.634517723067237,0.772908312229343,0.0,3,True,56000.0
-139.0024771679355,-50.8058749902578,0.48957046190994374,0.8660254037844386,-0.26861587723372377,-0.9632473776230046,0.0,1,True,56000.0
25.245388695007048,-151.78431797216982,-0.3352997629238027,-0.6929405902210045,0.996450475662982,0.08418105220697038,0.0,-1,False,56000.0
-425.92249280812274,-59.024297717378865,-0.38801524711093804,0.8660254037844386,0.3088128446885137,-0.9511228243265522,0.0,1,True,56000.0
-16.92662693415885,-100.72122192082455,-0.21218203256990137,0.7399806603196449,-0.04658616028720186,-0.9989142754357553,0.0,-1,False,56000.0
54.53122335595506,83.78488455359154,0.13230772012994696,-0.8660254037844387,-0.8310198162343013,0.556242811212506,0.0,4,True,56000.0
183.38871943912952,-38.16347053558407,-0.7683636709345778,-0.04700916698402832,0.5512283213393927,0.8343544437185959,0.0,-1,False,56000.0
21.926770344031958,18.431917715700894,-0.7564395313925639,-0.1427999577702691,0.1319656000384603,0.991254296538491,0.0,-1,False,56000.0
269.386309680506,-172.26708018443986,0.036143492583713376,-0.7689513902298659,0.046128718482844874,0.9989355040896251,0.0,-1,False,56000.0
-67.69073262693404,103.21755576671606,0.9745926747634953,0.04400677819405373,-0.4168101432900868,-0.9089935667814923,0.0,0,True,56000.0
120.3918672451798,45.779261071145136,0.5553141491388427,-0.7702184870985208,-0.8710536215756907,0.4911879358652449,0.0,5,True,56000.0
-177.1528309846585,-170.36703985316962,0.15619869534530972,0.8660254037844385,0.9812454478011249,-0.19276247344640357,0.0,1,True,56000.0
186.36927824103472,-57.037541660944704,-0.03075043439089537,-0.76918593550413,0.4339990879874729,0.900913309717264,0.0,-1,False,56000.0
-32.05330888769118,24.403712919056634,0.25019214603215756,0.8660254037844385,0.9846630242691928,-0.17446698437441224,0.0,1,True,56000.0
4.535039668603863,-82.92192917913438,0.34674809646653637,0.6872833114439969,0.4372295743215925,-0.8993499315273004,0.0,-1,False,56000.0
10.428164109165081,95.872807675999,0.26952945949261375,-0.8660254037844388,-0.6555030810506952,0.7551924991236771,0.0,4,True,56000.0
-35.96489412070024,9.508299843917149,0.8418441194743027,0.27393402058630123,-0.9699752462659896,0.24320366286487394,0.0,0,True,56000.0
-59.117110299991865,-101.86734221495944,-0.4832704167418341,-0.8660254037844388,-0.8714059440983016,0.49056261638008264,0.0,4,True,56000.0
218.3424962084833,20.426719610403936,-0.0909704903596561,-0.8660254037844388,-0.9324841952199449,0.36121077733727475,0.0,4,True,56000.0
115.02748562722962,229.44987742466122,-0.7665390925114033,-0.4043661533513871,0.8514785915220898,-0.5243893669586296,0.0,3,True,56000.0
-118.88739134908,-80.21931340740116,0.7372429312539674,0.22150722992410468,-0.7868372968758237,0.6171604882400372,0.0,-1,False,56000.0
-184.96624733991857,42.73053180603859,0.9389059947333891,-0.10581792115965043,-0.9235057849037924,0.3835844955793356,0.0,5,True,56000.0
-76.17676411384235,-57.089799430107995,0.23715211097344568,0.8660254037844386,0.5870774250489427,-0.8095307881714892,0.0,1,True,56000.0
121.21627522594535,-164.84715101969684,0.09850929620279054,0.8660254037844386,0.6541785314953832,-0.7563401674710564,0.0,1,True,56000.0
-96.53719801376538,-27.934529636166236,-0.5045111948983477,-0.8582117850176553,0.5590898595915357,0.8291070672123834,0.0,3,True,56000.0
93.57418603367799,-284.48102144199333,-0.5642959874120791,-0.7546614868639087,0.9757334549272807,0.2189616974157435,0.0,3,True,56000.0
-15.851863573968597,132.025711675056,-0.8574326616727677,-0.24693387348262807,0.8671521873301925,0.4980432551575883,0.0,3,True,56000.0
110.51562126243071,-122.59025062667483,-0.9043603158045825,0.16565279224630552,0.9706351462709574,-0.24055646493755184,0.0,2,True,56000.0
-70.0766240504307,221.17280966093145,-0.7255713574204667,-0.2571746447136918,0.6424373254829366,-0.7663382300433246,0.0,-1,False,56000.0
43.86659994297683,-6.10225313088541,-0.9429154276472517,-0.09887337964330173,0.9880438625962656,-0.1541730378033306,0.0,3,True,56000.0
-23.92250513801021,-153.5873775558702,-0.41719784938752613,0.8660254037844386,0.6016868199868313,-0.7987321019301018,0.0,1,True,56000.0
29.547778601299544,176.42682465011038,0.25566066087126016,0.8660254037844385,-0.41751130778842405,-0.908671727230766,0.0,1,True,56000.0
141.38835798279158,375.26321939126865,-0.20166751625564128,0.7429150728581787,0.9980168607781372,0.06294716516351251,0.0,-1,False,56000.0
-11.162790400100672,188.17834730301416,-0.23336629770056716,0.8660254037844386,-0.5834081203707235,-0.812179145930947,0.0,1,True,56000.0
-57.29808334615002,146.1222795130362,-0.3032817754953493,-0.7075399333217743,0.9990386779867368,0.04383742563362411,0.0,-1,False,56000.0
-75.34931302683512,-39.72670664985157,-0.6638521614945462,0.3897343970855168,0.8642854066588525,0.5030017254803597,0.0,-1,False,56000.0
-54.666282414271755,-137.92850739141886,0.510198544747802,-0.8483610061179812,-0.6123157215475038,0.7906133423775745,0.0,5,True,56000.0
36.27255274961218,45.85924976816863,-0.6697090593653154,0.5720806904589896,-0.03133399423647737,-0.999508969847087,0.0,2,True,56000.0
-85.35747888725523,139.87743076262336,0.7564574472325347,-0.1427050213518408,-0.9344891937998894,0.35599149803169505,0.0,-1,False,56000.0
113.9142777981881,-4.2312540643533385,0.4237951781553129,-0.6426431665900595,-0.40510356071108744,0.9142708051222109,0.0,-1,False,56000.0
185.9012953261332,137.45840724530177,-0.5911267256190497,0.7081892850848563,0.26583337476265595,-0.964018991961187,0.0,2,True,56000.0
-140.26464227021816,198.4360886268337,0.6734484066559239,-0.5656039509645108,-0.483415629563592,0.8753909578544372,0.0,5,True,56000.0
-124.12960814456292,-117.90843265993902,0.5773772618356491,-0.50914446879816,-0.9989701327801853,0.0453726108213281,0.0,-1,False,56000.0
-274.5599745624844,175.37172744921114,-0.7283451493471076,0.4705200034533455,0.9837176967622151,0.17972059725145478,0.0,2,True,56000.0
-81.58545498349123,-200.52743931942302,-0.19384443465353074,0.8660254037844385,0.9281792752659663,-0.37213335374081724,0.0,1,True,56000.0
-26.011917768193776,322.43736161854883,-0.6380094542674287,0.6269860170683988,0.22795733387030165,-0.9736711220604537,0.0,2,True,56000.0
279.0773848824286,202.7533578207435,-0.9637716170809304,0.06274939989188903,-0.060863545287873966,-0.998146095947178,0.0,2,True,56000.0
49.26031664125586,-69.58454535429652,-0.7530058085102943,-0.15992137112453236,0.9934373062792463,-0.11437796331554541,0.0,-1,False,56000.0
40.97866061484881,39.251244051145875,0.12635979346424303,-0.7593588053010686,-0.991570039467202,0.12957182112904486,0.0,-1,False,56000.0
-239.83962987526482,85.06052298144577,0.7651935760511055,0.08409152015936745,-0.8908146872484359,0.45436680444561506,0.0,-1,False,56000.0
105.61237940458342,-181.26760888658015,-0.8094147003473756,0.330103422174085,0.9417319005914283,-0.336364426490219,0.0,2,True,56000.0
-14.090839764917854,230.01599543846555,-0.37839576591852647,-0.6703799198421176,0.17272589357186052,0.9849699313631608,0.0,-1,False,56000.0
57.89915405415419,183.57437297727958,-0.33916184149929435,0.6910584909133235,-0.4731095305280002,-0.8810036164075515,0.0,-1,False,56000.0
-176.4977481583802,-33.15514191695242,-0.5149137266796774,0.8401940714450422,0.9628691163200827,-0.26996863676473665,0.0,2,True,56000.0
81.48539365294361,5.366945642160424,0.6506337604784443,-0.6051200773006121,-0.599724067441761,0.8002068750834531,0.0,5,True,56000.0
37.820793569795484,-54.46033385124323,-0.533621193481739,0.5548342225022866,0.8401822932731035,0.5423040789723182,0.0,-1,False,56000.0
214.52028016324175,208.96003922714146,-0.16783671781839363,0.751281191528539,0.8487410913373372,-0.5288086231096494,0.0,-1,False,56000.0
-179.3008294514096,244.74389487643592,0.43988811170147424,-0.8660254037844387,0.5538453833845651,0.8326195357443958,0.0,4,True,56000.0
42.63235875757059,-73.10271953117577,0.6573170249199388,-0.5935443237275255,0.38504474450163784,0.9228979059091462,0.0,5,True,56000.0
-63.1674473818468,96.72071254230369,0.0762669306851082,0.7660130206964275,0.9667467553177026,-0.2557356273229485,0.0,-1,False,56000.0
-221.2746501650757,252.46228027864376,-0.3592862039795448,-0.8660254037844388,0.6961280871104346,0.717917604140979,0.0,4,True,56000.0
114.50046874679082,30.591056327590966,-0.7339514155504094,-0.4608096655484702,-0.31684459521431646,0.9484774654587937,0.0,3,True,56000.0
-287.5406228874848,-28.712032645231567,-0.39970501916407064,0.6578970210052956,0.997762226682746,0.06686208944308547,0.0,-1,False,56000.0
16.28006892602129,33.99175005005904,-0.8021034529065253,0.34276687420834534,0.9998402023261568,-0.017876515657170855,0.0,2,True,56000.0
157.35592584160742,-69.94554915776193,-0.8807821489576384,-0.2064913751745484,0.9989752625285244,0.045259527788862,0.0,3,True,56000.0
101.5152731288087,121.4973855358562,0.24080922712535469,0.7311658558247107,-0.9042210893807389,-0.4270646573046057,0.0,-1,False,56000.0
96.38351465605525,10.292271655837006,-0.8899603928090944,0.19059419049957016,0.48422986745635244,-0.874940818263003,0.0,2,True,56000.0
47.96813838419105,92.97492968851033,0.5590450994242734,-0.7637562916436412,-0.6610481541427816,-0.7503434799504591,0.0,5,True,56000.0
217.72604739228325,-275.3444044875933,0.22431172609985833,0.8660254037844386,-0.7942551872004325,-0.6075843131655159,0.0,1,True,56000.0
-132.38669226001895,45.5120721838875,0.6520422411905133,0.602680517145828,-0.021916204934581573,-0.9997598111350509,0.0,0,True,56000.0
-203.93070121753777,-189.65343729863778,-0.7711842338641138,-0.3963205325201529,0.4919214746186046,0.870639571124924,0.0,3,True,56000.0
34.29638882565398,34.73204240992502,-0.00701177395813346,-0.8660254037844387,0.7872737448179292,0.6166036415072425,0.0,4,True,56000.0
104.3557018149671,2.7802769319454974,-0.032485233198150984,-0.8660254037844387,-0.5409792837229946,0.8410359175339458,0.0,4,True,56000.0
216.5701808155949,54.16344888159671,0.3446714088489713,0.6883271115644491,-0.9750884987962647,-0.22181618406886328,0.0,-1,False,56000.0
-87.58979858469142,-253.11310549980772,0.6915530111509631,-0.5342458561281627,0.006270870116098559,0.9999803379005344,0.0,5,True,56000.0
188.33845255636294,-23.512268240102042,-0.6046083602792206,-0.4764885342514177,0.9610109801134646,0.2765102097588008,0.0,-1,False,56000.0
210.65230683584525,-51.38489943977246,0.8896736245390454,-0.191090887713293,0.18234725494167464,0.9832341931681219,0.0,5,True,56000.0
-146.97353623208772,89.02013541770293,-0.5094799327218856,0.8496056786577981,0.5029196408583605,-0.8643331735150594,0.0,2,True,56000.0
147.40613204482693,76.20264661877988,0.7675863916872292,0.4025521779681319,-0.5541356125877024,-0.8324264068743321,0.0,0,True,56000.0
88.27233629497157,-213.7450371039491,-0.9311479651154857,0.11925522262448367,-0.24421714183671472,-0.9697205719344111,0.0,2,True,56000.0
-92.60760057365941,-157.82793635871445,0.11492601959949945,-0.7611731751786893,-0.01474846194095808,0.9998912355201574,0.0,-1,False,56000.0
89.47698410276949,-62.461316920540604,0.24806637289574046,-0.8660254037844387,-0.9028094518522838,0.43004080462889516,0.0,4,True,56000.0
62.874837652263885,60.24035763048947,-0.8080039727596231,0.3325468740317114,0.9074427807883225,-0.420175677062503,0.0,2,True,56000.0
-217.27638326362396,-116.48649659080762,-0.8500328904940831,-0.2597506531284933,0.9887506682523034,-0.14957311265814655,0.0,3,True,56000.0
0.9686905488668889,-172.6865246073639,-0.7735956202920338,-0.3921438887103139,-0.1825323503914194,0.9831998479761556,0.0,3,True,56000.0
212.69100379691656,-64.57344268973324,0.5494429984469601,-0.5391706446480615,-0.9998093188626637,0.019527568077990665,0.0,-1,False,56000.0
-95.24581285388516,-69.26512608001997,0.058392587691605685,0.8660254037844386,-0.12115790320488534,-0.9926332467183652,0.0,1,True,56000.0
40.36669187686034,56.88595371702614,-0.7864381844890256,0.36989991502165914,0.7649657741224837,0.6440709312031354,0.0,2,True,56000.0
75.54741583549199,-215.12547615483984,-0.37176444076240195,-0.8660254037844388,-0.7401231754025996,0.6724713266984224,0.0,4,True,56000.0
111.38902158384683,189.23548565802793,0.5972288856888966,0.6976200338079633,-0.8868027939162476,-0.4621480333204474,0.0,0,True,56000.0
91.77970893285702,-13.799270986063314,0.08450551721101662,0.8660254037844386,-0.9665856298682634,-0.2563439488885945,0.0,1,True,56000.0
-46.552704099449215,106.95391251942048,-0.5741003312713396,-0.5128366233282587,0.703040179862244,0.7111501286641339,0.0,-1,False,56000.0
-150.96827640565877,-6.766296242026362,0.32591703990565796,-0.8660254037844387,-0.13536176216406298,0.9907962420919145,0.0,4,True,56000.0
144.32937512912187,-0.9719190144827715,0.15027982948767743,-0.8660254037844387,-0.9289766145819183,0.3701384194589052,0.0,4,True,56000.0
-46.964478629507106,-35.075798148573405,-0.4975986476537023,0.587356942962113,0.04143711463373845,-0.9991411139225728,0.0,-1,False,56000.0
160.20588584355008,21.86327884418845,0.5258384577155154,-0.8212718822319457,-0.9917640095020227,0.12807868462800737,0.0,5,True,56000.0
-15.008266512195558,-42.85443646542484,-0.6062120925779915,-0.6820606630611484,0.25123404239462144,0.9679263690703367,0.0,3,True,56000.0
27.352153161628713,182.96560733626677,-0.633386671532722,0.6349929116372632,0.8548884914169169,-0.518811784024303,0.0,2,True,56000.0
99.20336041728387,21.33259751920524,-0.6434562069763776,0.4225597026411363,0.9959191765722604,-0.09024961903082634,0.0,-1,False,56000.0
-63.01565387914657,-93.18359296943257,-0.5825507052633551,0.7230433880676641,0.40906022993731084,-0.9125073853308009,0.0,2,True,56000.0
-63.07139020982317,119.46204439961423,-0.6965528815946602,-0.5255858264884176,-0.19944010472419677,0.9799100186380605,0.0,3,True,56000.0
203.78872940233788,-181.42375935221318,0.8000834902348436,-0.3462655521850901,-0.7154244246424432,-0.6986901263254928,0.0,5,True,56000.0
153.6187687320804,-24.829381805081663,-0.24708848195899002,0.8660254037844385,-0.9650792006767812,-0.2619582722890814,0.0,1,True,56000.0
-103.92871879670632,163.90499226507725,0.036412292166670926,0.7689387085924089,-0.759040486711767,-0.6510434236915863,0.0,-1,False,56000.0
181.69371988799625,-73.95742558506812,0.7572822224434314,-0.13826144858104802,-0.9248210897843488,-0.38040235526319033,0.0,-1,False,56000.0
-134.3801349997732,71.58673340707716,0.9448601325852235,-0.09550505188500488,-0.9979602822740463,-0.063837880628215,0.0,5,True,56000.0
283.7420111805463,370.4538172593568,0.6870545657167207,-0.5420373921753471,-0.8745769958457765,-0.4848866654559854,0.0,5,True,56000.0
148.70498996852513,208.36457104047466,-0.5987818550279321,0.6949302120101574,0.16169485127337416,-0.9868408053335084,0.0,2,True,56000.0
113.92280455665421,-164.25310704825412,-0.7708262180904362,-0.39694063403007357,0.7413898944784523,-0.6710745296648233,0.0,3,True,56000.0
124.73860560673471,121.33765797187422,-0.091560736040372,0.8660254037844386,0.36123634399421267,-0.9324742912152564,0.0,1,True,56000.0
-51.01990002685193,39.87845494021435,-0.9442532421561798,-0.09655621694273521,0.8486442919749171,0.5289639550082894,0.0,3,True,56000.0
54.39615277724928,11.562242628483197,0.47385749618551637,0.8660254037844385,-0.4481757210148677,-0.8939454810515393,0.0,1,True,56000.0
223.4791576032387,-182.14014630824292,0.9755604990159985,0.04233045741592041,-0.42977481128382783,-0.902936106037195,0.0,0,True,56000.0
112.35403340410085,9.250050752465398,-0.7045764578985685,0.31010418824598146,-0.0420085837416021,-0.9991172498219463,0.0,-1,False,56000.0
-73.79076512971459,-80.32109625576386,0.5320331524624335,0.5563571849751535,-0.9820660785824413,0.188537044893954,0.0,-1,False,56000.0
-57.1948961857785,147.1243558427815,-0.5781891482533507,0.7305978264091003,0.21751256941395575,-0.9760575198965243,0.0,2,True,56000.0
175.30182756026147,-97.35807775323349,0.4270616440501039,-0.6404771227560081,-8.708435745452547e-05,0.99999999620791,0.0,-1,False,56000.0
198.35739078688098,310.8281225023297,0.6978137782808469,-0.3250361878837513,-0.9943869451878491,-0.10580455207403883,0.0,-1,False,56000.0
-207.44970735176892,41.717635693171886,0.3875245274468479,-0.8660254037844387,0.6337339502120305,0.7735510845111259,0.0,4,True,56000.0
186.01215586584794,8.256191365429036,-0.6202755837442356,0.6577019818294174,-0.30191340939498085,-0.9533353519234765,0.0,2,True,56000.0
-89.25091595659671,5.818686452996019,0.7282794984173088,-0.2494024153404,-0.949290568026231,0.3144000913741083,0.0,-1,False,56000.0
-90.86665852595813,-138.15843293455205,0.8782345825270133,0.2109038896680486,-0.9962395807364278,-0.08664120136363845,0.0,0,True,56000.0
-117.01156889710406,38.955449125612745,0.3231685191952374,-0.8660254037844387,0.726310916025196,0.6873663166480514,0.0,4,True,56000.0
-58.46319925417828,-317.13654387322896,-0.14358372091355998,-0.7562911527191161,0.8610015526132282,0.5086023263781005,0.0,-1,False,56000.0
-81.42448834132269,50.6691643655739,0.8798915608808798,0.2080339189721097,0.3443795625966573,-0.9388305048651469,0.0,0,True,56000.0
-195.53876922052933,236.01253138249416,-0.7607544596639888,0.11766581786544791,0.25693302207123614,-0.9664292121873281,0.0,-1,False,56000.0
96.06924039620465,61.7189362031284,0.4374031290363633,-0.8660254037844387,0.47265208297706135,0.8812491182730765,0.0,4,True,56000.0
80.241899001353,74.8797921675407,0.9695079237047937,0.05281382537156436,-0.998998092944982,0.04475276853948429,0.0,0,True,56000.0
80.15663912886158,174.27269647304882,0.5955759423179778,0.4877313702486698,-0.9544636645091684,0.2983271914047721,0.0,-1,False,56000.0
136.99394414039918,129.7358952778739,-0.7045890125700233,0.31007566166694217,0.9565874475592232,-0.2914454583137263,0.0,-1,False,56000.0
-68.24080140833748,282.27283667798895,-0.49442369182485035,-0.8660254037844388,-0.7751819150020705,0.6317380775711215,0.0,4,True,56000.0
-39.68428818038238,70.96223701156934,0.2228120163359693,-0.8660254037844387,0.2864940477593283,0.9580820218531203,0.0,4,True,56000.0
16.097168812320493,-172.42335274021397,0.49709190589560875,0.8660254037844386,0.6659520986981169,-0.745994505502001,0.0,1,True,56000.0
-131.10937347718513,41.22818972831526,-0.21200675570649777,0.7400308967383713,0.6204980941515948,-0.7842079540235296,0.0,-1,False,56000.0
54.54956783200435,56.320059181866945,-0.3494479208882231,-0.6859145305207424,-0.09286795380304724,0.99567843360999,0.0,-1,False,56000.0
-141.6901023802039,-152.4044417602255,0.27616005294374324,0.8660254037844386,0.028325354310116124,-0.9995987566532778,0.0,1,True,56000.0
62.959818913198326,-145.66843058100184,-0.4680793005581106,0.8660254037844385,-0.7424761904936368,-0.669872455434369,0.0,1,True,56000.0
96.12429224271118,151.7221335154125,0.25903581190043135,-0.8660254037844387,-0.665166641208481,0.7466949440187046,0.0,4,True,56000.0
103.32715578589585,71.86076178822854,0.5506913823396956,0.778225354066186,-0.9943542225009757,0.10611164023865238,0.0,0,True,56000.0
-136.70019026061567,344.07923932443856,-0.5696116479501208,-0.745454492736232,0.8633439677815622,-0.5046158868831596,0.0,3,True,56000.0
-86.60356581440143,111.94596779891135,0.4738933605834285,-0.8660254037844386,-0.4753481165347565,0.8797977995576913,0.0,4,True,56000.0
-150.68612670738614,59.54451496428861,-0.9298007635850631,-0.1215886441232096,0.3542588291984307,0.9351474118740094,0.0,3,True,56000.0
-427.9620221244425,89.7232504068511,0.7025863592939299,0.3145870314025886,-0.6451829940688671,0.7640280781254761,0.0,-1,False,56000.0
42.124203730945396,181.44373263967876,-0.6689563878993642,0.5733843556794245,0.3140586819054045,-0.9494035729442969,0.0,2,True,56000.0
79.40266091271022,109.58113829655625,0.24490497421355495,-0.8660254037844387,0.985436084259647,0.17004624029543206,0.0,4,True,56000.0
-110.24910340018789,-8.419287094063188,0.7689171424928243,0.03686489621933463,-0.8662134670550818,-0.49967412329636696,0.0,-1,False,56000.0
-120.45038599858746,26.19967619133846,0.7697864665745398,-0.004624767159238818,-0.7544344475477474,0.6563753989548226,0.0,-1,False,56000.0
-331.3530938121071,-114.92336190514169,-0.07310054025616602,0.8660254037844385,0.9968940406364896,-0.07875450300219718,0.0,1,True,56000.0
-79.27184225941141,250.462151135528,-0.22538382149080072,-0.7360670659680375,-0.9054662945354212,0.4244181775794911,0.0,-1,False,56000.0
-129.3330148384382,-30.06351829050838,0.7659828071007011,-0.07656978397986061,-0.9299798770729025,0.3676104299923142,0.0,-1,False,56000.0
148.79216195117132,59.21167689106127,-0.04947357686102133,-0.7682089284726967,0.9724856253670565,0.23296289072308515,0.0,-1,False,56000.0
-129.39083811034698,-295.56270032840837,0.34218669890413556,-0.8660254037844387,0.2633302533326119,0.9647057466810575,0.0,4,True,56000.0
46.428435464407485,84.50292993580462,-0.2195507589070288,-0.8660254037844387,0.5522436557047986,0.8336827602471626,0.0,4,True,56000.0
10.832280363635462,57.60521948348551,-0.5187920536270387,0.8334766121238483,0.72445866573814,-0.6893182440908732,0.0,2,True,56000.0
17.270463462647545,159.34916066752686,0.723188692559904,0.2638005070997571,-0.9999625607032561,-0.00865316078187961,0.0,-1,False,56000.0
-170.10562427449307,31.28953997526516,0.6738711458320918,-0.5648717452330376,-0.6458142886328737,-0.7634945347526652,0.0,5,True,56000.0
50.20649430792582,130.7683917544132,-0.42813203146517964,0.6397621090890666,-0.726739594510071,-0.6869130671133092,0.0,-1,False,56000.0
-19.203349825529486,23.642879078651166,0.4697544598431169,-0.8660254037844387,0.056519572548201225,0.9984014913443355,0.0,4,True,56000.0
-66.48623911061961,-25.749232657755506,-0.8821905803160327,-0.20405190050283623,-0.22093712078193112,0.9752880541974351,0.0,3,True,56000.0
-62.180918706440735,-108.40424856720362,-0.9094505768775901,0.15683620144406615,0.6725518684984717,-0.7400499876216686,0.0,2,True,56000.0
78.51832138319384,24.5963777952868,-0.6915490469033208,0.5342527224064934,0.9994628721637492,0.032771438262088726,0.0,2,True,56000.0
182.05681692012263,-137.15346270581784,0.7563057473981999,0.42209082701884193,-0.5014819748402151,-0.8651680928640384,0.0,0,True,56000.0
166.05810704201156,-274.91068557648333,-0.6324133480258659,0.6366787574033387,0.8307351790055701,-0.5566678204838847,0.0,2,True,56000.0
238.4608014338741,-42.45638744759632,-0.22059622580390714,-0.8660254037844388,0.7808859354684906,0.6246736394206673,0.0,4,True,56000.0
126.13491748449702,-160.53268407780834,-0.7688932097648173,0.037360735674622475,0.465011253837348,0.8853047688814419,0.0,-1,False,56000.0
-9.01446692296906,-102.60610141431523,-0.5092947713852919,-0.5772446867942534,-0.27221941192535537,0.9622352060544532,0.0,-1,False,56000.0
43.31099803633502,-134.58968127723023,0.5099959180820095,-0.8487119657981023,-0.6028966314210025,0.7978193102581753,0.0,5,True,56000.0
-41.27760964494247,98.13690841223764,0.6883631014487473,0.3445995257635361,-0.3435744657877196,-0.9391254370201414,0.0,-1,False,56000.0
-97.50601847410753,-118.1377575757478,-0.2738500595645462,0.7194433525087898,0.2947965505313893,-0.95556004196202,0.0,-1,False,56000.0
-280.96429532087586,-4.745107757336206,-0.7685133504288818,0.04449519979915961,0.4725477411845791,0.8813050733435202,0.0,-1,False,56000.0
71.36276902309685,86.09995915800542,-0.766045775603356,0.07593722587009036,0.18706476671252265,-0.982347582607272,0.0,-1,False,56000.0
-139.4650653349988,82.60682357097183,0.6358765923835615,-0.6306802422167836,-0.901980351208137,0.43177707909761803,0.0,5,True,56000.0
-294.1323087782184,356.9370813309743,-0.9487217758915834,0.08881648947768131,0.2247777171024934,-0.9744100666012654,0.0,2,True,56000.0
-203.8112758473592,-113.95516369160576,-0.7545483025215044,-0.1524777090413825,0.9755023205822404,-0.21998914186444063,0.0,-1,False,56000.0
97.22781831913876,-23.73321125200461,0.22539988001029349,0.8660254037844385,-0.5366720967478213,-0.8437908867556775,0.0,1,True,56000.0
145.95350196221034,-203.85026739267235,0.9076697896066893,-0.1599206154747376,-0.49691295564558535,0.8678003886327794,0.0,5,True,56000.0
-139.8231790037842,-311.55168665777734,0.21198053539497377,-0.740038407926408,-0.747302455345727,0.6644840406163706,0.0,-1,False,56000.0
66.43439201324074,102.46756815093134,-0.9011915454401143,0.17114126351508285,0.5370339812212461,-0.8435606101599366,0.0,2,True,56000.0
144.29354419058345,-12.445825261944487,0.9852101756890554,-0.025616727141572978,-0.4668545659780931,0.8843341078037369,0.0,5,True,56000.0
167.3808802516339,-47.11111474059796,0.7683845228116611,-0.046667094360889054,-0.9463504499098165,0.32314211417751754,0.0,-1,False,56000.0
7.471874761579853,-65.41174893941243,-0.4119464348193178,0.8660254037844385,-0.5971516471803326,-0.8021283627135094,0.0,1,True,56000.0
241.01727989989925,36.70428929920723,0.5142633285521195,-0.8413205940471202,-0.9738450645165503,-0.22721309450938362,0.0,5,True,56000.0
-279.7959878379032,-9.808296234284736,-0.5007856217747652,-0.8646646669550136,0.6369134734884889,0.7709352938401863,0.0,3,True,56000.0
-374.5017949469829,-149.49375238893143,0.29530501027646333,-0.8660254037844387,-0.09435615014904336,0.9955385060000095,0.0,4,True,56000.0
141.26941190889318,217.74289283792686,0.2854013930272705,-0.8660254037844387,-0.4829905711810655,0.8756255524765681,0.0,4,True,56000.0
-79.19651108319863,216.57221569413247,0.9340829502310491,0.11417167928486968,-0.9750430746430201,0.22201577103952563,0.0,0,True,56000.0
-1.2876420507628554,143.23107086768215,0.3705309588573906,0.8660254037844385,-0.2236503620952202,-0.9746694391096757,0.0,1,True,56000.0
-128.5667163298285,146.45636793922444,-0.17841278443799358,0.748840083690553,0.6278701457965588,-0.7783181097835451,0.0,-1,False,56000.0
-48.71852576935862,-26.57086012995347,0.6849384786004282,0.5457025625740076,0.09221808951235683,-0.9957388332119075,0.0,0,True,56000.0
-225.8880402419501,33.863652635251995,0.7680436826426579,-0.05197589965836638,-0.4813410151656402,0.8765334147190237,0.0,-1,False,56000.0
191.47054384216145,82.56167019139778,-0.7548692493120166,-0.15088077755534302,0.9037669950403541,0.42802478745427824,0.0,-1,False,56000.0
74.34683958899849,-112.13583384554202,0.7653408633131717,-0.08274028967583517,-0.8041894327464313,0.5943730783427007,0.0,-1,False,56000.0
-149.54897490153326,-84.17934973598756,-0.07579450704123455,-0.7660599097296298,0.326183024991333,0.9453066350170222,0.0,-1,False,56000.0
-159.41294593258223,64.67873204131315,-0.6157673633173407,-0.6655104486605192,-0.0017622022789991476,0.9999984473202137,0.0,3,True,56000.0
306.20782162381386,95.87263260471282,0.7696564036415333,-0.014886669411708714,-0.4982506121092304,-0.8670330602302976,0.0,-1,False,56000.0
94.30936798352033,-183.24018814266338,-0.8611729427739092,0.24045551658086156,0.8669536659528478,-0.4983887449477833,0.0,2,True,56000.0
123.76398522830051,-49.51642098971174,0.32285794390812195,0.8660254037844385,-0.6111033818307404,-0.7915507922519361,0.0,1,True,56000.0
251.9136571217164,-143.1539938266573,0.012565559965243354,0.7696977973824222,-0.5216792206625483,-0.8531417178455694,0.0,-1,False,56000.0
-26.25729080813744,-100.27322634703613,-0.7382406638423493,-0.45338046958055206,0.8615834696370963,-0.5076159225711286,0.0,3,True,56000.0
131.98932000062177,-29.164458233986963,-0.644184250205956,0.42144898194109165,-0.26200228358381783,-0.9650672533023408,0.0,-1,False,56000.0
-11.339902571496577,-152.1489262482071,0.4143778129667075,-0.6487554398334712,-0.9206304578409447,0.39043509075791333,0.0,-1,False,56000.0
55.39892953822778,46.0408197768191,-0.716751085068377,0.4906015118503261,0.8673416077568163,0.4977133064862141,0.0,2,True,56000.0
61.15589489764065,-18.271425484218092,0.8594756569747078,0.24339530182004365,-0.9990305479380728,-0.04402231577511001,0.0,0,True,56000.0
-102.3605273556052,112.82516027354184,0.32087444619975014,0.8660254037844386,-0.6221739504244095,-0.7828790298717618,0.0,1,True,56000.0
53.92921722527073,8.044177229942173,0.5445801831475187,-0.5440818106825549,-0.9992623170283397,-0.03840340827148153,0.0,-1,False,56000.0
-5.699296038553286,176.53085676757286,-0.9304897536650213,0.12039527829881157,0.999933823050314,-0.011504326127746545,0.0,2,True,56000.0
-97.17444078802313,321.4328143734388,-0.39676042804254796,0.8660254037844385,-0.9486627541148126,-0.3162893911514928,0.0,1,True,56000.0
1.9916441763006951,-108.67049793297957,0.6609233657868695,0.39468075345720655,-0.37443797804056306,-0.9272519617668861,0.0,-1,False,56000.0
140.03842665168654,-160.10769104978343,-0.7434069633683211,0.1998466397217724,0.9958797464985047,0.0906836838347922,0.0,-1,False,56000.0
156.874443348846,29.032012980008517,-0.22225945566461025,0.7370165038588101,0.9833753118911669,-0.18158467986765767,0.0,-1,False,56000.0
-228.29851679074096,-85.98942225437808,0.6353161481446962,0.43470217908262065,-0.9339247357413905,0.3574697021706804,0.0,-1,False,56000.0
262.1888806328199,150.32641622435042,0.7513581232645616,-0.16749197950035774,-0.9998752958786173,0.01579217183495013,0.0,-1,False,56000.0
212.44506632856212,-19.42325005395035,-0.4697253047710491,-0.8660254037844387,-0.9917998351559928,0.1278009662884015,0.0,4,True,56000.0
33.45788401511103,72.8454604158954,-0.06274923361937365,-0.7672386371089334,0.9032474021336077,0.4291201819287219,0.0,-1,False,56000.0
-216.1565915972236,8.444004724740806,-0.46054236059653186,-0.6168414112952911,-0.3325298080758096,0.9430927455667659,0.0,-1,False,56000.0
59.44422560669178,-93.13622369985465,0.686100805591452,0.5436893531705456,0.22882627770080743,-0.9734672745569383,0.0,0,True,56000.0
267.50675812300426,-214.79034994122514,0.7663564207421597,0.4046825501368256,-0.2326414331539795,-0.9725625756626778,0.0,0,True,56000.0
-58.367681581046405,-281.5941467877107,-0.14669935382369342,-0.7556929880449488,-0.7528740130054232,0.6581646606592976,0.0,-1,False,56000.0
-77.56125243534814,16.961080541784604,-0.7056609467684496,-0.509810194848766,-0.1584055018779872,0.9873741423464266,0.0,3,True,56000.0
232.58997043325013,-61.23358675117002,0.12284205266670767,0.7599358016893415,-0.8656534188418032,-0.5006437440407299,0.0,-1,False,56000.0
149.2637593396243,43.29292837181185,-0.025177140896986867,0.769388526148425,-0.13899999491618006,-0.9902923817807872,0.0,-1,False,56000.0
120.63020303460145,-69.18830494649539,-0.3468159362110914,0.8660254037844386,0.43324326264362,-0.9012770247674212,0.0,1,True,56000.0
149.58446429544804,78.46363667459376,0.4613536181712484,0.8660254037844386,0.9516241279223515,-0.30726457517210115,0.0,1,True,56000.0
42.71187040155369,-147.70408557940704,0.3337949502654257,0.8660254037844386,0.2495742703567569,-0.9683556596496914,0.0,1,True,56000.0
-120.39332383724827,-115.98442025861742,-0.3746531802122681,-0.8660254037844387,-0.7079578088029197,0.7062547280935718,0.0,4,True,56000.0
-205.19649276467433,-145.17301212135627,-0.1276309247912173,0.7591461912105804,0.9895625058901106,-0.14410429187254942,0.0,-1,False,56000.0
-202.34703613548737,-184.8969976197635,0.0908497275523581,-0.8660254037844387,-0.953362037545109,0.30182913273465495,0.0,4,True,56000.0
89.35775540618185,-86.94148780443965,0.46172081662203396,-0.8660254037844387,0.9259542383880045,0.3776357350819791,0.0,4,True,56000.0
-11.637225112356255,-132.801650743129,0.8051585405118632,-0.337475307254326,0.2221931138695507,0.9750026769955933,0.0,5,True,56000.0
320.197234730706,-15.845630395311186,-0.497059593237412,0.8660254037844385,-0.3186058023134877,-0.947887304868918,0.0,1,True,56000.0
-30.181488179861088,91.79709969395637,0.11007636060726234,-0.8660254037844387,-0.9372990552988875,0.34852615531045306,0.0,4,True,56000.0
99.35848194070336,-58.00356748177003,-0.44296238305111013,0.6295847201086394,0.23865778801735027,-0.9711037329853849,0.0,-1,False,56000.0
183.74424570854356,94.43802264710018,-0.4538580829562652,-0.8660254037844388,-0.8889748103131724,0.4579560968350301,0.0,4,True,56000.0
-64.79416362216838,176.83209967654054,-0.4143056978118238,-0.8660254037844387,-0.9501983834128862,0.3116456836844618,0.0,4,True,56000.0
-57.48001373610903,130.67396728317374,0.9226684723635836,-0.1339421348931897,-0.9790265645849213,0.2037326332147158,0.0,5,True,56000.0
-97.06602824558998,-84.9494377490538,-0.46455251569261957,-0.8660254037844388,-0.7230580739828905,0.690787247745457,0.0,4,True,56000.0
73.89967767886132,-160.40288179351032,0.4872157693821804,0.8660254037844388,-0.485825792560218,-0.874055661432892,0.0,1,True,56000.0
-233.0970096610922,-32.28713249055827,-0.9353293130839309,-0.11201291549901188,0.8414656042422808,0.5403106855105934,0.0,3,True,56000.0
-77.26181775312898,70.02569676477833,-0.5606616798130444,0.7609562922757701,0.6604815502976691,-0.7508422748594239,0.0,2,True,56000.0
119.32789348150663,-24.68654545889424,-0.31450865278302265,0.7026214485177638,-0.2382425528454979,-0.9712056867693893,0.0,-1,False,56000.0
203.41727635989642,7.224096327780798,0.03761182315371081,0.8660254037844386,0.9126491707734139,-0.4087437963887019,0.0,1,True,56000.0
14.454045909313926,-54.12462823670459,0.4296396621241566,0.8660254037844386,0.9665624917351148,-0.2564311790137535,0.0,1,True,56000.0
-41.54823287877102,-61.946904074482525,-0.5018661748479764,-0.8627930941319373,0.9492247331558683,-0.31459880159450243,0.0,3,True,56000.0
64.51370914150002,-92.64925250486138,0.20956576403732874,0.8660254037844386,-0.7912556730324496,-0.611485453542203,0.0,1,True,56000.0
42.586619815322784,-10.191326257495176,-0.5013582868516836,0.5841510599132191,0.312892057782036,-0.9497886923819363,0.0,-1,False,56000.0
-199.1592230642323,-301.58559147378804,-0.020498743123183186,0.7695273836082522,0.09526357145789321,-0.9954520842073313,0.0,-1,False,56000.0
-38.81813093404044,-61.455435155994095,0.5759794439013431,-0.7344251466164831,-0.09009157668183443,0.9959334856358175,0.0,5,True,56000.0
169.2138922250297,-95.38319812436922,-0.0028851041606493266,-0.7697949524169241,0.9281014292962217,0.37232745928548083,0.0,-1,False,56000.0
134.15845767894956,228.97515931008493,-0.15243113197060973,-0.7545577132325605,-0.37956968578636896,0.9251631497371905,0.0,-1,False,56000.0
-101.01974529991985,36.140292384604855,0.06907467500785029,0.7666950383725932,-0.16574359141173203,-0.9861688810267247,0.0,-1,False,56000.0
-71.34153171712049,81.24986599691903,-0.06698548177824182,0.8660254037844386,-0.9247769728841853,-0.3805095930760188,0.0,1,True,56000.0
120.72255083349674,76.5659037677137,0.33210122717575097,-0.8660254037844387,-0.6271801781306074,0.7788742030390737,0.0,4,True,56000.0
49.47559761030193,48.355128435364,0.5711816756700927,0.7427351249559488,-0.5771177912758143,0.8166609180024488,0.0,0,True,56000.0
-81.69015410539397,188.43069714100943,0.9916230526887102,-0.014509298355480702,-0.9924008767970222,0.12304673799882285,0.0,5,True,56000.0
-12.650395849234403,-32.06634833569308,-0.9156934294530962,0.14602326359912712,0.9990851067936342,0.04276621777556508,0.0,2,True,56000.0
-107.02168464259337,-62.46627697782282,0.6267070942007318,0.6465622789493553,-0.9414683248033527,0.3371014586020791,0.0,0,True,56000.0
52.229316244733205,47.667264983682706,-0.08230870714039526,-0.7653873981987611,0.8943783269407279,0.4473113102731949,0.0,-1,False,56000.0
-115.67123857713419,-159.0221323843396,0.9142739103330989,-0.14848194283727778,-0.9925719068586574,-0.12165940043651136,0.0,5,True,56000.0
-211.63534284366827,11.357118653622852,0.5358579705535544,0.8039175769293736,-0.5279651067938668,-0.8492660631438025,0.0,0,True,56000.0
-38.871611449568306,-126.82374027398407,-0.7307973868749726,0.46627260346285565,0.8512681157143998,-0.5247309740883767,0.0,2,True,56000.0
143.8061618449796,46.222209479739135,-0.7646877485978657,-0.08857335794085901,0.948789302057268,0.3159095761467101,0.0,-1,False,56000.0
98.27699580214116,-131.92705444452113,0.5905150326236116,-0.709248768431589,-0.25958533958213725,0.9657201724483326,0.0,5,True,56000.0
52.726376169705006,66.8596275608957,-0.4125123679450905,0.8660254037844384,0.47028132647905074,-0.8825165573317966,0.0,1,True,56000.0
111.88486165546432,-55.90595825121913,0.9037449130413225,-0.16671870109938947,-0.9960038557952895,-0.08931024152167885,0.0,5,True,56000.0
88.53660173669753,53.136424372868035,-0.6517550420749774,0.6031779606058253,0.959408380648425,-0.28202049418677133,0.0,2,True,56000.0
162.6255085058516,-244.10910070675234,0.22355226422700492,0.8660254037844385,0.9712226816956527,-0.2381732616384925,0.0,1,True,56000.0
263.51945236773383,-112.1174288118999,0.6286732154721772,0.6431568570133697,-0.9991930637138459,-0.04016492780693259,0.0,0,True,56000.0
48.59639865373196,268.13532484221724,0.7204587154367521,-0.4841797076766149,-0.8582693760737273,0.5131994525462128,0.0,5,True,56000.0
-4.233226180489196,-65.95287624019517,-0.8175279877434684,-0.3160507961876438,-0.2747091400011444,0.9615273726729785,0.0,3,True,56000.0
-7.069734326231763,-157.89403739224525,-0.7164111452141868,0.28168717330664833,0.7004883682269953,0.7136638185996185,0.0,-1,False,56000.0
-113.77377406805316,7.376843966758061,0.955304028392035,-0.07741569371865044,-0.9926141400300078,0.12131433968051553,0.0,5,True,56000.0
157.17002437704883,-11.734104405412804,-0.2155459361800665,0.8660254037844385,-0.9535135551149784,-0.3013501289390747,0.0,1,True,56000.0
-90.42217111291869,-245.02703001576998,0.21758782440526414,-0.738409189584729,-0.9999998368533292,-0.0005712206264241182,0.0,-1,False,56000.0
93.90020623562668,79.961942166507,-0.5792637737956299,-0.5069971133651924,0.9438902413552102,-0.33025931065453573,0.0,-1,False,56000.0
125.82790768406467,205.20505381845982,0.6909332006737048,-0.5353193993658376,-0.11894822030508943,0.9929004586996055,0.0,5,True,56000.0
128.7874099134046,-38.75598143191207,0.5860772133184518,0.716935296942936,-0.9794475731087564,-0.20169891306366608,0.0,0,True,56000.0
87.17536933065435,33.10024399086049,-0.43807568640354144,-0.8660254037844388,-0.6977741326557547,0.716317848302143,0.0,4,True,56000.0
290.3197531427016,83.0517163866397,-0.5600719708505651,-0.5281211793330731,0.5536023549607458,0.8327811432672492,0.0,-1,False,56000.0
125.72818308653589,-17.205697303456414,-0.845560588101595,-0.26749690809909504,0.9775689232370647,-0.21061576465400816,0.0,3,True,56000.0
-105.84788660971921,-61.5190277491536,0.7467465923430616,0.18698160181316725,-0.5611186747735831,0.8277353640022694,0.0,-1,False,56000.0
-219.157206551924,151.6894942525741,0.6521979120180484,0.40893823024008197,0.22160980826695537,-0.9751354228411442,0.0,-1,False,56000.0
-138.14464753480826,80.54109906532179,0.5683839154839232,0.7475809877457879,-0.35088061310819885,-0.9364202023367869,0.0,0,True,56000.0
-53.01733274904503,-270.3084494373069,0.6545008956703817,-0.598422002668439,-0.6439704857122722,0.7650503339853243,0.0,5,True,56000.0
92.08745509911232,233.6634285106001,-0.5246877900589554,0.5632897261229268,0.9942825786074302,0.10678086849929513,0.0,-1,False,56000.0
-42.29326841167522,278.0474648760659,-0.44673817483667466,0.6269111545794899,0.5110629934047691,-0.8595432605586601,0.0,-1,False,56000.0
167.54190833242058,-110.18651299274737,-0.9873733668939512,0.021869970068208042,0.9183479795053117,0.39577391088611347,0.0,2,True,56000.0
183.50680042608673,231.96418151520064,0.7311550420253409,-0.465653126570829,-0.6026491585531946,0.7980062604358583,0.0,5,True,56000.0
77.1307104577979,-161.9405352930958,-0.26362585735301636,0.8660254037844384,0.8737038865966466,-0.4864581364779219,0.0,1,True,56000.0
-254.97549250080067,-57.04556462478023,-0.7319080976550975,-0.23854376784877176,0.8642746786668523,-0.5030201584578444,0.0,-1,False,56000.0
-271.10681090021546,-76.19395551502679,0.26085889291416564,-0.8660254037844388,-0.5513064930561178,0.8343027931834679,0.0,4,True,56000.0
-158.58317163090018,123.19925555436751,-0.38083762276226013,-0.6689957381638412,0.9628816073123395,0.2699240824734359,0.0,-1,False,56000.0
-141.88549484872752,327.6616384033641,-0.3238234612316614,-0.6983773754558055,0.36256047480160447,0.9319602470659203,0.0,-1,False,56000.0
-22.984830398009915,-62.63114528591972,-0.2259495965686616,-0.7358935876898585,-0.26493669638862155,0.9642658071851105,0.0,-1,False,56000.0
4.092962024989151,-42.43856280412171,-0.2991566095832566,0.7092939556596005,-0.7826582667040406,-0.6224516347151341,0.0,-1,False,56000.0
-9.619135049894387,15.508059395872628,-0.7481434156394461,0.43622840033323695,0.618587056066493,-0.78571626816976,0.0,2,True,56000.0
123.42564189561335,86.27558157150395,0.8421847886780973,-0.2733439642167543,-0.8377202346037953,-0.5460996324251884,0.0,5,True,56000.0
-86.07871772772236,65.58561271657582,-0.6923323935150372,-0.5328959262750637,0.9719895697096724,0.23502399106314503,0.0,3,True,56000.0
79.48145001301371,-95.72841129138942,-0.7246726228833666,0.25969632695888145,0.03548290246728322,-0.9993702835446789,0.0,-1,False,56000.0
153.70652843747487,95.06540183855277,0.8534531906315982,-0.2538265195131827,0.33929305251655173,0.9406807240045034,0.0,5,True,56000.0
80.69331538429138,145.94918536314984,0.8364227228280392,-0.2833241550256123,-0.030801825229690438,0.9995255112113507,0.0,5,True,56000.0
-250.64999884722593,90.06033570005603,0.7694926921908973,-0.021762105996369296,-0.5453719162874505,-0.8381941737596517,0.0,-1,False,56000.0
-51.37026202251644,-248.82236083203827,0.9096980439799554,0.15640757584956785,-0.9733767373735811,-0.22921109733094663,0.0,0,True,56000.0
165.34242454937896,61.161225529615514,-0.444970333122536,0.6281671714069526,0.5180833396345113,-0.855330142806163,0.0,-1,False,56000.0
51.18788682128945,177.18225531862961,0.7474050700355899,0.18433191226070217,-0.9967019603710122,-0.08114925872887735,0.0,-1,False,56000.0
-161.76916326206353,49.54749966142068,0.49351702470015535,0.8660254037844386,-0.5083050271834152,-0.861177101030752,0.0,1,True,56000.0
105.76028246713997,-4.2081820274734945,-0.6136425134393327,0.6691907966076854,0.05975447367680953,-0.9982131049406975,0.0,2,True,56000.0
-154.39291032020571,63.959040311395285,0.7498343455842875,0.17418681573177525,-0.8566496533219011,-0.5158986057968734,0.0,-1,False,56000.0
175.40316242416606,-55.876198923512405,0.9167930056708662,-0.14411874172315467,-0.993384601206104,0.11483481217075892,0.0,5,True,56000.0
-152.06477833086365,10.609082178485146,0.048500714639425,0.8660254037844386,-0.5144250779601707,-0.8575353282315891,0.0,1,True,56000.0
-37.719863366761544,216.85009264579182,0.49369251950396653,-0.5906439610953608,0.33365546643598853,0.9426950884124645,0.0,-1,False,56000.0
115.09919075180815,-22.916883199118743,0.43762101880012694,-0.6333091160696578,-0.5090657874698417,0.8607276131433269,0.0,-1,False,56000.0
183.60535277432635,-120.96414273369317,0.5177720702147867,-0.8352432752167467,-0.9995676648245316,0.029402099193248824,0.0,5,True,56000.0
33.5722270401656,71.35160377353732,-0.6620954836839562,-0.5852677903663748,0.3909058977876505,0.9204306487044371,0.0,3,True,56000.0
-153.87970295651152,135.92068266698436,-0.7328324822788514,-0.235688662242394,0.5536666574397338,0.8327383937582976,0.0,-1,False,56000.0
-210.81503242962094,-182.26500103275032,0.27580912160177945,-0.7186945951054919,0.08788592413279267,0.9961305458316617,0.0,-1,False,56000.0
-61.1113623293872,-69.69859033437876,-0.24602716764394636,-0.8660254037844387,0.3456057949340343,0.9383797922523699,0.0,4,True,56000.0
164.49262240606038,10.289245463089,0.4827585637451016,0.5996138438389819,-0.9845417183723144,-0.17515023489566248,0.0,-1,False,56000.0
-59.52275322257402,-116.62494882933547,0.5881617575622119,0.7133247604021179,-0.820399395902907,0.5717908981453289,0.0,0,True,56000.0
37.10253811555727,53.62795798878934,0.47347338858263643,0.8660254037844386,-0.12019908890019126,-0.9927498068633459,0.0,1,True,56000.0
-79.84822154427764,95.86662881225507,-0.8528019105408732,-0.2549545697202762,0.9925128738212283,0.12214006426526097,0.0,3,True,56000.0
-103.53083973948533,22.650337699260028,-0.3875638067846459,0.6651217093609153,0.9935382451161098,-0.11349782152673461,0.0,-1,False,56000.0
21.36144048865103,-156.84065377922343,-0.5385579087657433,0.7992411467685661,0.961891563172088,0.27343119920375664,0.0,2,True,56000.0
8.804505960446859,-192.18252556401168,0.052734337724326175,0.767991980568397,-0.9906361873987856,-0.1365281810310095,0.0,-1,False,56000.0
125.62821138478787,198.4383618060145,-0.4286455632835776,-0.8660254037844389,0.49231372708766985,0.8704178273224531,0.0,4,True,56000.0
-164.42876503446854,47.085264893465954,0.16312552996817342,-0.8660254037844387,0.9835935744260179,0.18039867058120704,0.0,4,True,56000.0
-105.15446835429421,28.07735741855699,0.9375212468465867,-0.10821637485526604,-0.46624877801295417,0.88465364804595,0.0,5,True,56000.0
-97.74804381973219,-77.07773706031715,-0.7235408421036881,0.2628331075045119,0.6225921035339507,-0.7825465306401105,0.0,-1,False,56000.0
-108.55453469654935,194.30884052100464,-0.8920386703252431,0.18699450824937286,0.7043950548530915,-0.7098081478105238,0.0,2,True,56000.0
47.53689731543236,2.85503583593425,-0.9452251576890238,-0.09487280985918435,0.9998838264666955,-0.015242492243068853,0.0,3,True,56000.0
78.75720808954792,68.93205775011188,0.17194700361171245,-0.8660254037844388,0.9775782460589288,0.2105724883074056,0.0,4,True,56000.0
68.75387065786978,30.247686977918615,0.05621092008789108,-0.7677453516990286,-0.9253206637145592,0.37918553414188116,0.0,-1,False,56000.0
-42.11052114686588,-334.2680049038076,-0.5872773801409802,-0.7148565470287583,0.3483190471810884,0.9373760405357627,0.0,3,True,56000.0
233.26083522815082,216.7825989693236,-0.2173546381496945,0.8660254037844386,0.6034586663618844,-0.7973942801352016,0.0,1,True,56000.0
135.39198723507744,-44.012288791370885,0.2665100416087771,0.8660254037844385,-0.3933866366567512,-0.9193731310515727,0.0,1,True,56000.0
-40.04107257638846,28.741492616190076,0.08497953202591166,-0.7650954657617893,-0.6821135328628994,0.7312462842879572,0.0,-1,False,56000.0
-125.9738816683995,-34.32976461882077,-0.4130955067676948,-0.8660254037844386,0.525934309273137,0.8505251920602047,0.0,4,True,56000.0
-44.57021036886275,-227.36864373848948,0.5934578836191337,-0.7041516009882404,-0.9331581925270102,0.35946597574637257,0.0,5,True,56000.0
81.96299717167422,-152.35224514042017,0.5207678611586881,-0.5669157145262402,-0.9755423455296962,0.21981158312977414,0.0,-1,False,56000.0
34.541997718657356,-58.80768938257602,-0.9788134722065639,0.03669614257420169,0.5150933551673357,-0.8571340825460392,0.0,2,True,56000.0
-254.90573285773806,-129.4062873747902,0.243579128857862,-0.8660254037844388,-0.5582741397195876,0.8296565463611655,0.0,4,True,56000.0
46.031807926642514,-72.21442555895374,-0.6665979553953196,-0.3850191663480817,0.8549772496813496,0.5186655015777512,0.0,-1,False,56000.0
-146.80122857435987,209.18856755349378,-0.10400074910656462,-0.7627427068008358,0.8117657416756243,0.5839832023624439,0.0,-1,False,56000.0
106.00006048839352,22.260574203968794,-0.2627644107458467,0.8660254037844385,0.7652038708855989,-0.6437880365317541,0.0,1,True,56000.0
-54.726094090138595,-70.24331735219963,-0.9504887795297638,0.08575594939919338,0.7346972733408783,-0.6783951035680906,0.0,2,True,56000.0
-268.82187963466174,50.84889149288501,-0.5167726725736876,-0.8369742827080952,0.8607508650326277,0.5090264711634634,0.0,3,True,56000.0
23.868131060689116,37.39699606326366,0.11738300063298346,-0.8660254037844388,-0.8523744331354479,0.5229319513441458,0.0,4,True,56000.0
-34.82585170877129,-374.49830127098403,-0.45221442362061726,-0.6229724774515044,0.6383398625935721,0.769754649108197,0.0,-1,False,56000.0
225.22828779022362,225.8980337311401,-0.879768596982313,0.2082468986919239,0.9381179381073754,0.34631594563459284,0.0,2,True,56000.0
-39.428777794260974,-1.165884483946118,0.23893234504760474,-0.8660254037844387,-0.7167449659069927,0.6973353955211248,0.0,4,True,56000.0
50.14181109654051,9.153805149129381,-0.34900244110656076,-0.8660254037844387,0.6294789253228508,0.7770175561556134,0.0,4,True,56000.0
16.843927620996762,40.78071698893804,-0.8555512145007952,-0.2501926355762412,0.9032197383917013,-0.42917840600298823,0.0,3,True,56000.0
-157.23963032435503,114.23814795515898,-0.47108823025573154,0.8660254037844384,0.17388581278494136,-0.9847658219656203,0.0,1,True,56000.0
-70.24612311147827,334.9871961183718,-0.5321597184388902,-0.8103231374911716,0.6311479433744241,-0.7756624740013782,0.0,3,True,56000.0
-105.62035964227968,-69.07587440223237,0.76626420152411,-0.0737005159765543,-0.5914828621989088,0.806317570021046,0.0,-1,False,56000.0
-191.69464339116706,-148.6164071342349,0.6509867002737173,-0.41086361320921294,-0.9275860254376396,0.37360964309342726,0.0,-1,False,56000.0
103.76189356688155,-37.43703275091066,0.5304166352100202,-0.8133422462053952,-0.5443059093461622,0.8388868082468649,0.0,5,True,56000.0
90.91897810011831,-215.56814139955665,-0.6361122202684525,-0.4335364296316195,0.9980260820962015,-0.0628007918365473,0.0,-1,False,56000.0
-25.96175714517957,14.229220294910752,0.38841113663554505,-0.6646272500658367,-0.9425505056467662,0.33406368300779965,0.0,-1,False,56000.0
-137.93009784538702,-173.2386717173748,-0.7681092681726818,0.050997497387809926,0.8438476257502793,-0.5365828775829781,0.0,-1,False,56000.0
-42.275542897970105,106.57981957448555,-0.12688650357553097,-0.759270971263204,-0.06306855682700521,0.9980091969212231,0.0,-1,False,56000.0
-231.03127566303127,15.132416372698454,0.06957967409732975,-0.766649373276403,-0.7269424472725136,0.6866983896537526,0.0,-1,False,56000.0
48.19941116401045,176.3172913110668,0.6097820424735525,-0.6758773284615615,-0.4206377847101521,0.9072286669157391,0.0,5,True,56000.0
-356.27111317359066,49.48943352661931,0.9228767173008148,0.13358144408148706,0.00820606199184215,-0.9999663297062995,0.0,0,True,56000.0
432.27578698128144,-85.30368803928114,0.6488564887135349,0.6081984022962932,-0.02349643763917919,-0.9997239205990177,0.0,0,True,56000.0
-204.68795605485178,-295.23955963461543,-0.7040299581402014,0.5126351500194585,-0.1292656315025686,-0.9916100022245916,0.0,2,True,56000.0
11.61119105246491,58.86151410150291,0.9054489620365537,-0.16376720166106276,-0.9898664604304397,-0.14200137504419247,0.0,5,True,56000.0
53.61577961120279,270.08318948085093,0.677093807583768,0.5592899313435261,-0.44229681783717856,-0.896868733388994,0.0,0,True,56000.0
-70.26980758802218,41.106545883466765,0.896864086657925,-0.17863664199349466,-0.7137050233043448,0.7004463860352356,0.0,5,True,56000.0
-66.43475892095874,192.3425459093648,0.07781688429330857,-0.8660254037844388,0.9689653571503534,0.2471965546728222,0.0,4,True,56000.0
-0.3967223343881105,15.839248861866377,0.1550864006534951,-0.7540164460573362,-0.5888409199819844,0.8082489535745835,0.0,-1,False,56000.0
186.42810781391208,-97.92602124801599,0.233609199878283,-0.8660254037844388,-0.7334732780563609,0.6797182875110173,0.0,4,True,56000.0
35.23440799744579,93.26266385227086,-0.46587107220160817,0.6128268406967146,0.5371877110214722,-0.8434627218360916,0.0,-1,False,56000.0
-152.36615473638204,129.9616706909462,-0.5301297642473028,0.5581711436931253,0.9704381779715421,0.24134983475228494,0.0,-1,False,56000.0
10.507765619513275,32.987361068481135,-0.7897881965746972,-0.3640975238833058,0.2781370361663034,0.9605414041634585,0.0,3,True,56000.0
97.68385806664607,161.1976728393297,0.41071301269212923,-0.651081725897715,-0.6020240258806516,0.7984779723086326,0.0,-1,False,56000.0
-130.3555562459547,-169.3879376235042,-0.42379650226432053,0.642642293395883,0.9999009477820687,0.01407460919992326,0.0,-1,False,56000.0
-62.77194446797628,106.52890896359092,-0.5688972983163364,-0.7466917825963149,0.4518588709498383,0.8920894353950667,0.0,3,True,56000.0
-5.807921594764571,148.0120966277881,0.6925013201101162,0.33620605919337415,-0.49166906877411876,-0.8707821351006305,0.0,-1,False,56000.0
20.912870655782577,-12.102873407467879,-0.4240213317016138,-0.8660254037844388,0.4547303353392878,0.8906291720586932,0.0,4,True,56000.0
189.63412145317625,31.94062428490911,-0.7678547928318248,-0.4020872935488825,0.8064668521091725,-0.5912793049386015,0.0,3,True,56000.0
-91.70313297678688,6.601998045245098,0.6970675458513174,-0.5246944018470476,0.26044400760768566,0.9654889532774877,0.0,5,True,56000.0
23.67544873488491,109.1671672931458,-0.12998632405614002,0.8660254037844385,0.9212010101134025,-0.38908700693506565,0.0,1,True,56000.0
112.68557667803074,-138.5332165353266,0.24594894189707556,-0.7294530214978214,-0.9293152866709036,0.36928728377707615,0.0,-1,False,56000.0
-81.15977336210945,-105.42730160966438,-0.9661980868682237,0.05854663093726659,0.9997857624668411,-0.02069853058233319,0.0,2,True,56000.0
152.04981847681051,137.72906648504278,0.27759677789370885,0.8660254037844386,0.5996151665653402,-0.8002884805021762,0.0,1,True,56000.0
-86.54190032735534,-19.90620773551043,0.7523124400334079,0.16315203082883306,-0.5506836574962228,0.8347140284948669,0.0,-1,False,56000.0
3.158878836293318,60.6248082577194,0.7270022524950658,-0.4728459690304056,-0.9761032931992315,-0.21730706616498124,0.0,5,True,56000.0
-89.56215508870201,165.51922355595846,0.3760717281809203,0.8660254037844386,-0.7549934179971927,-0.6557323682574738,0.0,1,True,56000.0
3.1661562676537622,13.556504596463112,-0.011712170491877338,0.8660254037844386,-0.9923034233565137,-0.12383019015861019,0.0,1,True,56000.0
22.76105268523279,-65.38850618293844,-0.7120002675098811,-0.2926571571966934,0.9549250880305259,0.2968468902473902,0.0,-1,False,56000.0
-164.3090567033891,-72.54835646317028,0.5305218053265803,0.5577985359120428,0.3677339542684903,-0.9299310398506409,0.0,-1,False,56000.0
93.91375374933847,129.050581780712,0.9892099569006894,-0.018688902863863675,-0.9173392999383069,0.398106278257883,0.0,5,True,56000.0
-27.5562740477987,-167.97080465154514,-0.14062656906949939,-0.7568465899139228,0.9825700157085028,0.1858928837538417,0.0,-1,False,56000.0
230.68576333743553,-162.99304219228563,0.6772991932341696,0.5589341929618845,-0.6231742136215527,-0.7820830515212207,0.0,0,True,56000.0
98.227728336655,-10.42148786146309,0.6068346320960833,0.6809823929860935,-0.7763842138175708,0.6302599087158738,0.0,0,True,56000.0
-133.5767859823845,-72.05580761847614,-0.743124867779276,-0.44492078020726733,0.030788177729530353,0.9995259316855254,0.0,3,True,56000.0
-52.94852151108873,236.84897113450825,-0.7357939891065137,-0.22627372403201373,0.9891292941275248,-0.14704842569185045,0.0,-1,False,56000.0
-85.56024237394419,-104.24282480866827,0.23617589069445744,-0.8660254037844386,-0.9321185571153097,0.36215327622546734,0.0,4,True,56000.0
25.609924693608846,-18.129151867175878,-0.6741387858809015,-0.37165775918661564,0.8310631144114777,0.5561781188290602,0.0,-1,False,56000.0
133.46292202969525,-185.31868882919684,-0.5068211531552365,0.8542108199533607,0.8935224045013384,-0.44901861058733644,0.0,2,True,56000.0
-10.162158667332003,66.7282856472779,-0.7625280894444538,-0.10556280311162247,0.999829624176859,-0.018458673248553104,0.0,-1,False,56000.0
-154.83774476681597,69.84442426397652,0.03266445286722919,-0.8660254037844387,-0.9049569778751588,0.42550307659846526,0.0,4,True,56000.0
-21.056947803332527,204.86842929596125,0.5466837026583796,-0.7851668588946872,-0.12043543171885784,0.9927211626566357,0.0,5,True,56000.0
-0.25968153990060233,-117.84342365853516,0.18151858090419704,-0.7480933079363288,-0.592963561850604,0.8052292930072571,0.0,-1,False,56000.0
64.79479714672875,42.23700066398559,0.26910010090202613,-0.8660254037844387,0.10704990438712986,0.9942536487085587,0.0,4,True,56000.0
-68.7047589651907,165.54340815652841,-0.7289628845688212,-0.24739786885439388,0.7688561466719082,0.6394217901545263,0.0,-1,False,56000.0
123.94510820923125,62.17026312315664,-0.898515904652409,-0.17577560930219172,0.9956844538498265,0.0928033855063729,0.0,3,True,56000.0
106.65581752798404,-161.3901316624872,-0.935644909540424,-0.1114662864016762,0.9921877702170004,-0.12475347142002488,0.0,3,True,56000.0
-30.048675634416547,55.935750476069444,-0.04161625373798819,0.7686746255844586,-0.6337488388738058,-0.7735388866926594,0.0,-1,False,56000.0
-69.15448300174576,-57.28688757928044,0.06994075265097677,-0.8660254037844388,-0.7815381321311002,0.6238574741274618,0.0,4,True,56000.0
-37.137502885840355,1.9323873341579085,-0.6605351367301963,0.5879703905677222,0.15656761285013915,-0.9876672428536077,0.0,2,True,56000.0
159.67836540610494,57.36534618937301,-0.03165410152233578,-0.8660254037844387,0.47456019698315377,0.8802230509586455,0.0,4,True,56000.0
165.12451478399268,-45.11997221166767,0.33598248343845305,0.6926098204726251,0.03543217299754037,-0.9993720834184943,0.0,-1,False,56000.0
-154.6662657541307,-5.512342510444679,0.3817673180411695,-0.8660254037844387,0.07978268714998732,0.996812280637983,0.0,4,True,56000.0
68.42539986151255,-104.37473712858797,0.7431503476844243,0.20079878816644164,-0.6306918074127719,0.7760334039602148,0.0,-1,False,56000.0
-129.2509287779076,173.37927515864848,0.3333119245245121,-0.6938989505413294,-0.48593012445201633,0.8739976625539299,0.0,-1,False,56000.0
-162.30975336781106,150.22051562077883,0.5782726811582146,0.5081272466800832,-0.9748973585529246,0.22265475581302913,0.0,-1,False,56000.0
-75.73131921639899,259.90656154198695,-0.6629796524554521,0.3912167852005335,0.5971207812511908,0.8021513402081595,0.0,-1,False,56000.0
21.233864376256864,111.72817042974309,-0.6469955941470948,-0.41712023895615524,0.926478353099967,-0.3763480586330531,0.0,-1,False,56000.0
118.87881507919415,-79.07833384014185,0.7206245418014021,0.4838924879878066,-0.40802560805700844,-0.912970483186306,0.0,0,True,56000.0
97.53101948428346,-49.24116977156113,-0.5081205500236833,0.8519601985580146,0.920547815769194,-0.3906299001384245,0.0,2,True,56000.0
-135.80195514958677,248.54152473404565,0.6202797797148284,0.6576947141951635,-0.9085719700004944,0.4177283511194678,0.0,0,True,56000.0
64.9344802594234,-2.3093400103490573,0.3917558358298988,0.8660254037844386,-0.617081136648633,-0.7868995303036385,0.0,1,True,56000.0
130.84228049291244,112.76315002899483,-0.7814187560421465,-0.3785938201166101,0.9791679900180165,-0.2030518340808123,0.0,3,True,56000.0
-261.97391832555746,-17.64864368527233,0.5893102779586907,0.49528374583146084,0.27469564825538806,-0.961531227173181,0.0,-1,False,56000.0
45.91065800787437,15.41578024032251,0.28118549539600846,0.8660254037844386,0.8849025971177344,-0.46577611962618637,0.0,1,True,56000.0
170.05538378065785,-73.90350668137104,0.5412685256411676,0.7945462206204775,-0.23372354130337025,-0.9723030938139476,0.0,0,True,56000.0
-47.022750256635405,-26.047627137714375,-0.5667412371651623,0.7504261900543735,0.5989846430040522,0.800760511916606,0.0,2,True,56000.0
188.64538276520588,-187.46152982821775,0.9668869403369466,0.057353501730468666,-0.6284423380651457,-0.7778561741908623,0.0,0,True,56000.0
-96.2061620033754,8.049287887709026,-0.181421107250277,0.7481169523788883,0.994280408916304,0.10680106949306933,0.0,-1,False,56000.0
-138.6745030228634,168.3783224601182,-0.8887074583661302,0.192764336613337,0.9819296749306521,-0.18924617166583546,0.0,2,True,56000.0
86.25801556328652,87.98651876487423,-0.8074180476503473,0.33356172609040713,0.9292727079163206,0.36939441566114095,0.0,2,True,56000.0
-132.80451923062537,108.03581205399088,0.6909261259321776,-0.5353316531776133,-0.9318572181222115,0.3628251990053438,0.0,5,True,56000.0
-174.34374823508742,-48.525997492417616,0.7405361788530763,0.21023501231307018,-0.797521461433129,-0.6032905755548553,0.0,-1,False,56000.0
-141.73442491778073,-9.377316331510404,-0.8980502333315182,0.17658217568960263,0.8224744311194486,0.5688020834652968,0.0,2,True,56000.0
96.77488848011072,7.083932079636911,-0.30817656793786574,0.8660254037844386,0.5444051102458687,-0.8388224340930432,0.0,1,True,56000.0
107.96608596499605,-63.69102108391845,0.7765260464159899,0.3870682417757946,-0.9648884975571459,-0.26265983187691755,0.0,0,True,56000.0
-21.137859117768276,-65.13018117075889,-0.22220105644270638,0.8660254037844386,0.29110763576944104,-0.9566903074643828,0.0,1,True,56000.0
-186.37401079699194,-189.469622152504,-0.7655943210741449,-0.4060025454822584,0.827280034990384,-0.5617897682460082,0.0,3,True,56000.0
-56.080742639812314,205.53566054824657,0.3024087011141207,-0.8660254037844387,0.8876750304951374,0.4604704553336703,0.0,4,True,56000.0
-10.649511528715472,199.4426254068015,0.5471706137570429,-0.7843235041330332,-0.8432721021405988,0.5374868944923328,0.0,5,True,56000.0
29.109222801292532,135.4355077889714,0.7542081027554312,-0.15415164718758426,-0.2354085823728519,0.9718964962097689,0.0,-1,False,56000.0
-31.222421476733892,45.04286746499068,0.9247107833148591,0.13040474856072679,-0.8855389691614294,0.46456510210744184,0.0,0,True,56000.0
69.46571931961981,131.47833899184548,0.7476446622394632,-0.18335771491113032,-0.5257483113171506,0.8506401784225237,0.0,-1,False,56000.0
36.42372273319698,70.20645704726277,-0.8162016117558225,-0.31834814678818535,0.8863114368135752,-0.4630896640750361,0.0,3,True,56000.0
-91.0053426862437,182.34081684794717,0.7603709243985254,-0.12011931535737465,-0.9467197982075901,0.3220584165665819,0.0,-1,False,56000.0
13.60317125015531,-232.20206357083504,0.7971305085465371,-0.35138026650305765,0.0320700655775773,0.9994856231550082,0.0,5,True,56000.0
65.53673965724276,308.1459670987855,0.4639653801535487,0.8660254037844386,-0.5887971178159883,-0.8082808633459435,0.0,1,True,56000.0
253.7872956295521,244.7048702456604,-0.09416652886967743,-0.7640191472949016,0.12815689554912313,0.9917539060285004,0.0,-1,False,56000.0
35.1854220304778,96.74905318872948,-0.6755327582528339,-0.3691179826558313,0.9564633282410739,-0.29185253421830804,0.0,-1,False,56000.0
203.1093789376626,52.69396115622474,0.2833278010911649,-0.8660254037844387,0.7184420218273871,0.6955868466784434,0.0,4,True,56000.0
78.74821596163702,-249.6409717789636,-0.612527394884128,0.671122238601763,0.8197539022791887,0.5727159328128738,0.0,2,True,56000.0
-36.38756156411024,4.644311347250223,-0.10363768928190045,-0.8660254037844387,-0.031592551453755724,0.9995008307611274,0.0,4,True,56000.0
18.36893270221531,-30.131253222875728,0.615335266880662,0.4625528098774201,-0.9945075723171066,0.10466464829898287,0.0,-1,False,56000.0
66.50326571326285,-262.2936072849058,-0.3374428960673903,-0.8660254037844387,-0.8506034477316875,0.5258077354951468,0.0,4,True,56000.0
-143.08037312569766,394.49286577834516,-0.78067729515673,0.37987806804197627,0.02762501946232576,-0.9996183563236996,0.0,2,True,56000.0
107.24803097785822,-77.92044564905243,-0.6531342616532498,-0.6007890822214641,0.14831216829707533,0.9889405951495226,0.0,3,True,56000.0
201.32198250815824,151.3967070154393,0.42089199626288143,-0.8660254037844387,0.9910045133981662,0.13382845147474545,0.0,4,True,56000.0
36.12699646635243,212.62003068230024,0.1384271778463892,0.8660254037844386,-0.1963247671485696,-0.9805389262052341,0.0,1,True,56000.0
-17.983200014591972,69.27785670010176,-0.5269514373322072,0.5611726786704011,0.9089871311347145,-0.4168241780788033,0.0,-1,False,56000.0
-64.51526754410821,-40.40050474517308,-0.6936180241057285,-0.5306691487722216,0.4211432638864717,0.9069941296847479,0.0,3,True,56000.0
68.0205358688404,145.5996979006968,0.7232390893850132,0.4793639587341858,0.14157270715751263,-0.989927860294747,0.0,0,True,56000.0
-0.9311816930065248,160.06760756417225,0.6753793952582898,0.36939851793576417,-0.6266333751878392,-0.7793141940836896,0.0,-1,False,56000.0
148.4895634774623,166.49860660989353,0.7585314322652716,0.13123512814101196,-0.38121272795664285,-0.9244873476924539,0.0,-1,False,56000.0
-67.47992366285031,-214.54088136536146,-0.808647006618644,-0.3314331067168998,0.8575199268472704,-0.5144507508593076,0.0,3,True,56000.0
104.44539962933196,181.99146366841265,0.5558742144901009,-0.7692484254545823,-0.38749592254378173,0.9218714172874126,0.0,5,True,56000.0
-1.3578102755566515,0.3780476304762325,-0.6700284304376538,0.379017803009102,0.573703820257224,-0.8190628343551877,0.0,-1,False,56000.0
25.591432120714995,-134.88530970487182,0.5218675041096862,-0.8281497756317407,-0.7984993586821796,0.6019956596054028,0.0,5,True,56000.0
-159.74951118364814,-258.9606881116035,0.5116453873947667,0.8458550011428807,-0.4987271966836225,-0.8667590110796272,0.0,0,True,56000.0
-16.613871061424984,-35.25344047930094,-0.6427319054324945,-0.6188064917142421,0.9825171765421534,-0.1861719576073395,0.0,3,True,56000.0
-194.69444522183343,39.70382409990276,-0.4518096632328368,0.6232660914906433,0.9919806723023628,0.1263896585097945,0.0,-1,False,56000.0
38.927488154356006,-32.47078960392791,-0.3533053538425815,0.6839356106672327,0.9987913732351186,-0.04915071465114537,0.0,-1,False,56000.0
-32.36530224734864,191.6877071445622,-0.7697743299902183,0.006330361814522012,0.7092516368609969,0.704955399730844,0.0,-1,False,56000.0
143.97081857686538,111.52269622337116,0.5376221246576453,0.800861972388707,-0.4505294785307726,-0.8927615521372549,0.0,0,True,56000.0
-175.72486088587027,516.2627988326328,-0.51603440932094,0.5712276962730193,0.334325048494336,-0.9424578303292461,0.0,-1,False,56000.0
-2.0126598168824534,220.50751841927274,-0.34547800864388944,-0.6879226251084093,-0.45468801367637945,0.8906507790479055,0.0,-1,False,56000.0
-83.35486174085732,105.80840182198006,0.5907868765313382,-0.7087779209716784,-0.19819994616477077,0.9801616098073324,0.0,5,True,56000.0
37.86714069012646,128.0570437952717,-0.9552198529272851,-0.07756148990034868,0.9193288934408829,0.39349000709614,0.0,3,True,56000.0
-122.35235081027952,-129.75266069668007,0.5232885165718153,-0.8256885098491449,-0.5755865919596803,-0.8177408361796648,0.0,5,True,56000.0
22.522401889273425,-2.300618475351426,-0.7079860954278565,-0.5057829192355223,0.8047826005441601,0.5935696807124028,0.0,3,True,56000.0
80.82073587378504,6.463492509907897,0.020411197940664105,0.7695297106617907,0.24322413084946984,-0.969970114061313,0.0,-1,False,56000.0
111.61814588974882,-273.6013575588678,-0.42204087848046445,-0.8660254037844388,0.707846985648838,0.7063658010603308,0.0,4,True,56000.0
295.8146876797924,-67.0500980900835,-0.05692803237223801,0.8660254037844386,0.5112643305415556,-0.8594235185958293,0.0,1,True,56000.0
64.54370465178442,81.69247053533111,-0.27971418092067024,-0.7171837767158924,0.8957613156261397,0.4445353365337852,0.0,-1,False,56000.0
9.30863232552363,-206.99209437392932,0.9044862559751371,-0.16543465747219038,0.1072948426689973,0.9942272460239318,0.0,5,True,56000.0
55.63342183020249,-85.11849796193847,-0.39961006082842265,0.6579547035148368,0.6550690490237934,-0.7555690180325196,0.0,-1,False,56000.0
254.09995310260615,-24.794712089714142,-0.5444168714206844,0.7890931257705593,0.8778536490717606,0.47892898305603837,0.0,2,True,56000.0
129.00724335086835,-12.373183897679775,-0.0340135277446002,-0.769048550172848,0.9507352773373203,0.3100039232426864,0.0,-1,False,56000.0
80.6470315990878,182.13855859074087,-0.4313044282739948,0.8660254037844385,0.5784710162010137,-0.8157029382165021,0.0,1,True,56000.0
195.22096948206487,105.39532586904461,0.7412730759100825,0.2076218185148117,-0.8830310793554172,-0.46931451383056066,0.0,-1,False,56000.0
-124.90658538897594,191.05692767509103,0.5142993831242871,-0.8412581456962801,-0.9417655025237577,0.33627033508139176,0.0,5,True,56000.0
-69.91526515191072,-94.56181442152095,0.9482501884242842,-0.08963330293125517,-0.9994863933146239,-0.03204605402479812,0.0,5,True,56000.0
-44.40622330688566,-123.94952241143154,0.22574623822088072,-0.8660254037844387,-0.40517225501160137,0.9142403643290083,0.0,4,True,56000.0
125.2129574298472,96.1685449562598,0.45879403672742014,-0.8660254037844387,-0.5233212726000195,0.8521354620269977,0.0,4,True,56000.0
365.59208174847265,-25.80488306135575,-0.4735778669955598,0.6068909263488196,0.003595488464647467,-0.9999935362103175,0.0,-1,False,56000.0
-29.72757838834559,-73.15511134297661,0.5051454319557886,-0.857113254210124,-0.5598671681779899,0.8285823761075455,0.0,5,True,56000.0
149.2493161646834,92.10538116997161,-0.5670511914977435,-0.7498893334023168,0.42609833216061194,0.904676854644597,0.0,3,True,56000.0
118.03710164267275,226.70921766548872,-0.6415907143076617,0.4253868215010625,0.0898419221328558,-0.9959560376979905,0.0,-1,False,56000.0
-306.83817968871216,-184.41462679543673,0.5040387019147042,-0.8590301668715452,-0.9909969265647771,-0.13388462024737507,0.0,5,True,56000.0
220.08438388535475,91.59535853558279,-0.49898825041949985,-0.5861768662578547,0.14224831991099218,0.9898310034961275,0.0,-1,False,56000.0
188.07401668557313,118.4011720139549,-0.36599544678686097,-0.8660254037844388,0.5262303390707542,0.8503420666067655,0.0,4,True,56000.0
-154.5716285734608,30.465961548172967,-0.9153079394134302,-0.14669095193364004,0.5794171989824786,0.8150311095430205,0.0,3,True,56000.0
-74.78171008559706,-46.51673980886857,-0.9002099242342474,0.1728414813174313,0.9760488379255062,0.21755152489423085,0.0,2,True,56000.0
134.06014042675574,-75.0196656999741,-0.7107150728520426,-0.5010561916841235,0.9971976921644162,-0.07481151476576503,0.0,3,True,56000.0
-245.99746103661462,-208.33736385961043,-0.7991958619660264,-0.3478029694449161,0.9999665730955799,-0.00817634949750956,0.0,3,True,56000.0
-21.842135770656736,104.24196817257986,-0.7535671834117958,0.4268341589830722,0.6390408225546034,0.7691728200530892,0.0,2,True,56000.0
119.01572105429054,14.928122744372807,0.3563003834869023,-0.8660254037844388,-0.4381407887929042,0.8989063628630259,0.0,4,True,56000.0
-122.18427842437892,-18.519351682352248,0.39067228047576685,0.6633006572139484,-0.562576666561026,-0.8267451204819234,0.0,-1,False,56000.0
199.66356503438604,128.5210873261521,0.4984121644336692,0.8660254037844387,-0.3718645902509204,-0.9282869849982196,0.0,1,True,56000.0
-50.37487475553957,194.28281303741716,-0.3698595367649487,0.6751270366802162,-0.23920547483484292,-0.9709689700544721,0.0,-1,False,56000.0
2.392705332043946,-200.17180236069368,-0.28436611080714347,0.8660254037844386,0.6203365798498885,-0.7843357238451906,0.0,1,True,56000.0
81.06705735695718,94.2310819126281,0.6400358068298624,0.4277227590019491,-0.7522691301207062,0.6588559447004672,0.0,-1,False,56000.0
136.10215582843713,111.45612396588821,-0.7131226883079189,0.4968860793894581,0.610597307031541,-0.7919412406520555,0.0,2,True,56000.0
-16.357225131270543,-270.74727835962744,0.38185379833635613,0.8660254037844385,-0.5400763340109271,-0.8416160368249915,0.0,1,True,56000.0
315.470617459826,25.21335027869614,0.7592926624686926,-0.4169173383588549,-0.9052149139465672,-0.4249540675983272,0.0,5,True,56000.0
-93.05714135671562,173.96782877635994,-0.35110426789711335,-0.8660254037844388,0.5191807544864049,0.8546644629155024,0.0,4,True,56000.0
103.87134582542447,-16.742521283195284,0.904395497355907,0.16559185601192272,-0.9416005047920775,0.3367320735762346,0.0,0,True,56000.0
141.3145103840862,386.54990593904853,0.3659581984651292,0.8660254037844386,-0.43027887670587395,-0.9026960109917082,0.0,1,True,56000.0
101.89736439234593,159.43588381264107,0.6625346901407306,0.3919698674040115,-0.05882283235732855,-0.9982684380431417,0.0,-1,False,56000.0
-72.9390663741689,15.039018942394074,-0.29885892510165857,-0.7094194355102442,0.3268689197970378,0.945069684875365,0.0,-1,False,56000.0
-119.98809003107431,-0.30158520901246155,0.9392966086896738,0.10514135794122066,-0.6393301597882702,-0.768932342137304,0.0,0,True,56000.0
-43.77523655583622,103.98987765794494,0.4365956126117489,-0.8660254037844386,-0.4551750198173258,0.8904019886175336,0.0,4,True,56000.0
-27.448828089185977,-231.15943510568286,-0.5990356824090688,-0.4834757944233545,-0.41413763833187983,0.9102142695632469,0.0,-1,False,56000.0
-133.30424623445992,276.2746152026774,-0.6665630454020363,-0.38507960098784133,0.869231138242924,0.4944059347424058,0.0,-1,False,56000.0
47.775152409938315,-44.972933690704835,-0.4239451220593373,-0.6425442600122468,-0.05714932017713925,0.9983656420384388,0.0,-1,False,56000.0
68.21217312714833,-51.906896302288374,0.7099266600130781,0.5024217627785497,-0.7432813409298004,0.6689789594787762,0.0,0,True,56000.0
-303.8603653123475,-53.626863818404395,-0.4355815116688761,0.6347135883883763,-0.2847828295100161,-0.9585920613148897,0.0,-1,False,56000.0
-15.673132830910236,95.70157753713065,-0.49569526786672913,0.5889641703933475,0.6834862527882578,-0.7299633841838387,0.0,-1,False,56000.0
102.88710354314198,-104.39687134023109,-0.763487529366141,0.09838386602984442,0.836091011954832,0.548590757968134,0.0,-1,False,56000.0
55.12872410043515,85.95358783044269,0.7063388766268306,-0.5086359858900816,-0.26051221086406173,0.9654705526272744,0.0,5,True,56000.0
105.8531976108604,48.380392633842604,0.5742523193424418,-0.7374166141035002,-0.9673958023787446,0.25326934583487026,0.0,5,True,56000.0
45.71038542266236,-277.1811714733675,-0.5589711305896056,0.5292861870103646,0.8918593729399759,-0.45231278878531295,0.0,-1,False,56000.0
-258.59691101639055,132.63387223701918,0.41786820030026667,0.6465127684511796,-0.4022882218186046,-0.9155130728643801,0.0,-1,False,56000.0
-134.68978346100516,5.788133706874375,-0.23019149170193332,-0.8660254037844387,0.7130524828839291,0.7011106593490015,0.0,4,True,56000.0
-48.21927044196485,-259.19463654993723,-0.7995198438381739,-0.34724181638162543,0.7844704724685172,0.6201661695261399,0.0,3,True,56000.0
-76.05537661790564,275.29305362241377,0.9537027466138397,-0.08018919511571941,-0.4141679987435505,0.9102004552934816,0.0,5,True,56000.0
160.96393944527597,68.38999214612242,-0.9351395766853499,0.1123415485813992,-0.1409253353859804,-0.9900202269882723,0.0,2,True,56000.0
-232.5352830404379,173.21685124129425,-0.8598230105462854,-0.24279366778588007,0.9935054281954611,0.11378472720791072,0.0,3,True,56000.0
-94.44414663516372,-101.53944318256671,-0.6113033237112542,-0.46786839924509316,0.3165268283698636,0.9485835582181558,0.0,-1,False,56000.0
-186.25140148882673,236.04318558456697,-0.37396295978575367,0.6728627626053258,0.67330982130074,-0.7393604564348399,0.0,-1,False,56000.0
272.55927816763733,113.87758066860934,-0.7697122334492189,-0.01164775820523023,0.7294256398466215,-0.6840601113454806,0.0,-1,False,56000.0
-64.44046357426826,-213.51213778217894,0.8163756510699379,-0.3180467018536232,-0.8492343816213563,-0.5280160651645348,0.0,5,True,56000.0
148.14196047606487,96.83218873287953,0.7540338169785643,-0.15500192077948358,-0.927366935285702,0.37415313354094465,0.0,-1,False,56000.0
-17.04220452732916,110.78281833536573,0.3562813243407982,0.6823900721131275,-0.9863922562284884,0.1644089926135066,0.0,-1,False,56000.0
90.63911537773167,-90.40765247764095,0.12607202782910776,-0.8660254037844388,0.9614051749551924,0.2751364926158602,0.0,4,True,56000.0
40.906234028463956,-94.57515327620693,0.8649002475145668,0.23399963539474986,-0.8690966014725579,0.49464239335945637,0.0,0,True,56000.0
-7.825584371856007,32.78783679073091,-0.7078946405105982,0.5059413237988158,-0.0939404462637572,-0.9955778184328119,0.0,2,True,56000.0
-49.4477658145866,-116.58386262173018,-0.19543814854628389,0.7445780836724869,-0.5479947755252297,-0.8364817547302966,0.0,-1,False,56000.0
21.277838748084868,250.52917233369857,-0.22278140320455,-0.7368589003186458,-0.09228537907640513,0.9957325990487478,0.0,-1,False,56000.0
42.67277828191825,82.10651440095505,-0.7578674707278926,-0.13501662640245143,0.8288714808869575,-0.5594390656470389,0.0,-1,False,56000.0
-153.25212314641846,-43.323807236427264,0.22475878946670097,-0.736258160667884,-0.5924244757101284,0.8056259929888017,0.0,-1,False,56000.0
22.74485973620976,14.333374884094932,0.9793051207470798,0.03584458232256135,-0.30013384489081774,-0.9538970988270354,0.0,0,True,56000.0
-14.936530346953775,-53.567505862262244,-0.8964137694649572,-0.17941661425123676,0.8071834995415182,0.590300599752058,0.0,3,True,56000.0
150.53698703279872,-13.253253419110706,0.5010415345965065,0.5844227692362526,-0.6073678458563374,-0.7944207322442741,0.0,-1,False,56000.0
59.08505677916433,83.29933565071534,0.052864971849370446,0.7679829993847244,-0.9750816143027035,-0.22184644565201098,0.0,-1,False,56000.0
-93.56805424069825,-142.5703805524811,0.482679483933353,0.599677503648773,-0.9861951686443956,-0.16558710499940754,0.0,-1,False,56000.0
48.18804442633612,-27.05236451230907,0.2514032862907242,-0.8660254037844387,-0.8770293667073203,0.4804367699631315,0.0,4,True,56000.0
-164.6825414674156,206.11112837656273,-0.7762526751306862,0.3875417347312713,0.6231736804446314,-0.7820834763634472,0.0,2,True,56000.0
-1.4580025041760034,100.20326252731306,0.4036839802938009,0.6554630703912665,-0.7666052165558496,-0.6421187132836346,0.0,-1,False,56000.0
-65.67212217182215,-18.77552175069123,0.438957358282714,-0.8660254037844387,0.7923294499798216,0.6100934704570331,0.0,4,True,56000.0
289.75463778797143,-292.09295118910404,-0.41083507005751174,-0.8660254037844387,-0.9844939623405783,0.17541846571727185,0.0,4,True,56000.0
113.89323733924141,40.921314798789965,0.6368100159000524,0.43251080476904546,0.265485685807697,-0.964114801582764,0.0,-1,False,56000.0
30.54349379465076,-166.90540844389798,0.5879136218911563,0.7137545439915564,-0.8838088053221318,0.4678482613354562,0.0,0,True,56000.0
-84.1936471397779,14.507411099468916,-0.3362682012076705,0.6924711470156357,0.7126263472009304,-0.7015437899908485,0.0,-1,False,56000.0
26.75828204424161,-87.72933456603057,-0.6361303480563517,0.4335098301933844,0.6299541176466245,-0.7766323516694548,0.0,-1,False,56000.0
-62.68037916068004,-43.742355562091646,-0.9383493730068277,-0.10678201827065127,0.9857213334205153,-0.16838483553837513,0.0,3,True,56000.0
114.5164975145074,-4.59891510678374,0.7312122207282518,0.24066840434558648,-0.4130855473954088,-0.9106922260196522,0.0,-1,False,56000.0
-46.81109349214857,101.99486229830411,-0.7976222333592489,0.3505285741440992,0.9589111617560944,-0.28370651007549397,0.0,2,True,56000.0
-12.55601888589683,143.7099791809405,0.3908212930157618,0.6632128689328038,0.19947267020644427,-0.9799033900545223,0.0,-1,False,56000.0
298.7991282605083,145.91603151221557,-0.11853991909893749,-0.8660254037844387,-0.8757295393337869,0.48280200283135943,0.0,4,True,56000.0
117.07196456410148,-47.13627165310709,-0.2530381802871371,0.7270242581300618,0.15153278498589878,-0.9884522320648594,0.0,-1,False,56000.0
-1.7238250593881024,-42.436158330960424,0.4331648747648401,0.6363652912145293,-0.40280226870531255,-0.9152870218273095,0.0,-1,False,56000.0
57.939636929040695,52.024517534765884,0.14167874289721044,0.8660254037844386,0.13675338643868437,-0.9906051237992216,0.0,1,True,56000.0
-52.6254487553658,89.53295558024764,-0.6741155476622763,0.3716999071732217,0.10093470604414834,-0.9948930520992656,0.0,-1,False,56000.0
19.852658575611777,-5.402776556096086,0.7632156830776222,-0.10047095947063993,-0.8906744497263643,-0.4546416441597773,0.0,-1,False,56000.0
222.7539934349672,-13.338258738089616,0.2347428010484175,-0.8660254037844386,-0.7294226796448665,0.6840632678482863,0.0,4,True,56000.0
-128.11890098256154,124.21454446706112,0.35543866268066093,-0.6828293708272777,-0.715622314226056,0.6984874396733545,0.0,-1,False,56000.0
24.085720151209614,189.61357159605888,-0.7447945740309814,-0.1946114978273413,0.7432686782789425,-0.6689930282814529,0.0,-1,False,56000.0
-50.91769355021445,-19.197146711747727,-0.4023751178171063,0.6562673671258248,-0.42772339965494965,-0.9039096710332026,0.0,-1,False,56000.0
324.85042811430714,49.53014959517286,-0.761777237394619,0.11085140134438816,0.6973186467481598,0.7167612607395222,0.0,-1,False,56000.0
53.34362951561697,-85.88180800080619,-0.3564019085830373,0.8660254037844386,0.5192568336123484,-0.8546182426946338,0.0,1,True,56000.0
52.92374379290539,-115.27053687748905,-0.5006905776370193,-0.8648292882305509,0.5004279865614679,0.8657781645812918,0.0,3,True,56000.0
72.43846960831569,-193.4732671909117,-0.47984726828611796,-0.6019461701107025,0.47465173865289545,0.8801736913776961,0.0,-1,False,56000.0
-209.73673554739713,107.0093480563543,0.5930099177361704,-0.7049275006575899,-0.2921400611409955,0.9563755458376704,0.0,5,True,56000.0
8.610167441876886,100.88493816030535,0.47771598651141123,-0.6036389888203226,-0.9064776253558693,0.42225385105251984,0.0,-1,False,56000.0
48.04416982638073,219.64135531164817,-0.7106805590333366,-0.5011159713716857,0.5586675467677117,0.8293916880390344,0.0,3,True,56000.0
-265.0838859727374,-39.189443601057306,-0.5990475419922899,0.6944700286889807,0.5136543662499127,-0.8579971981493201,0.0,2,True,56000.0
25.802764671355703,158.09796515167795,0.4908556797726661,0.8660254037844386,0.6826869270345997,-0.7307109959865558,0.0,1,True,56000.0
-209.73499004457645,136.38380306989444,-0.6137634794276849,0.6689812773698715,0.9989137505478851,-0.046597413727065606,0.0,2,True,56000.0
79.20250172289738,-118.73995972649027,0.19612085838227425,0.7443985501732202,-0.8266053291320081,-0.562782044711983,0.0,-1,False,56000.0
77.43082286029698,101.68891386672982,-0.6044720321418124,-0.6850745361448508,0.36056763729346464,0.9327330694986251,0.0,3,True,56000.0
59.25434002494494,112.57901004434099,0.7624865630850116,0.10586233375190152,-0.2969617309959245,-0.9548893811974069,0.0,-1,False,56000.0
-98.09575139439535,259.78718079820084,0.6800171856463232,-0.360789716896486,-0.9070166020330981,0.42109486298918636,0.0,-1,False,56000.0
3.895710092446085,71.81920573775898,-0.7266524073213115,-0.4734519186461309,0.2957763200198215,0.9552572263611183,0.0,3,True,56000.0
67.0692664003671,122.81462114214271,0.44219436444302096,-0.8660254037844386,-0.22810522579152676,0.9736364855356634,0.0,4,True,56000.0
-84.75051738807213,73.93416652625648,0.6537943448776806,0.5996457845395257,-0.4422472654206159,-0.8968931687930146,0.0,0,True,56000.0
-222.30169593316472,-266.41959289851775,0.554805780845997,-0.5336507642011354,-0.19919285761530986,0.9799603081118455,0.0,-1,False,56000.0
192.2686937756199,-12.819442876946749,0.1968391549525661,0.8660254037844385,-0.6236497042749963,-0.7817039377906092,0.0,1,True,56000.0
-76.45016023979564,-39.079179187493374,0.3381374911556011,-0.691560286358021,0.5725072492018128,0.8198996582576805,0.0,-1,False,56000.0
73.47930050002259,103.517263556612,0.40910247387813725,0.6520948998875703,-0.6222839688236363,-0.7827915828269167,0.0,-1,False,56000.0
-127.6599157868061,-57.001073309711416,0.883495422123375,0.2017918481966799,-0.994125112576643,-0.10823705716678811,0.0,0,True,56000.0
-51.46552098728073,-24.806991742314754,-0.40515616757454775,-0.8660254037844387,0.22888819456816278,0.9734527181055048,0.0,4,True,56000.0
157.01439706610026,-114.73117386943252,-0.27711302474549,0.7181928460441512,0.31031353821781027,-0.9506342661604151,0.0,-1,False,56000.0
-13.794829447834418,-31.01938299479925,-0.675835442577237,0.5614694834693045,0.22486910251824294,-0.9743889812247634,0.0,2,True,56000.0
101.4626943201834,-185.31957031331942,0.7693674853522193,-0.025812111021667583,-0.21383508222961578,0.976869775153033,0.0,-1,False,56000.0
-100.4458827661112,210.3309211402296,0.5788781721983938,0.5074373403138944,-0.6831835937358196,-0.7302466550761171,0.0,-1,False,56000.0
-110.20033079493788,-207.10175478604964,0.26941825480805637,0.7211146903016008,0.2036421553262726,-0.9790453884134556,0.0,-1,False,56000.0
124.38063777464227,-29.235116844345118,0.4328611989161711,0.8660254037844386,0.9252008397835839,-0.37947780707623313,0.0,1,True,56000.0
-105.73337262414239,-223.60686653839818,-0.3238398164656172,-0.8660254037844387,-0.08862043856943375,0.9960654686652533,0.0,4,True,56000.0
2.9580124585689282,4.753768769885969,0.29855840259325644,-0.8660254037844387,-0.7953125591372473,0.6061995820504726,0.0,4,True,56000.0
51.35299900196008,134.02529185175294,-0.39986912656034135,0.6577972896086317,0.9377050340846722,-0.34743239493727396,0.0,-1,False,56000.0
13.12512150510158,15.131413409846171,-0.3931162151001013,0.8660254037844385,-0.4302655822745506,-0.9027023477921989,0.0,1,True,56000.0
-75.84334922854183,-215.97522100075244,0.5207958069261952,0.8300060096038756,-0.45331944770640864,-0.891348124096778,0.0,0,True,56000.0
-15.608425584590218,-33.5441079861166,-0.005277261581403417,0.7697822699327348,0.41341068890994825,-0.9105446734206268,0.0,-1,False,56000.0
-84.56488882087736,-233.53880386931746,0.4674010460796442,-0.8660254037844386,-0.29497692940473147,0.9555043752482844,0.0,4,True,56000.0
115.41340497621887,358.12693645353534,0.9584826044408145,0.07191023850644432,-0.9592443569711739,-0.2825778894722383,0.0,0,True,56000.0
203.70365188061098,44.10292664906151,0.7176278454413474,0.2785729133275559,-0.9983553066724102,-0.05732958781259939,0.0,-1,False,56000.0
-245.0663139118273,-126.39184616930179,0.8910456186837885,0.18871452414691167,-0.9902134473196721,0.1395612007218589,0.0,0,True,56000.0
-51.39899082695933,-67.91957888942733,-0.3854159001262226,-0.6663686491143517,0.7592815496737255,0.6507622671334382,0.0,-1,False,56000.0
-88.97905329795877,-18.388589525735295,0.7298369621146287,-0.4679361079446185,-0.9981032087573942,-0.061562851362587656,0.0,5,True,56000.0
-90.45893261110446,-36.16504086516549,0.39878769100020095,-0.6584534684389782,0.4905470026113653,0.8714147337684075,0.0,-1,False,56000.0
210.45750154260764,-235.9360486379404,0.60663826329228,-0.6813225137313027,-0.943034424175841,-0.3326951680128011,0.0,5,True,56000.0
227.58417774518978,-14.104968742029062,-0.48031982889817426,0.6015691602466179,0.9096269268008778,-0.41542611140662655,0.0,-1,False,56000.0
-6.668244387628631,61.86574736099864,-0.6996806588016005,-0.3209977699167874,0.7367657622241145,0.6761480692969158,0.0,-1,False,56000.0
-131.93423404804122,56.73323750639864,-0.40246887936865305,0.8660254037844385,-0.04735319155697998,-0.9988782084162956,0.0,1,True,56000.0
-121.58591602970351,-14.972453602601593,0.025511491636206474,0.7693775122702041,-0.973029247483339,-0.23068177982163252,0.0,-1,False,56000.0
99.4957860129502,-193.47533464286082,-0.6995348387315292,-0.32131542445616523,0.9667170995269682,-0.2558477075953298,0.0,-1,False,56000.0
117.46372938624634,236.2990647892885,0.9820893568632415,-0.031022143909100287,-0.05168195043429713,0.9986635950103107,0.0,5,True,56000.0
-88.86579214830378,-169.72432393423674,-0.5408908964297023,0.7952002936011575,0.9446616852839916,-0.32804618631537136,0.0,2,True,56000.0
-9.94920933319646,82.22979546091437,0.3393922460712371,0.8660254037844386,-0.7833121882685232,-0.621628519060753,0.0,1,True,56000.0
31.050508564633795,-66.49261929613115,0.3644325119631122,0.8660254037844385,0.9831263750504096,-0.18292766515721678,0.0,1,True,56000.0
-104.76659638659613,-153.17563702305145,-0.7422366393862669,0.446459236912684,0.5177273901651254,-0.8555456442951952,0.0,2,True,56000.0
-119.35611994650941,56.61978643437864,-0.7697672647311051,0.007137978774485557,0.9992676184921973,-0.03826521439310672,0.0,-1,False,56000.0
-11.604264474878683,-23.014164939831055,0.05447664308154134,-0.8660254037844387,0.39666644701365505,0.9179628150492195,0.0,4,True,56000.0
-106.63426637467114,-76.07521794784013,-0.7659760464547523,-0.4053413777285074,0.5383319758711332,0.8427328661885406,0.0,3,True,56000.0
46.458896719656884,-63.95743723066919,-0.8644667133285103,0.2347505386318183,0.9231155733386678,0.3845226108557134,0.0,2,True,56000.0
91.00613470236681,15.416890619082206,-0.3983711088553489,0.6587055884247166,-0.4514712963618562,-0.8922856429198851,0.0,-1,False,56000.0
-122.5424510755589,52.2059181147882,-0.22683209965065249,-0.7356220436886518,0.8762277932346934,0.48189714085348634,0.0,-1,False,56000.0
-140.20184265760054,133.12206593724324,-0.7791062042227229,-0.38259927736298766,0.516166487305667,0.8564882704288566,0.0,3,True,56000.0
30.522464336830744,-103.75261263627958,-0.6835834632741842,-0.5480495179640966,0.989690477100021,0.1432227619382974,0.0,3,True,56000.0
157.21473848158777,-90.45482043336754,-0.6511994161883299,0.6041403328714994,0.6786554941643119,-0.7344567517834373,0.0,2,True,56000.0
70.40140046649785,38.980040270486874,-0.12839122652858892,-0.8660254037844387,-0.9904517748090542,0.13785964520945426,0.0,4,True,56000.0
45.928542766446945,50.42864695527671,0.6531831905173592,0.6007043349428692,0.1769471882444878,-0.9842203475705886,0.0,0,True,56000.0
-108.29288072475171,261.6390282606433,-0.12155513501023874,0.8660254037844386,0.15483872645350552,-0.9879397596968571,0.0,1,True,56000.0
215.56933960145238,-173.49339807425596,0.2913639556839578,0.8660254037844386,-0.8783417462770187,-0.478033238119089,0.0,1,True,56000.0
-104.76191446324351,159.08294082906292,-0.9631694446627076,-0.0637923931151671,0.600443400347161,0.7996672576636338,0.0,3,True,56000.0
107.5677337588057,-221.0391650422114,0.7547068577552279,0.15169097352783564,-0.9448835097170343,0.32740670894845936,0.0,-1,False,56000.0
125.14228523155313,159.00660205956882,0.41848415420723273,-0.8660254037844386,-0.46187611158695435,0.8869444500897414,0.0,4,True,56000.0
-40.026391547674336,-76.14989874540231,0.6068147414947622,-0.6810168445181747,-0.2947565650365994,0.9555723768336484,0.0,5,True,56000.0
-127.88396660789743,-79.7784269562844,0.0007636523059088018,-0.8660254037844388,0.929797243842196,0.36807211975787957,0.0,4,True,56000.0
-199.59636521799845,97.41463757762152,-0.45938632358064446,0.617702839802159,0.13582965457400709,-0.9907322064705195,0.0,-1,False,56000.0
32.78021799713508,-155.1074370039289,-0.463443055177636,-0.8660254037844388,-0.9365505263682217,0.3505326112631398,0.0,4,True,56000.0
-154.34915368317544,-100.81251994427714,-0.5643593625988538,0.7545517178204758,0.9928674586973936,0.11922335953734667,0.0,2,True,56000.0
30.792721330746307,41.69066185707616,-0.45709105157135654,0.6194032314784803,0.7262121879557522,-0.6874706234190555,0.0,-1,False,56000.0
-170.50945325534923,-75.71313168655269,0.2210363461499005,-0.8660254037844388,-0.6362903850126544,0.7714496392766621,0.0,4,True,56000.0
93.81617756153113,155.81350255217464,-0.28576254400800427,0.7147953280727748,0.9579053042665496,-0.28708435704095786,0.0,-1,False,56000.0
166.9521038157723,277.3386102860264,-0.5474003984684523,-0.7839255053380694,0.9986727515153934,0.05150471221570165,0.0,3,True,56000.0
17.391614934174825,-73.85095649327802,-0.0774471480820655,0.8660254037844386,0.6087647996819526,-0.7933507538711246,0.0,1,True,56000.0
-164.89693782339546,163.80867947586884,-0.9775856534062991,0.03882278711874859,-0.1732646559006391,-0.9848753012514988,0.0,2,True,56000.0
189.70932466079483,-94.26447032678207,-0.8899735284287026,0.19057143893902012,0.8814572170549981,0.47226388227479343,0.0,2,True,56000.0
-13.175078502886876,35.795146927144664,0.19505068371660778,0.8660254037844386,-0.46487708539097905,-0.8853752286336546,0.0,1,True,56000.0
-210.06511637641532,-285.5551146444791,-0.7692143362585221,-0.030031608131327114,0.9635898907172369,-0.26738459661529485,0.0,-1,False,56000.0
-95.63810687788356,193.64949824963776,-0.1054971640276888,0.7625371735035003,-0.8876421377433186,-0.46053385901815574,0.0,-1,False,56000.0
-13.761872009735836,124.15189791928776,-0.7569858342216679,0.4209128820870372,0.7070207637453924,-0.7071927881650142,0.0,2,True,56000.0
-120.37129227383056,-78.75580334424738,-0.6412672996900376,-0.6213432632732349,0.9177643114679848,0.39712550735926133,0.0,3,True,56000.0
73.3991968562833,-67.1525993757244,0.8482620200712124,0.26281789067452715,-0.9159657506745011,0.4012564561360717,0.0,0,True,56000.0
15.319437790011543,-289.8212282504665,0.5456165949372256,0.7870151436848746,-0.3117283870666502,-0.9501712544044312,0.0,0,True,56000.0
-53.244014903582105,65.61721347161807,0.43514675991641283,-0.8660254037844387,0.6492006453527757,0.7606171981181994,0.0,4,True,56000.0
248.60149276304554,15.502489582401715,-0.10016158087506766,-0.8660254037844388,0.9021350064092577,0.43145385640953215,0.0,4,True,56000.0
-91.4716441543625,-181.51397623194194,-0.6304850090010846,-0.4416800267359784,0.06483218260652396,0.9978961810218724,0.0,-1,False,56000.0
198.38529638819205,56.79161527277653,0.20563751165199676,0.7418259946875462,0.5402109188065634,-0.84152965675714,0.0,-1,False,56000.0
-57.80781471812823,33.54030256885716,-0.6864384408227546,0.5431045517955043,0.6331594579644312,-0.7740213826438158,0.0,2,True,56000.0
113.82420708752092,264.38146580715073,0.03704579696051155,0.768908448074381,0.9101708549928215,-0.4142330439755256,0.0,-1,False,56000.0
14.427634606018172,34.473072560548495,-0.55983663967155,-0.5283706364606757,-0.35254221521230394,0.9357959107053063,0.0,-1,False,56000.0
194.88161322580555,34.19994955589415,0.6826098401227618,-0.3558600831228054,-0.8855201835146509,0.4646009089400101,0.0,-1,False,56000.0
9.38838871187027,164.78616622700855,0.19647127913858575,0.8660254037844385,0.9731961782439202,-0.22997651760813115,0.0,1,True,56000.0
172.10195331366458,198.35223099363355,-0.7675016849332232,0.05944540535025304,0.8596650664545884,-0.5108580757092924,0.0,-1,False,56000.0
-159.3291080224257,241.94154273406323,0.1992825897076488,-0.8660254037844387,-0.12007113198924951,0.992765291124966,0.0,4,True,56000.0
-170.8227821823757,-238.9074346233679,-0.7427914461899654,0.20212238881334263,0.988639386497812,-0.15030689759566596,0.0,-1,False,56000.0
-2.1865039443252603,88.61980870821343,0.2358139222129667,-0.7327921851951815,-0.5373394799530954,0.8433660434730148,0.0,-1,False,56000.0
144.85353131422906,-317.3336672787392,-0.8226945176662211,-0.30710210386261066,0.9285200383954828,0.37128228923249074,0.0,3,True,56000.0
138.28261292832698,96.48971973041986,-0.42829212424668905,0.8660254037844385,-0.06803912653242666,-0.9976826535829841,0.0,1,True,56000.0
-99.62718160317884,-50.17226330252293,0.7271962149366933,0.2525435755950621,-0.8220459261593022,0.5694211932169297,0.0,-1,False,56000.0
40.61896067572376,-100.2931452055949,-0.5587349206965901,0.7642935369594156,-0.28813719490450285,-0.9575891378416161,0.0,2,True,56000.0
22.387927316642983,-5.400525134143431,0.6006104080738519,0.4815181515851229,0.05911584257517216,-0.9982511293037293,0.0,-1,False,56000.0
-23.330761361725163,-254.11256758449102,0.5195257468049026,-0.8322058182626214,-0.7249065341985146,0.6888472375468209,0.0,5,True,56000.0
16.387341982437974,-16.032074261585723,-0.7062696168193241,0.30622838038052147,0.9775458165038917,-0.21072298554114777,0.0,-1,False,56000.0
-86.23306323606772,30.595662914782622,0.5287485291361891,0.8162314906776851,-0.9248578152111699,-0.3803130574178014,0.0,0,True,56000.0
57.324095457692486,76.68241114251826,0.11752198238467612,0.8660254037844386,0.8791560360503283,-0.47653401166750525,0.0,1,True,56000.0
32.91383819047443,259.58445450235286,0.1674698661186286,-0.7513630524152761,-0.7703268855516108,0.6376491899124763,0.0,-1,False,56000.0
214.38242257641434,-51.91607502033954,-0.09906329447239992,0.8660254037844386,-0.5733757918676797,-0.8192925004537955,0.0,1,True,56000.0
131.19844184579136,-139.39882982255423,-0.872662518754021,0.22055498722588482,0.9970122814730176,0.07724319123129719,0.0,2,True,56000.0
-41.221402591759684,-133.99453251822237,-0.6982546248543072,0.32408806127681256,0.15100129749458552,-0.9885335645058639,0.0,-1,False,56000.0
-105.4716042727659,-3.5487922672510477,-0.5550380760737569,0.5334091550591673,0.9786370334254035,-0.20559561475836424,0.0,-1,False,56000.0
-48.158505361370565,77.02097846024667,0.30242916765458216,0.8660254037844386,0.7478908635989854,-0.6638217050871738,0.0,1,True,56000.0
-255.84705992881285,210.07173619355078,0.8825424129142851,0.2034425085669046,-0.3298897720936526,-0.9440194586276858,0.0,0,True,56000.0
-165.54287987077834,224.30939036884044,-0.8176422872172358,0.31585282369180046,0.9036208382968761,0.42833325880134016,0.0,2,True,56000.0
-97.12649163249894,-136.45682722333356,0.9320315109369987,-0.11772487637080738,-0.7940011570062433,0.6079162464290434,0.0,5,True,56000.0
-252.5552670559345,357.6712727604918,0.4343736418890489,0.6355408183780461,-0.9997358752670235,-0.022982160553495556,0.0,-1,False,56000.0
18.224270375728587,142.88183497665014,-0.7427354437313466,-0.4455952824439699,0.9327723659132792,-0.3604659670317924,0.0,3,True,56000.0
-31.311924143022367,52.83885471945555,0.0022592165054885725,0.8660254037844386,0.29171092562943596,-0.9565065268298056,0.0,1,True,56000.0
237.1958121576155,14.131320484418442,0.7272416547154371,-0.4724313122212777,-0.9316362629982057,0.3633921758463509,0.0,5,True,56000.0
143.610210222909,140.60067617427555,-0.16715536550620813,0.8660254037844386,0.827758153216898,-0.561085055746898,0.0,1,True,56000.0
-130.2137385642841,-303.1460289819324,0.9330066612187742,-0.11603586653775719,-0.9190502592732166,0.3941403568902512,0.0,5,True,56000.0
126.37835898003006,104.21368427503752,-0.019840685163965255,0.8660254037844386,0.8547502227293825,-0.5190395521959801,0.0,1,True,56000.0
-65.49558084371516,46.039311955967946,-0.8799696295328014,-0.2078987001005024,0.481995350032542,0.8761737741719083,0.0,3,True,56000.0
91.4395476358715,23.517487556859418,0.9804541403804227,-0.0338544219387161,0.17298549556948695,0.984924371879507,0.0,5,True,56000.0
116.65629998516874,126.8451485098668,-0.15869986769932726,-0.8660254037844387,-0.43648063981497975,0.8997136494831796,0.0,4,True,56000.0
112.45990342360717,108.22186379925333,0.6220139845949889,0.6546909832319915,-0.6636559418916982,-0.7480379607958071,0.0,0,True,56000.0
-26.664830125730326,-104.63101890961048,-0.5511554106212823,-0.7774216335063296,0.42015559562339605,0.9074520788812894,0.0,3,True,56000.0
-28.69191189259363,69.31764795291954,-0.5333300632914966,-0.8082960407440809,0.8369303850282088,-0.5473093554985476,0.0,3,True,56000.0
202.40850958253478,-47.11333654308157,0.6699558799976811,0.37914602918812806,-0.9984706321047929,-0.05528468887395638,0.0,-1,False,56000.0
311.35312574355703,191.8671421280457,0.7696288934453519,-0.01624681404692893,-0.8174406888376071,-0.5760127778377805,0.0,-1,False,56000.0
-48.98017249774562,89.00722305822573,-0.6782606633380911,-0.5572688778919341,0.8343205274593024,0.5512796544946457,0.0,3,True,56000.0
-201.12672599852058,85.92889493213917,0.5837742063853034,0.7209242219613322,0.07274077083412583,-0.9973508812139011,0.0,0,True,56000.0
-40.1562088038664,-190.2726566601378,0.6912351668667137,0.33880161847213597,-0.7981513309731497,0.6024570132926084,0.0,-1,False,56000.0
-35.45966356299532,-98.6396822839907,0.7500984657637505,-0.17304590215159674,-0.967006638448733,0.2547511750624793,0.0,-1,False,56000.0
139.67844570681945,-75.34154806008617,0.5578249399289108,0.7658696698829469,-0.9821848892264142,0.18791711836566566,0.0,0,True,56000.0
-33.50281987084838,-27.048000239784123,0.7697518323516392,0.008643447453784321,-0.9981040381492623,0.06154940316340664,0.0,-1,False,56000.0
32.61129215883499,52.218891124989796,-0.62559407246552,-0.6484900891446709,-0.0943548830044274,0.9955386260978661,0.0,3,True,56000.0
67.4093620941748,109.33544897414576,0.5925555038318427,-0.7057145686275514,-0.7529030354289852,0.6581314604555965,0.0,5,True,56000.0
-66.63610360539461,53.38036251699646,0.6022912451412515,-0.6888517700303083,-0.5984797611223639,-0.8011379254077345,0.0,5,True,56000.0
11.912711654720715,25.35366326459091,-0.48386895232240057,-0.5987181553711352,0.4725212190400251,0.8813192937616346,0.0,-1,False,56000.0
-241.5757396734629,-19.313765782506042,0.2964714551889176,-0.8660254037844387,0.06589017039988981,0.9978268815001199,0.0,4,True,56000.0
81.60351413757257,-103.06730344230007,-0.2454806030201482,-0.8660254037844387,-0.39583102127217984,0.9183233649418459,0.0,4,True,56000.0
119.91232511550949,100.28853968777537,-0.8930788410513081,0.18519287970328258,0.4430410394427473,-0.8965013314932678,0.0,2,True,56000.0
-237.11965999070662,245.693780968668,0.7620997658146462,-0.10861187567597591,-0.5202115040253158,-0.8540374646814092,0.0,-1,False,56000.0
146.32875035939495,-73.41899727659953,-0.9714441244423044,0.04946022732054336,0.6000757429678228,-0.7999431871710146,0.0,2,True,56000.0
-298.4106796540478,-117.08378014705781,-0.891842305998092,0.1873346212407927,0.24778420245393373,-0.9688152501968165,0.0,2,True,56000.0
-51.63328278964695,28.96983615452092,0.9216133169256773,0.13576971772152685,-0.9623939970820286,0.27165749461421146,0.0,0,True,56000.0
194.69795799324473,250.786639935328,0.5022441461433985,-0.8621384286444629,-0.5315453139594145,0.8470298573293649,0.0,5,True,56000.0
181.95545286583013,-272.3519998722559,0.3813688191434188,0.8660254037844386,-0.7343365636702924,-0.6787855414316634,0.0,1,True,56000.0
78.1208665195771,30.216872638824125,-0.568830607328243,0.5186755563540416,0.9891311025912501,-0.14703626044694268,0.0,-1,False,56000.0
-95.23701516620217,-139.90432249882326,-0.5896900097025572,-0.49483157240579373,0.6332774969578124,0.7739248102021676,0.0,-1,False,56000.0
180.74919574559178,-55.57357086266179,0.9853769419971344,-0.02532787942298912,-0.6692066271351822,0.7430763690214406,0.0,5,True,56000.0
76.33879851778386,115.77708298193748,-0.6096487447445154,0.6761082069007873,0.05583788910888482,-0.9984398480326604,0.0,2,True,56000.0
187.17801425960036,45.51659883659376,0.5401479484180057,-0.7964871173047986,-0.4798384692360283,0.8773568506832313,0.0,5,True,56000.0
-40.585222402138946,-97.15314776327969,-0.5273632351333142,0.8186308902740843,0.8890387970190649,-0.45783186585738533,0.0,2,True,56000.0
-206.85640393566845,135.6483650653233,0.46740976751874885,0.8660254037844385,-0.4745134678306978,-0.8802482427400108,0.0,1,True,56000.0
-143.99014865008036,245.05173250859136,-0.6460682503205856,-0.613027772856496,-0.0252637282467289,0.9996808210797825,0.0,3,True,56000.0
-91.17021273986371,-79.3551216320907,-0.9031301749289109,-0.16778345874343567,0.9951926337657938,-0.09793682503461049,0.0,3,True,56000.0
-41.17271963945719,-109.81346757616225,0.9283373219164822,0.1241233994471059,-0.9966412653340906,0.08189131964294982,0.0,0,True,56000.0
63.104670494308564,-221.8596540052694,0.9719608081247435,0.04856530493111713,-0.9952489958976939,0.09736239604823954,0.0,0,True,56000.0
71.24557664422828,-29.79425523393113,0.1761377719030556,-0.7493784610606443,0.8687055001876275,0.4953289350960169,0.0,-1,False,56000.0
177.08494748805717,-127.74206716390111,-0.5253774218444007,0.8220704197848283,0.5950471967595324,-0.8036907574610059,0.0,2,True,56000.0
77.54351637500201,-32.29839206654282,0.329478721451983,0.8660254037844385,0.11896934579599083,-0.9928979276645398,0.0,1,True,56000.0
0.9420566506862847,132.95546218542032,0.7792580521633529,-0.3823362690147916,-0.9391070054190995,-0.3436248424845596,0.0,5,True,56000.0
289.8673612049171,-242.74980655404514,-0.6774019286135969,-0.36567638658132096,0.7258683176547165,-0.6878336902367569,0.0,-1,False,56000.0
-194.48837527006503,-52.83358968710053,0.010531220792644791,-0.8660254037844388,0.9124625020092323,0.40916033828651327,0.0,4,True,56000.0
49.65285973238628,-120.90269044635754,-0.34747829668885283,0.8660254037844386,-0.09369576701913257,-0.9956008754729047,0.0,1,True,56000.0
70.3693338482628,-129.7283829889781,0.6646907020102495,0.38830254087980676,-0.17727065016240146,-0.9841621393808064,0.0,-1,False,56000.0
69.49507575904202,-91.24304712280585,-0.031930929234057825,0.8660254037844386,-0.9694968079111472,-0.2451039360143341,0.0,1,True,56000.0
293.73485483755496,30.66098221341221,0.5160650256750652,0.8381999630903275,-0.5086565098725873,-0.8609695435750864,0.0,0,True,56000.0
-90.51529125089964,-76.51003058239696,0.48712104142397283,-0.8660254037844387,0.9754924376212053,0.22003296149307838,0.0,4,True,56000.0
150.04047594456767,74.77474385566362,0.1622492109634234,-0.752507665166501,0.0051515399014163965,0.9999867307301068,0.0,-1,False,56000.0
20.817908984612583,56.24413069399667,0.9433994553193401,-0.09803501912297519,-0.9998319439917117,-0.01833258774611196,0.0,5,True,56000.0
16.677556907980673,17.757946634125155,0.6454151270066528,-0.6141590156198345,-0.5654406804105647,-0.8247889650913334,0.0,5,True,56000.0
-331.5367754515986,130.8949474895587,-0.762529484424962,-0.10555272604340413,0.7702522238503613,-0.6377393759625833,0.0,-1,False,56000.0
-6.910855208560714,-132.09973190495592,-0.8803327275383203,-0.20726979590681724,0.9250187564820203,0.3799214394531138,0.0,3,True,56000.0
75.00943567429815,-413.37591696555415,-0.6197560101316838,0.658601909724629,0.4634302657078151,-0.8861333922303203,0.0,2,True,56000.0
-121.22762105156582,161.5533629857214,-0.5283947499665783,-0.5598138804998939,-0.6155410109067817,0.7881048558989773,0.0,-1,False,56000.0
166.08568914074132,-112.76037619249497,-0.48233890716093614,0.8660254037844385,-0.5547679059790185,-0.8320051505220799,0.0,1,True,56000.0
39.90339170767162,69.76116605305798,0.858361789572665,0.2453245767532768,-0.8115490213950673,0.5842843364941502,0.0,0,True,56000.0
148.66562235559886,-87.9735902610777,-0.5830189849921779,-0.7222323037851885,0.9874735492168343,0.15778463042013027,0.0,3,True,56000.0
-386.3115267559696,193.69502554953016,-0.46679913904250003,0.8660254037844384,0.4711417439769403,-0.8820575134774558,0.0,1,True,56000.0
-53.192120154829595,-2.92777480605961,0.14983546984410936,0.7550774295191105,-0.88531945055103,-0.46498330128693227,0.0,-1,False,56000.0
201.8759293395975,54.72206162200076,0.15506340220033024,0.8660254037844386,0.20493979842012836,-0.9787745802906135,0.0,1,True,56000.0
147.57688478458275,30.394285352502287,0.7103122009091365,0.501753986358181,-0.5038835901020123,-0.8637715714385867,0.0,0,True,56000.0
148.11513844845905,160.9427035461672,0.760630459351315,0.4146002061879462,0.18840814547106433,-0.9820908159227328,0.0,0,True,56000.0
113.83619157623654,-3.7302588021984726,0.1742694070248053,0.8660254037844386,0.12404601043540603,-0.9922764671676357,0.0,1,True,56000.0
36.68733024356714,-101.8492565399831,-0.2475894633056011,0.8660254037844385,-0.9267373002545861,-0.3757099630253529,0.0,1,True,56000.0
-101.97449367087549,-38.71217702650758,-0.7436615222273284,0.1988972924680605,0.0969623517072643,-0.9952880499387909,0.0,-1,False,56000.0
-46.626098347892125,35.92979495276939,0.9387433286363146,0.10609966710445325,-0.9998814652061137,0.015396607970377951,0.0,0,True,56000.0
36.34992778813046,-158.48988099742394,-0.5293326658881574,0.5589271163723661,0.3221867146561523,-0.9466761436197355,0.0,-1,False,56000.0
-311.96694773648983,-12.178937047907212,0.9638928993118491,-0.0625393329058819,-0.7649500377230849,0.644089620927921,0.0,5,True,56000.0
0.9593071099454769,60.90546662054513,-0.6149848543964125,0.6668657938689425,0.2440602830767048,-0.9697600621927722,0.0,2,True,56000.0
-218.06576101616832,-122.15828993242806,-0.728781648815072,-0.46976396419735383,0.7820323348099647,-0.6232378577327247,0.0,3,True,56000.0
-116.44659137521629,-87.53395122329282,-0.9628217962763038,0.06439453778358885,0.9999585643959382,-0.009103268144055071,0.0,2,True,56000.0
-172.56508733390032,169.43588624998094,-0.5936364007049747,0.4900902124615783,0.4112127884343087,-0.9115393807333325,0.0,-1,False,56000.0
-28.638715774482122,49.11058831597128,-0.6100144762576442,0.6754747413381189,0.8410021296983516,0.5410318085311706,0.0,2,True,56000.0
-104.83380177290076,93.55588466714681,-0.5131505543381831,0.5738197462400608,-0.4518466477599852,-0.8920956265489012,0.0,-1,False,56000.0
183.29629895510868,-95.3535879906908,-0.9289342876993125,-0.12308942438086322,0.9996528341916981,-0.026347885912490182,0.0,3,True,56000.0
-127.83609296109955,-16.698410612759826,0.6686819665105758,-0.5738596674674893,-0.8682077214216899,0.49620091945041755,0.0,5,True,56000.0
-28.86043887069759,107.28203383896226,-0.7556022902186561,-0.42330925059476054,0.5880603946409799,0.8088170202551236,0.0,3,True,56000.0
-146.11981647920874,87.04903669538574,0.9693628133223046,0.05306516392674144,-0.6901778676392846,-0.7236397660580038,0.0,0,True,56000.0
180.30518123047096,75.84533651160945,0.7299941304567292,-0.24433821250740945,-0.8838176994596034,0.46783145909782264,0.0,-1,False,56000.0
-259.47369342839454,-58.537776300429,-0.19385931022193192,-0.8660254037844387,-0.9663192233081019,0.2573463787676687,0.0,4,True,56000.0
228.31615157692227,8.536136177864847,-0.49733946412327257,0.5875764205770755,0.30718655597682587,-0.9516493155709914,0.0,-1,False,56000.0
158.01865956308978,372.5429159794539,0.9066312921396921,0.16171934585110917,-0.18432542469335816,-0.9828652694094278,0.0,0,True,56000.0
34.14129613569375,-125.40151653968938,0.9716249898924864,0.04914695917149459,-0.040432004216146344,-0.9991822921943126,0.0,0,True,56000.0
-153.23934452353132,-136.58404382185554,-0.3668999369124718,0.8660254037844386,0.33068478964174663,-0.9437412621578236,0.0,1,True,56000.0
-123.61494767896669,-133.87696301359995,0.9249321760204882,-0.13002128514615166,0.32404065827777506,0.9460431553489659,0.0,5,True,56000.0
93.36306690822663,-45.61224655652708,-0.6801503601514701,0.5539958270002605,0.9925322433388031,0.1219825640514769,0.0,2,True,56000.0
47.3465076114074,-172.39800916931688,-0.6543974912330891,-0.5986011044075581,-0.07721952001114202,0.9970141151101767,0.0,3,True,56000.0
40.93351694927763,-5.201188574808107,-0.46699608068373144,-0.8660254037844388,0.38533466605473293,0.9227768934775208,0.0,4,True,56000.0
-51.95005964693052,285.9872724679931,0.622414816396677,-0.6539967221861787,-0.39172960954545494,0.9200803839909596,0.0,5,True,56000.0
49.58003941973043,190.0716960314593,-0.6159384777156863,-0.4617492655780572,-0.25653455723273716,0.9665350593459863,0.0,-1,False,56000.0
165.31093563651174,1.3472558680262459,-0.769332657778034,-0.026830100051599845,0.8462870490289218,-0.5327271634199974,0.0,-1,False,56000.0
-87.8396718136737,193.7933849032144,-0.1918406143861895,0.8660254037844385,0.8248069130896925,-0.5654144993887834,0.0,1,True,56000.0
150.50657758017405,-183.8681101902612,-0.13343647408820403,-0.8660254037844387,-0.5443425263617756,0.8388630484135641,0.0,4,True,56000.0
47.591699897933395,21.664589854643683,0.2794197906792872,-0.7172985244438579,-0.9334755212676433,0.3586411175447603,0.0,-1,False,56000.0
-9.61848793051331,-121.42864062628469,-0.7969812359683756,-0.35163881419261067,0.6630824528656253,0.7485463650979235,0.0,3,True,56000.0
-246.43544181353806,-24.363152744606428,0.1373716187887041,0.8660254037844386,0.3385373555638874,-0.9409529525366697,0.0,1,True,56000.0
-144.95672917727018,262.77603963054355,0.6401978818336783,-0.6231955493349699,-0.6514350292769138,0.7587044237583933,0.0,5,True,56000.0
38.79632818885613,243.44043742176402,-0.7287940174775236,0.24789488232225235,0.9465648142399481,-0.32251364690897877,0.0,-1,False,56000.0
-22.406470422948512,-24.422641087437917,0.6932633843892132,-0.5312834027796074,-0.7438738968260653,-0.6683200024093985,0.0,5,True,56000.0
64.11544619092687,188.82150604145016,0.6364045682762988,0.43310716695715173,0.36770555998680166,-0.9299422676458748,0.0,-1,False,56000.0
282.0634466946824,132.94284878144904,0.9679653529481147,0.055485636296401936,0.23446275630455282,-0.9721251030118638,0.0,0,True,56000.0
76.95733962640523,134.71451676333476,-0.643555977502323,0.4224077371611723,0.2846660896539793,-0.9586267351794421,0.0,-1,False,56000.0
8.61953102855048,130.42453573118993,-0.028262891843136323,0.7692813539513716,0.8577154916918495,-0.5141246301351087,0.0,-1,False,56000.0
-21.730315440461272,174.88625173754644,0.4531911657152107,-0.8660254037844387,-0.5066630127574783,0.8621441825489805,0.0,4,True,56000.0
-147.10023635281397,-65.91293066615229,0.24978944058967756,0.8660254037844385,-0.3837105796622254,-0.9234534049182096,0.0,1,True,56000.0
134.87214313508866,68.01442417871395,-0.04053073787006893,-0.8660254037844387,-0.0422491429750373,0.9991071063291977,0.0,4,True,56000.0
-220.01068496740461,291.2908810639367,0.4912450835037327,0.8660254037844386,0.9327403101978814,-0.36054890615792934,0.0,1,True,56000.0
-105.90520247697633,49.210900615143174,-0.11390237179547347,0.8660254037844386,0.8615184611140775,-0.5077262462777492,0.0,1,True,56000.0
-207.4632398875503,-58.109371678039054,-0.3809931081043717,0.6689072014633741,0.09146686524166919,-0.995808120353769,0.0,-1,False,56000.0
-46.773236593793605,-34.829154205917156,0.7247372097635769,0.25951602913249405,-0.9937183775890995,-0.11190972272896127,0.0,-1,False,56000.0
153.6365446094848,158.15768883719645,0.28668609014266705,0.7144254182987213,0.5798928042947122,-0.8146927859793751,0.0,-1,False,56000.0
-265.6060286179142,57.510465443796086,-0.39776782287566104,-0.6590700658331775,0.8379176441919866,0.5457966851780974,0.0,-1,False,56000.0
-289.2223745456129,-299.7137365717817,-0.7206849921113437,-0.4837877849796544,0.7709307470172992,-0.6369189770315982,0.0,3,True,56000.0
47.49722879283698,-50.111580839389084,-0.25421538435004354,-0.7266134673623604,0.8144375057594045,0.5802512810946849,0.0,-1,False,56000.0
25.712954411543485,87.68987517585312,0.5289899144984191,-0.5592515202943553,-0.2599796370289117,0.9656140990737091,0.0,-1,False,56000.0
-122.03257106798516,-247.0433677247341,-0.9413275550406998,-0.10162365567379655,0.7824073852449176,0.6227669576284979,0.0,3,True,56000.0
100.23319672993497,56.358377805628045,0.5105199512591724,-0.8478043137104033,-0.5929184882970957,0.8052624828186206,0.0,5,True,56000.0
42.69386279950077,-8.253545417634507,-0.17344136608354477,-0.8660254037844387,0.5583356693348036,0.8296151398980486,0.0,4,True,56000.0
-158.32630997148303,243.23275466298742,0.3788492101026716,0.8660254037844386,0.5581333201471945,-0.8297512861942729,0.0,1,True,56000.0
-51.483115317441985,-175.8338855444135,0.9713238030260848,-0.049668630126673996,-0.9997836604499026,0.02079981483393112,0.0,5,True,56000.0
-10.977841904965349,143.7062480202006,-0.9349069785060329,0.11274442044572408,0.10936486144200158,-0.9940016735808354,0.0,2,True,56000.0
-0.6974177568957897,-144.5087792077621,-0.0689450871585211,0.8660254037844386,0.7598378215883083,-0.6501126709145113,0.0,1,True,56000.0
-250.55531845872017,27.315422559106622,-0.34922580275135345,-0.6860276461522998,-0.8548032229287131,0.5189522618413615,0.0,-1,False,56000.0
-53.26143040580829,5.544341708139981,0.6941339930932113,-0.529775464270771,0.005461967108123855,0.9999850833461484,0.0,5,True,56000.0
210.04629457937327,-76.71697763424234,-0.35481721878723466,-0.8660254037844387,-0.9014531836966145,0.4328766078257611,0.0,4,True,56000.0
103.14761606939469,-142.75268121405992,-0.27140194617382796,0.7203704437340909,0.8896573868222355,-0.4566286610280913,0.0,-1,False,56000.0
163.55173540824967,59.55982259930124,0.24163354020859987,-0.8660254037844387,0.2655936641551912,0.964085061371803,0.0,4,True,56000.0
-166.04372368433124,-15.154463622539163,0.8724864929023161,0.2208598729444838,-0.8706706147727534,0.4918665271909918,0.0,0,True,56000.0
222.21022666120956,-62.08994669407641,-0.1787799062430167,-0.8660254037844388,0.994853320605732,0.10132556676051899,0.0,4,True,56000.0
93.4721334379141,46.7823486695133,-0.7689839998653261,0.035442919514572735,0.9726301472168914,-0.23235876726420224,0.0,-1,False,56000.0
7.167849510580538,127.12812133620332,-0.6116191545164985,-0.6726953570639824,0.9863255173500083,0.16480890092438483,0.0,3,True,56000.0
-61.47350855422832,76.21134604422625,0.951351162382606,0.08426225848249505,-0.9126030320445659,-0.40884680003990015,0.0,0,True,56000.0
42.39493964869319,109.2432119648486,0.5964718228414203,0.4866353430946273,-0.7438787752835923,0.6683145724001022,0.0,-1,False,56000.0
-1.0647862290089423,22.462183773016612,-0.33366402101803116,-0.6937297122587955,0.7220145638830069,0.6918778573855255,0.0,-1,False,56000.0
-65.20768040955396,108.66131459135786,0.6343028555673513,0.6334060343402013,-0.41199175056776244,-0.911187575345328,0.0,0,True,56000.0
-268.25031851101687,122.50096326591523,-0.5240920894359009,0.8242966808209646,0.7992416824653392,-0.601009761160098,0.0,2,True,56000.0
-86.25928563389361,81.78746833150205,-0.22839680073703053,-0.735137738118294,0.8531350269786161,0.5216901625886919,0.0,-1,False,56000.0
-75.62131157495267,-126.4350905238768,-0.8268733682464764,0.29986412234037046,0.96720450612068,0.2539989042091512,0.0,2,True,56000.0
49.152310036517584,40.557137351430455,0.42528884843276415,-0.8660254037844386,-0.5944264788624265,0.8041499619019077,0.0,4,True,56000.0
41.33354195728217,-56.882714690285866,-0.622195874546794,-0.45328234720706084,0.4623049711142836,0.8867209897609533,0.0,-1,False,56000.0
-118.28821507890378,-8.937509791271786,0.19337246721246504,0.7451172266944017,-0.8751461974901615,-0.4838585878313282,0.0,-1,False,56000.0
-262.08944967619146,5.800423569939555,0.4955783314982823,0.8660254037844385,0.2140136560922768,-0.9768306685427129,0.0,1,True,56000.0
-102.56185892129983,99.73102646641266,0.5585879646869852,0.5296905495659174,0.2103619381947533,-0.977623575287812,0.0,-1,False,56000.0
196.12658428201743,-22.717374234589084,0.5017263387949817,-0.5838349711622074,-0.9851826408502196,-0.1715084959030883,0.0,-1,False,56000.0
17.82951937365763,163.15345487621227,0.5087457406043252,-0.5777286248833002,-0.5876894778894534,0.8090865698907489,0.0,-1,False,56000.0
40.842364039016346,-147.84385897457148,-0.6836257359841761,-0.5479762994826172,0.7743321882082864,0.6327793156418982,0.0,3,True,56000.0
-123.91143210887122,110.81120081219244,-0.3360912023990851,-0.8660254037844387,-0.37924689672203815,0.9252955156739584,0.0,4,True,56000.0
155.17391800354977,40.65168446851403,-0.13409917436919816,0.8660254037844386,0.8146734447318302,-0.5799199759004569,0.0,1,True,56000.0
-40.457803760613224,220.05284276950454,0.39972224578556226,0.657886554670894,-0.3093573883242519,-0.9509458482420691,0.0,-1,False,56000.0
-6.1445879753321515,81.00430492797501,-0.9682865771760368,0.054929259613018894,0.9781399902662524,0.2079474920300839,0.0,2,True,56000.0
197.55568902456403,-31.6812903383664,-0.34141796780131994,0.8660254037844385,0.8637122323663233,-0.5039852970676854,0.0,1,True,56000.0
77.26893353008062,39.66154999206439,0.7697367051724798,0.009899358706868325,-0.9171806404112386,0.3984716713325053,0.0,-1,False,56000.0
-97.54786635747202,-297.87545147594756,-0.5902932923994662,0.4941117500533566,-0.5356480599270309,-0.8444413276812492,0.0,-1,False,56000.0
15.705459261369636,-168.66574481704131,0.4748917924564337,-0.6058633328153371,-0.26374894761143153,0.9645913604389859,0.0,-1,False,56000.0
25.385810571952636,-26.29903343126278,0.6048181536043422,0.4762222103842141,-0.6999797945990893,-0.7141626475479549,0.0,-1,False,56000.0
35.695152975088135,143.4226431555217,-0.34105279201859795,0.8660254037844385,0.00756737045904593,-0.9999713670420438,0.0,1,True,56000.0
160.1389845011722,6.072802783281924,-0.8424551473869678,0.2728756891967223,0.9995146684513465,-0.031151686154212876,0.0,2,True,56000.0
90.53829546789765,19.749346925501243,-0.7205576261496157,0.2709045957347769,0.9986678318951447,-0.05160001489867927,0.0,-1,False,56000.0
-147.70570085048737,-210.7389363402505,0.2729670093263574,0.7197788579918256,-0.617813150496993,-0.7863249398770491,0.0,-1,False,56000.0
-317.45027802631114,101.2540369095129,0.04874739811134081,0.8660254037844385,-0.6859363919441122,-0.7276615052388176,0.0,1,True,56000.0
56.65150640911368,222.01938609166933,-0.74256086645123,-0.20296786003648687,0.5087914110790177,0.8608898303569024,0.0,-1,False,56000.0
26.16864041155399,-104.86253677223668,0.42055533711135495,0.6447680210895597,-0.5850961550928906,-0.8109639260135417,0.0,-1,False,56000.0
-26.60200598855264,26.25567027006778,0.5374769637104713,-0.8011133985244873,-0.8105073648624063,0.5857284451889805,0.0,5,True,56000.0
267.68687907128947,48.572668703867315,-0.03944040140556426,-0.8660254037844387,-0.9368918817173766,0.3496192242593777,0.0,4,True,56000.0
110.10186823643001,-120.75738211574776,-0.9130977133678458,0.15051917574080492,0.9037388395271672,0.4280842322834931,0.0,2,True,56000.0
-21.943042316348777,-270.9297247472883,0.00443598951092769,-0.7697875775755616,-0.7755861434973234,0.6312417397594834,0.0,-1,False,56000.0
-131.64242771439802,-264.6702165281393,0.6628586132703224,-0.3914218330726296,-0.9872768086699362,-0.15901101553728197,0.0,-1,False,56000.0
-84.44402692778239,33.85594903930642,-0.7602760948690894,0.12071806891762227,0.989505525944131,-0.14449503149131454,0.0,-1,False,56000.0
115.72243169127862,-98.43980258383002,-0.20755817588522504,0.8660254037844386,0.6512992626517183,-0.7588209739253501,0.0,1,True,56000.0
-141.65243269244772,250.07457246993388,0.21791163249083584,0.8660254037844386,-0.8102067222586553,-0.5861442375444287,0.0,1,True,56000.0
-112.59413004856854,-30.556144536590793,0.970738525731096,0.05068236013811161,-0.4059226520580949,-0.9139074354363196,0.0,0,True,56000.0
-34.52116973480374,-83.01020248417817,0.4233448370898669,-0.8660254037844387,-0.6027535975159732,0.7979273780746714,0.0,4,True,56000.0
-85.81981381872477,-102.62875763543447,-0.34533460658771464,-0.8660254037844387,0.21704057492246603,0.9761625831986096,0.0,4,True,56000.0
81.0955201586929,76.08409942195694,-0.9392655197275152,0.10519520560323349,0.9733427878625764,0.2293552208159917,0.0,2,True,56000.0
-295.42670688425153,26.05155887728738,0.7629352556186577,0.10257869333680275,-0.38320037426679965,-0.9236652386884177,0.0,-1,False,56000.0
-85.61330072095727,-259.37184307758514,-0.15787301420388994,0.8660254037844386,-0.5624001439150308,-0.8268652115816422,0.0,1,True,56000.0
145.38977256854463,-78.10153000181086,0.6415129909454366,-0.6209177135359082,-0.5661055996275246,-0.8243327301944569,0.0,5,True,56000.0
-70.93914991206455,45.8380062026167,0.8026757136473346,-0.34177568953008636,0.2778199343535323,0.9606331683194125,0.0,5,True,56000.0
-103.81213752648682,-123.30205032870862,-0.04017185450971095,-0.8660254037844387,-0.9711737491949244,0.2383727100035154,0.0,4,True,56000.0
161.99715268876704,-46.861570835324905,-0.75790853314057,0.13478593392970126,0.5670932801023046,-0.8236535750316935,0.0,-1,False,56000.0
34.87085729727461,62.3008974009893,0.3790645615652808,-0.8660254037844386,-0.868578063087092,0.4955523668831795,0.0,4,True,56000.0
29.507874083192064,1.1383963858421813,0.28293058027834445,0.7159210007647154,0.1906513409535295,-0.981657815224962,0.0,-1,False,56000.0
-243.18436051361945,67.5851313779127,0.8822789250386093,-0.2038988829547532,-0.9246763120325996,-0.38075414372717453,0.0,5,True,56000.0
320.2127845085586,-50.58486430105143,0.4957751127597706,0.5888969605632457,-0.02291698098456496,-0.9997373715042213,0.0,-1,False,56000.0
81.44352513423696,-116.07604181508954,0.9981651367197809,0.0031780764262822683,-0.9989991468386903,-0.04472923669240221,0.0,0,True,56000.0
65.51729933735359,241.41469404354294,-0.6942517632282187,0.5295714804133242,0.8171723832191894,0.576393351890465,0.0,2,True,56000.0
51.220477392830844,-88.08069855268471,0.8248288108861824,-0.303405399567388,-0.03997866921651133,0.9992005334302823,0.0,5,True,56000.0
-153.11256150456973,95.26017754179537,0.8883543330619376,-0.1933759675816365,-0.6659044455565994,-0.7460370429056973,0.0,5,True,56000.0
-85.68873671211148,-64.00122646558748,0.26193437221959703,-0.7238666847165423,0.32391623492147914,0.9460857639527046,0.0,-1,False,56000.0
-41.5386784524808,122.58886368808726,0.9822012444012944,0.030828349008459426,-0.7781012926536561,-0.6281388209387779,0.0,0,True,56000.0
-145.19502189418796,48.61952709703607,0.5969520951150298,-0.698099449144957,-0.324194434940081,0.9459904694834587,0.0,5,True,56000.0
-112.25556607614082,-150.5807438226516,-0.20350044962090202,0.7424150857819923,-0.6819743932683988,-0.7313760502819014,0.0,-1,False,56000.0
-27.205970762015028,97.95021484715235,0.44681573589243134,0.8660254037844385,0.26400149826791797,-0.9645222697853807,0.0,1,True,56000.0
19.319801266918432,163.4844121457185,-0.6445023970260154,-0.42096229382251416,0.5227948321769869,0.8524585406039902,0.0,-1,False,56000.0
-9.642739768009728,-159.77166579523958,-0.10416461254821263,0.8660254037844386,-0.6818125952921054,-0.7315268859725236,0.0,1,True,56000.0
86.2235583603389,-76.25134120124439,-0.6793931661569986,-0.5553073254698718,0.13123285232344956,0.991351571578239,0.0,3,True,56000.0
65.16593726416271,-18.318070217655055,-0.5925306866509499,0.7057575532457583,0.6992183496213915,-0.7149081756089324,0.0,2,True,56000.0
-91.81485959060885,103.40604245306889,-0.7670210834347894,0.06535480211211983,0.9744086697516765,0.22478377235102057,0.0,-1,False,56000.0
-51.7390032865673,-253.32519555594044,-0.5173102687996478,0.8360431387307746,0.5293323411782824,-0.8484145641031705,0.0,2,True,56000.0
-58.03421799990784,69.07410491097579,-0.5587919149492472,-0.7641948200180749,0.9385576410844312,0.34512252079764494,0.0,3,True,56000.0
-243.19730028565425,-33.65335824761929,-0.274304144947773,-0.8660254037844387,-0.8373742677248751,0.5466299806558319,0.0,4,True,56000.0
-103.8323805175313,64.59421075224247,0.5934662825206286,-0.49029620037660676,0.32324426853581273,0.9463155619867131,0.0,-1,False,56000.0
-76.78095072448262,-156.87498094088284,-0.974253546137906,0.04459416620387494,0.9551089041316771,-0.29625492611602505,0.0,2,True,56000.0
-28.181740794311473,9.390856160773572,-0.1013530457499919,0.8660254037844386,0.10238382537832791,-0.9947449684720854,0.0,1,True,56000.0
135.36114754748905,-125.37707295363884,-0.14873744271566375,0.8660254037844386,-0.1808241678395378,-0.9835154397998483,0.0,1,True,56000.0
-167.54117514504435,74.29515531108791,0.6443035270259088,0.6160843632641761,-0.20746594475900604,-0.9782422408406213,0.0,0,True,56000.0
65.56007904499698,100.42165332205357,0.5311292228037187,-0.8121080082882665,-0.4946811060312773,0.8690745671892879,0.0,5,True,56000.0
-55.776934875058224,12.72631193350949,0.15645472910145353,0.8660254037844386,-0.8069664085887323,-0.5905973377937579,0.0,1,True,56000.0
78.78738488694991,17.800982066077363,-0.9559779013972587,0.0762485114357549,0.6687260535320618,-0.7435088871876632,0.0,2,True,56000.0
176.98713826320815,82.94152613991204,-0.30492599088861067,0.8660254037844386,0.7985652234742906,-0.6019082852537091,0.0,1,True,56000.0
167.06824656141762,71.92487152040015,-0.5348927720496048,0.8055893497776041,0.9895044163615957,0.1445026297356271,0.0,2,True,56000.0
10.345322546186523,130.16996412001527,-0.9110485548865889,-0.15406842234310206,0.6608365650120768,0.7505298357445428,0.0,3,True,56000.0
-62.8615045011999,-213.1757442955149,0.857171490957622,-0.24738623443070915,-0.7856587461106733,0.6186601123876916,0.0,5,True,56000.0
-129.3823965849535,-73.33242733200326,0.9732871533685575,-0.04626800758045281,-0.6217748238072919,0.7831960600507254,0.0,5,True,56000.0
75.1745676586719,135.81149269687617,0.6790603652709131,0.5558837535133756,-0.4056575320632721,-0.9140251455403327,0.0,0,True,56000.0
141.86492598316218,-93.22797030307663,-0.7149019941668555,0.28549558898316746,0.9630482107050968,-0.26932906240749777,0.0,-1,False,56000.0
-112.73085523987801,163.90676348618626,-0.9934413718491656,-0.011359877185196337,0.2628360491022008,0.9648405108057979,0.0,3,True,56000.0
-157.5391236680371,154.1152467319211,-0.591981244690077,0.7067092146378005,0.9766794623342335,-0.21470264985378967,0.0,2,True,56000.0
-13.631365106111158,-89.46153075385362,-0.7503865412215874,-0.17179240770795173,0.8090238233132169,0.5877758529501511,0.0,-1,False,56000.0
-98.33077220072828,5.1457840838063795,0.7195232930583512,0.2736399520155244,-0.9952243439000361,0.09761406306702236,0.0,-1,False,56000.0
-226.21861435746993,-100.76517953712367,0.2909305643154921,0.7127075131775037,-0.802720092905261,-0.5963559779576573,0.0,-1,False,56000.0
-58.003928037320364,251.17892963504522,-0.7688658274260746,-0.03792007395839441,0.9969751492677691,0.07772098649806088,0.0,-1,False,56000.0
-197.16384933642325,-83.32378013758843,0.937991524644129,0.10740182981625149,-0.5954867148365293,-0.8033651551148534,0.0,0,True,56000.0
39.81597111944768,205.3224751930131,-0.255140034226303,0.7262893056679227,-0.8693965829168865,-0.4941149477724355,0.0,-1,False,56000.0
-111.3975674276074,177.12405866625411,0.520383035700851,-0.5672689738980612,0.5632372950511788,0.8262951951107762,0.0,-1,False,56000.0
58.738961037286266,81.48881892383038,-0.8687719674899249,0.22729361968475076,-0.2854712638670721,-0.9583872690649264,0.0,2,True,56000.0
-61.40131051775485,32.42624386906433,0.5145557756074532,-0.8408140608887579,-0.9350099748657448,0.3546214134838607,0.0,5,True,56000.0
154.55277814431452,145.35162775080894,0.7473107755228989,-0.18471382563293906,-0.6972203617001484,-0.7168568666269975,0.0,-1,False,56000.0
120.01508048585653,-67.31130334537666,0.9547155278921657,0.078435006484705,-0.843335388593561,0.5373875904273729,0.0,0,True,56000.0
30.523369883889675,-8.622243830151358,-0.8446600536130704,0.2690566795871881,0.935610059544026,0.353035149071144,0.0,2,True,56000.0
13.99264498587765,204.90833084083917,-0.42036139607750866,0.8660254037844384,0.42998548952501137,-0.9028357983585279,0.0,1,True,56000.0
-162.45305795622033,13.9536425700495,-0.5149349776588864,-0.5722189802654526,-0.06864963603600116,0.9976408308964407,0.0,-1,False,56000.0
316.1079371002055,-160.72459587566127,0.1357063592251594,0.8660254037844386,0.5185019041593696,-0.8550764734120166,0.0,1,True,56000.0
-45.99499156907225,-91.30493188197153,0.1470601039566181,0.8660254037844386,0.6044407059712777,-0.7966501320935369,0.0,1,True,56000.0
-56.7093716454216,2.895193328324879,-0.25124494844559875,0.8660254037844386,0.31874742161363234,-0.9478396917275704,0.0,1,True,56000.0
6.104608284619604,-225.05564004328156,0.7462175714364001,-0.18908180418050127,-0.35292828042488555,-0.9356503774786546,0.0,-1,False,56000.0
-79.1701773797922,123.06290965862607,-0.9768499105089561,-0.04009713119825443,0.9996313548353772,-0.02715058801471862,0.0,3,True,56000.0
77.02372006727929,8.484539531122692,0.6905527995376939,0.5359782734606657,-0.005407016132777109,-0.9999853819812639,0.0,0,True,56000.0
-86.53330231042662,33.12816548081574,-0.977686009882521,-0.0386489646030635,0.9332551164962519,0.35921426410028806,0.0,3,True,56000.0
-276.96384837204664,-244.89079308758858,-0.776534516175454,0.38705357172207483,0.14386759566519397,-0.989596945689099,0.0,2,True,56000.0
95.32922514989636,49.01558564574989,-0.40339595416423846,0.8660254037844384,0.37521020103199804,-0.9269397526491073,0.0,1,True,56000.0
213.36261136823904,-70.70577174946025,0.3127543604685534,-0.703404082018649,-0.7792740797642624,0.6266832601938389,0.0,-1,False,56000.0
50.62165330290011,106.45176570141885,0.6128282974728355,0.4658691558894388,-0.3273828049651805,-0.9448917922242377,0.0,-1,False,56000.0
3.133436495786308,56.81137034291627,0.3908189619483694,-0.8660254037844387,0.9197846485677159,0.3924234960585993,0.0,4,True,56000.0
-65.70981441262171,-229.1482432538274,-0.7373271453246835,-0.22122674648411197,0.6879758527169707,-0.7257335778906621,0.0,-1,False,56000.0
165.57920927696316,-229.28141669648022,-0.1716875813921695,-0.8660254037844387,-0.5698024717151027,0.8217816883011593,0.0,4,True,56000.0
5.820554776875291,-120.7331437210541,-0.7227137478805198,0.26509890836645245,0.7399253340921015,-0.672689006873384,0.0,-1,False,56000.0
102.21469086605947,193.70089248797586,-0.7426420721044869,-0.20267053395337603,0.7982793728728778,0.6022873424249849,0.0,-1,False,56000.0
-0.5122493816772526,122.22955288846155,-0.3630550266918421,-0.6788104596913472,0.927619057637052,-0.373527621345696,0.0,-1,False,56000.0
69.61548962610263,15.42241839785375,0.6686716354580564,0.3814063928756838,-0.999941641308994,0.010803424269806905,0.0,-1,False,56000.0
140.72298418472022,-139.2348219266158,0.5718898566549397,-0.7415085195092393,-0.9907975921469447,-0.1353518799111281,0.0,5,True,56000.0
118.00522778303781,181.62045173966968,0.9345313189995555,0.11339508179728937,-0.9988144597904982,0.04867930682453814,0.0,0,True,56000.0
-101.64046219922285,-81.33865607538884,-0.4458449119017909,-0.627546737003609,0.5971050001830296,0.8021630873806574,0.0,-1,False,56000.0
-96.38564570254015,103.5649061969877,0.5456727853711039,-0.5429860070922026,-0.9483363979927668,-0.3172665696880796,0.0,-1,False,56000.0
-5.182892656854699,154.2631096942777,-0.5138812497042289,-0.8419823740241642,0.9983707671091147,-0.057059717678823445,0.0,3,True,56000.0
-112.22031027529364,-119.47590202899856,-0.39291940594505903,-0.6619720032028351,-0.2838565353199217,0.958866762045627,0.0,-1,False,56000.0
-163.78924354435264,186.33762155827318,0.8676791836302458,0.22918637685140628,-0.9975505688632597,-0.0699489997087836,0.0,0,True,56000.0
-98.92635076216233,-264.49021977318085,-0.884720689799479,0.1996696223287955,0.28093362515103354,-0.9597271999162594,0.0,2,True,56000.0
-114.92881649027817,-33.77384508409872,-0.4432144095097296,-0.8660254037844388,0.27821455991006916,0.960518952782077,0.0,4,True,56000.0
207.99509070333866,-27.294826325953768,-0.852398249872778,-0.25565373050643453,-0.3062925155871249,0.9519374427424314,0.0,3,True,56000.0
-93.68166187421797,-71.66042456985653,0.9811106633587187,0.032717290783971634,-0.9988785444846401,0.04734610192903369,0.0,0,True,56000.0
-202.42680366344277,21.29588476149172,-0.3946786149390361,-0.6609246428318408,0.9321843292664146,-0.36198394476797763,0.0,-1,False,56000.0
49.93992045100544,103.14539946240774,-0.9960565543227266,0.00683024826992554,0.30688817705701177,-0.9517455788088873,0.0,2,True,56000.0
25.48510680858774,-82.38065827023755,0.673042536603772,-0.5663069385161085,-0.8150200882173766,0.5794327017020446,0.0,5,True,56000.0
4.84027915431242,-97.89815487757487,-0.7350070855896531,-0.22881690655543094,0.9962275329593161,0.08677962072612067,0.0,-1,False,56000.0
-66.303821595659,25.31111843565035,-0.7667640406311207,-0.06830445510821062,0.9998215365925158,-0.018891663917077965,0.0,-1,False,56000.0
-26.540579154263007,-232.96732125855584,-0.4008974692093312,-0.6571710673592879,-0.6679153920473286,0.7442372129005524,0.0,-1,False,56000.0
-25.316606603626752,33.34458910857221,-0.5803072636485317,0.7269291429283526,0.8560306509889953,-0.5169250666847152,0.0,2,True,56000.0
0.8340744403783856,-33.17928048532281,0.6001905737324169,-0.6924902396404168,-0.7383075600024109,0.6744641924097604,0.0,5,True,56000.0
-72.74647062102989,177.324061728929,-0.4024644448554818,-0.8660254037844388,0.474613690142154,0.8801942087569994,0.0,4,True,56000.0
73.47391275424017,63.23542789490554,-0.2014698245929663,-0.8660254037844387,-0.4227641843242458,0.9062397279154555,0.0,4,True,56000.0
-23.18874645936444,-199.338237569004,0.5518499889140013,0.7762185886135057,-0.49607573154125184,-0.8682792572527941,0.0,0,True,56000.0
-2.616100502547678,-2.3706026407671685,0.7522042731371825,-0.1636500047869082,-0.3058952957836958,-0.9520651595437314,0.0,-1,False,56000.0
-177.86612475603732,41.38621066255476,-0.6662589697130266,-0.5780564210274216,-0.14657747231957513,0.9891991935945056,0.0,3,True,56000.0
-11.13880533158134,-6.99727644690038,0.00196594116897986,0.7697978485731903,0.20824867013360704,-0.978075912895941,0.0,-1,False,56000.0
122.454619094116,-49.38222373319367,-0.2743200267997589,-0.8660254037844388,0.9170165220868641,0.39884921739834667,0.0,4,True,56000.0
105.33624398107018,154.00066080325942,0.5740285598798497,-0.5129169572502532,-0.7330329210625676,0.6801931612696916,0.0,-1,False,56000.0
-94.41404955643989,17.859398641385724,-0.7945297891408216,-0.3558848446499876,0.897641296346529,0.440726789624836,0.0,3,True,56000.0
-436.0350000646575,101.68429073814303,-0.8788057577136715,0.2099145852247333,0.9723207086384913,0.23365025048650123,0.0,2,True,56000.0
160.96176803701124,47.04201387611159,0.474208054636543,0.8660254037844387,-0.11178296578677277,-0.993732644406722,0.0,1,True,56000.0
-260.43403235882187,-251.87903629952336,0.7636545263522244,-0.4093623684968782,-0.23438051965899337,0.9721449336410473,0.0,5,True,56000.0
31.964053236724947,124.59912129038658,0.6450688929367395,0.6147587106202358,-0.9999169226685892,0.012889831672338092,0.0,0,True,56000.0
106.21516369044127,208.3123240692198,-0.2472093892499303,0.7290268242384973,0.8925168848358574,-0.4510139801407643,0.0,-1,False,56000.0
43.644550666159745,-92.03206648573361,0.29571318876743014,-0.7107364508603669,-0.8062008602092186,0.5916419297155502,0.0,-1,False,56000.0
44.52785831635915,-164.21462510880036,0.2460493126288127,-0.7294191719083624,0.7198056588177696,0.6941756359406474,0.0,-1,False,56000.0
-72.92410248213956,-11.672374601273123,-0.4456821052129056,-0.8660254037844387,-0.3113837703092189,0.9502842456800004,0.0,4,True,56000.0
6.577172384927974,208.17302159552196,-0.8338679555381273,0.2877491417732555,0.8304342924182793,-0.5571165820323087,0.0,2,True,56000.0
-189.64538537148127,-163.70926460778117,0.3456513722474208,0.8660254037844385,-0.5714268342409137,-0.8206530162675069,0.0,1,True,56000.0
-127.69801658823152,123.01878775711751,-0.9793849348909941,0.03570634017013884,0.9938045583421155,-0.11114180049840941,0.0,2,True,56000.0
-118.96266310495758,-53.2747961140138,0.35422728031757267,0.8660254037844386,-0.5026632631960748,-0.8644822981604119,0.0,1,True,56000.0
55.09420425183828,-40.76699430667855,0.6204476630066901,0.4556723494597067,0.36250628930798806,-0.9319813250338644,0.0,-1,False,56000.0
101.73564303098712,-87.06887352006342,0.9248241902411214,0.13020832200251067,-0.9897980620996465,-0.14247735351037677,0.0,0,True,56000.0
5.22137713884255,-66.43115356487787,-0.6458569412614784,0.6133937708829688,0.21687292073669556,-0.9761998444226858,0.0,2,True,56000.0
157.08229420825103,-50.106429465174315,-0.7005732249233784,-0.3190450581235351,0.999087593034037,-0.042708095780777056,0.0,-1,False,56000.0
9.935309013428197,48.82866207955922,-0.6955434654132285,0.5273341866006395,0.7225125278637413,-0.6913578285371464,0.0,2,True,56000.0
-28.428377700945937,-64.78749343583924,0.7542227878018695,-0.1540797811296744,-0.812721287132445,-0.5826526490469113,0.0,-1,False,56000.0
-282.72075898915597,76.2643897918122,-0.9189558762031094,-0.14037254007111633,0.3997540965794181,0.9166224207750886,0.0,3,True,56000.0
23.86443790539225,100.77905260054236,-0.07321937117988866,-0.8660254037844387,0.8097251275840519,0.5868093538438038,0.0,4,True,56000.0
-65.92948899315601,17.982241539261572,-0.7517936588839667,-0.16552609176335428,0.511439605710916,0.8593192245666776,0.0,-1,False,56000.0
-180.39519887594435,90.2107111477516,0.047891686907836836,0.8660254037844386,-0.4222785583258224,-0.9064661158465231,0.0,1,True,56000.0
-281.09275963166937,-72.47483116632677,-0.8055279088041024,-0.336835542605463,0.6862360960065873,-0.7273788700100625,0.0,3,True,56000.0
107.77274714905518,-161.44802470725648,0.7690305137216953,0.03441891278843229,-0.7004086975032858,0.7137420097355374,0.0,-1,False,56000.0
-45.51587785289781,14.886802304599396,-0.5367152093367716,0.8024327958026235,0.5109121693296551,-0.8596329188848093,0.0,2,True,56000.0
-89.66563764754042,-36.54369102393885,-0.737193819686455,-0.22167062234018914,0.7018027057249085,-0.7123713653964392,0.0,-1,False,56000.0
-215.76989585423948,-220.69356656552614,-0.7990174827371042,0.3481119313324245,0.43436663270449877,-0.9007361591456505,0.0,2,True,56000.0
84.90844722539951,160.55779237776773,0.5468894660978116,-0.7848104661632505,-0.5039501740631526,0.8637327260566587,0.0,5,True,56000.0
-238.07042562422868,-100.15662558310046,-0.8787586876656932,-0.20999611293934647,0.7061147838824515,-0.7080973887695706,0.0,3,True,56000.0
-117.07919573500031,-87.71303974818798,0.4261050695939251,-0.8660254037844387,0.2845946979800764,0.9586479321842752,0.0,4,True,56000.0
98.89275306101536,-87.68025429782857,0.68508571462594,-0.5454475422971164,-0.3240304469691968,0.9460466528858998,0.0,5,True,56000.0
-65.81693974104942,-107.09187592568405,-0.963202561869629,-0.06373503243017417,0.6881964195440605,0.7255244228325204,0.0,3,True,56000.0
-43.13444799987724,40.7872025274882,-0.7635264341763486,-0.0980814809561019,0.9976162837430015,-0.06900543754228901,0.0,-1,False,56000.0
-4.016846071077949,-6.221184018567677,-0.7667413973184299,0.06855816676935075,0.9511294589478929,-0.3087924097531302,0.0,-1,False,56000.0
-287.04653628494543,55.657250613119736,-0.9304006048564608,0.12054968856467292,0.9989784934733082,-0.04518815749143279,0.0,2,True,56000.0
26.154123239679148,190.1844428582048,-0.6197941010441724,-0.6585359343288926,-0.11656322972304428,0.9931832728535752,0.0,3,True,56000.0
77.02204304371654,-44.072436481900844,0.05265208337133512,-0.7679976241559933,0.9204943664037234,0.3907558335056076,0.0,-1,False,56000.0
95.63557047428638,53.764491511945316,-0.8675563742362501,0.22939908896145353,0.9742269654847068,0.22556998852256654,0.0,2,True,56000.0
275.08427224512275,96.99550095867762,0.10418503616760072,0.7627175563938122,-0.9639238545741328,-0.26617814069264345,0.0,-1,False,56000.0
-71.0096197587223,-29.012098289840825,0.5179244492196116,0.834979347038383,-0.7750873950108588,-0.6318540417651155,0.0,0,True,56000.0
-26.37654628723806,196.36683577248996,-0.7202348537448386,-0.4845674475008771,0.9260149840611791,-0.37748675379922314,0.0,3,True,56000.0
-89.180996829798,-209.31822325838093,-0.6747001062195737,0.37063777365493705,0.9979030577829837,0.0647262486698737,0.0,-1,False,56000.0
-44.975732690619076,-8.02654384221806,0.917836418857329,0.14231149707091448,-0.09969189783384991,-0.9950183543563135,0.0,0,True,56000.0
24.054950837401535,96.67986916810219,0.6590837336346138,-0.39774517552177774,-0.8078370138885358,-0.5894059373566597,0.0,-1,False,56000.0
49.559772148591826,-3.344614875027711,-0.7199752567132436,-0.48501708274909444,0.7957447440930463,-0.6056321509364876,0.0,3,True,56000.0
-23.04780165707212,42.92295724192253,-0.4141704477927366,-0.8660254037844386,0.49645686212941276,0.8680613941676233,0.0,4,True,56000.0
-18.844485611124743,-30.343256448309795,-0.7334542665069964,0.2337465112793693,0.940814645099487,-0.3389215301009691,0.0,-1,False,56000.0
-237.558683242835,-48.75273874219623,-0.3333896596464321,-0.6938616053893085,0.44825023134693226,0.8939081217312986,0.0,-1,False,56000.0
4.735201624861536,102.44031820415661,0.02207297352139831,-0.7694838376681579,-0.979159580075539,0.20309238475603236,0.0,-1,False,56000.0
-58.43670188180014,-24.176614515871705,-0.6824628796849768,-0.3561418403455022,0.960502191634808,0.27827242023657334,0.0,-1,False,56000.0
-101.5795772882415,-184.46333002841368,0.9481558801259172,-0.08979664969560207,-0.9984392091688709,0.05584931148927125,0.0,5,True,56000.0
203.55702477902014,-109.78869959854225,-0.854590177514573,0.2518572004643313,0.9161569089351576,0.4008198076567242,0.0,2,True,56000.0
231.02309794694793,-134.61199048235574,0.8906715519102478,-0.1893624268041071,-0.9278682078764552,-0.3729082847186983,0.0,5,True,56000.0
-153.31329519048523,-40.00381665622603,-0.4335060525596569,-0.8660254037844387,-0.5479999091369503,0.836478391583136,0.0,4,True,56000.0
107.87450447282357,104.0806129795027,-0.5180879953588767,0.8346960768157939,0.8150015697597475,-0.5794587485652865,0.0,2,True,56000.0
-131.2619524632515,11.94494336008583,-0.3429460947119368,-0.8660254037844387,-0.9815209818967703,0.19135454553277656,0.0,4,True,56000.0
170.57007352645863,31.674990007104235,0.5047769776504214,-0.5811994454803776,-0.8759771579767696,0.4823525875359465,0.0,-1,False,56000.0
66.82475310613827,149.9050673110545,0.5632391887320481,0.7564919158710942,-0.9377800711361013,-0.3472298060068218,0.0,0,True,56000.0
-11.758771860617104,-177.11119051473972,0.6520464648141334,-0.6026732016151263,-0.9937100468752104,0.1119836717512559,0.0,5,True,56000.0
89.31959438889102,-139.04613116136792,0.4080916175378321,0.8660254037844386,0.8495689007631962,-0.5274776610016493,0.0,1,True,56000.0
-176.6189379887437,-78.58817120191293,0.3891011132171806,0.6642235439110414,0.6151185269367572,-0.7884346503158821,0.0,-1,False,56000.0
158.8117171366179,-100.20799463761887,-0.9620344744021966,0.06575821927145306,0.9997231922183685,0.023527408279418054,0.0,2,True,56000.0
-116.95170157024658,72.28877101822702,-0.0992859611688312,-0.7633707425015539,0.9975517601470322,0.06993200860336224,0.0,-1,False,56000.0
257.44287333522175,-164.9158179927034,0.9773211920753837,-0.039280847580530874,-0.9576242788076152,0.28802038233057037,0.0,5,True,56000.0
106.68383116895471,-14.680176001931937,0.8286747025061981,-0.2967441198811175,-0.023010110144542295,0.9997352323644686,0.0,5,True,56000.0
136.79340267958028,270.6521937854819,0.7526525798546841,0.16157563749117818,-0.7888404985953139,0.6145979724791798,0.0,-1,False,56000.0
29.136958960711603,170.9087135193868,0.4960317670629454,-0.8660254037844387,-0.4382913389578017,0.898832966793191,0.0,4,True,56000.0
-105.22558077031648,247.98615510475724,-0.24802927086405963,-0.7287482922019339,-0.5200301342650948,0.8541479142724689,0.0,-1,False,56000.0
19.997357442016284,-32.98292427806427,0.7338402470560502,-0.4610022150289009,-0.4988881611296043,0.8666663733434595,0.0,5,True,56000.0
29.13004497695473,-99.83110778029803,-0.5425964457265828,0.7922461955641471,0.45150289249532055,-0.8922696554673959,0.0,2,True,56000.0
147.37105033557845,356.5757085676892,0.8678222528689071,0.22893857366104464,-0.8959093045830098,-0.44423700651929404,0.0,0,True,56000.0
293.8651829862878,-68.35294744465452,-0.9097297848199964,-0.15635259910194094,0.9933935131174563,-0.11475769297028422,0.0,3,True,56000.0
-146.92446717252093,152.9211972199411,0.3268115617892931,0.6969840713197365,-0.36698602296575633,-0.9302264557339726,0.0,-1,False,56000.0
-104.92996852220685,9.413316080832141,-0.6214765812059926,0.4542680393832519,0.9222635061116652,-0.38656180009703955,0.0,-1,False,56000.0
-49.8533903153303,547.5918364644753,-0.5565632803836339,0.7680549283172207,0.8284094341377045,-0.560123030620418,0.0,2,True,56000.0
-461.8307545787468,129.2646868837361,-0.7694483173253943,-0.39932722816291405,0.803936445815321,-0.5947152184780363,0.0,3,True,56000.0
-10.598421631855334,7.544568366306138,-0.33709589207852975,0.692068603634331,0.9829428146723671,-0.1839114544655026,0.0,-1,False,56000.0
-74.83468105138363,-139.93623191143317,0.9238418887281779,-0.13190971813127944,-0.9973931277395806,-0.07215919024936221,0.0,5,True,56000.0
-179.30732046897216,103.12042316206623,-0.6319080890863322,-0.4396416262592208,-0.24243230818334321,0.9701683235132351,0.0,-1,False,56000.0
85.49331413739587,5.970024475639448,0.34983874770723544,-0.8660254037844387,-0.1888093419473379,0.9820137638510522,0.0,4,True,56000.0
219.88456459188754,165.29976637554304,-0.16869967153722515,0.8660254037844386,-0.5212316841468795,-0.8534152163168561,0.0,1,True,56000.0
157.46972574710284,-140.64617295158115,0.7997523607498643,-0.3468390852769585,-0.6477933604118056,-0.7618160947407928,0.0,5,True,56000.0
-189.18745604792844,72.18576996242003,0.24409896535000192,-0.7300741658952541,-0.6543702447610764,0.7561743071348643,0.0,-1,False,56000.0
-90.7387403419698,89.37496013701421,0.8906953352580712,-0.18932123283730298,-0.923119204417816,0.3845138936821397,0.0,5,True,56000.0
207.37942760861466,42.36649923635976,0.8338280460310614,-0.2878182670671979,-0.4674209465453371,0.8840348741595945,0.0,5,True,56000.0
-111.90681563793711,39.97459902114742,0.6081135802713658,0.6787671897662569,-0.5049476202943104,-0.863149987405804,0.0,0,True,56000.0
-43.71164529055599,-97.66444924721075,-0.952743684704383,-0.08185033907050261,0.999206982194752,0.039817166308283275,0.0,3,True,56000.0
-235.48067073026547,10.070934368981868,-0.5454018363783995,-0.7873871164201222,0.4204077555358948,0.9073352848230845,0.0,3,True,56000.0
-31.040622216595793,11.275852421692193,-0.1498949469478344,0.7550656246129194,0.762684101704157,-0.6467711813365276,0.0,-1,False,56000.0
44.818098937752076,-130.24123715522586,0.34577963100592674,-0.6877710661070277,-0.11935759836464449,0.9928513301155951,0.0,-1,False,56000.0
106.93987453981221,175.2439207980177,-0.8242517177691652,0.3044049541667606,0.7544281230826776,-0.6563826681910719,0.0,2,True,56000.0
-13.533574886971042,-198.82562557242036,0.767732888836867,0.056380883203362334,-0.8434425215661501,-0.5372194270628278,0.0,-1,False,56000.0
160.22200277890028,-114.30823413577387,0.24312518764327568,-0.8660254037844387,0.8109412334565733,0.5851276064924659,0.0,4,True,56000.0
-127.44063251648822,22.912289862061755,0.45825798666156276,0.8660254037844386,-0.4518382281146639,-0.892099891051324,0.0,1,True,56000.0
60.44615459540861,149.77155646959153,0.4590424420406027,0.8660254037844385,-0.4526628944184246,-0.8916817279816902,0.0,1,True,56000.0
12.213557327595241,-323.4224837765013,-0.11273449352416742,-0.8660254037844387,0.5198413746696502,0.8542628080288011,0.0,4,True,56000.0
-96.52971372738604,15.369609184435157,-0.7767861699232759,-0.38661769464493195,0.26297357015257283,0.9648030376200482,0.0,3,True,56000.0
193.0155725936413,-100.4773618939896,-0.665825548494403,-0.38635337654111385,0.9953007809303103,-0.09683158306695572,0.0,-1,False,56000.0
-59.68047228786558,27.382000542877602,0.26340324646705254,0.7233334793462899,-0.873690800593765,-0.48648163886980145,0.0,-1,False,56000.0
52.396398952358,-147.50291607119115,-0.734752544398553,-0.22963294862115202,0.9367304666850991,-0.3500514716201548,0.0,-1,False,56000.0
99.83991307586405,-116.8495273423364,0.5126268938519636,0.8441549820910589,-0.606647285660902,-0.7949711131857755,0.0,0,True,56000.0
39.75719559285453,73.10474106705672,-0.5654681033315498,-0.7526313225390254,0.7839359737562264,0.6208416779264184,0.0,3,True,56000.0
207.80430953242717,-91.74861119494823,-0.749179603457035,-0.17698167802502088,0.7548278539459803,0.6559229458609437,0.0,-1,False,56000.0
14.34281049035511,-275.509169532239,-0.6566104822702725,0.5947680914944615,0.6389638383253218,0.769236773244871,0.0,2,True,56000.0
-48.52373433102593,-39.42281114208339,0.3928450655594134,0.662016122959413,0.2514857279816003,-0.9678610068708973,0.0,-1,False,56000.0
60.14932983204086,182.83797097837135,0.5971685723792294,-0.4857800827073352,0.1324113922106337,0.9911948462398794,0.0,-1,False,56000.0
90.4869363143293,-234.3310205382984,-0.7744123313674728,0.39072930363254904,-0.276681029102129,-0.9609618140876712,0.0,2,True,56000.0
360.5664713006012,-47.62293203340871,0.2769513720869866,0.7182551984439289,-0.5215450812221327,-0.853223726962995,0.0,-1,False,56000.0
-10.952444558290486,-134.83758912911688,-0.38743721169821577,0.8660254037844386,-0.9952758403562951,-0.09708759757390648,0.0,1,True,56000.0
-68.91637797867672,115.99957294279778,0.5679795684001377,0.7482813374387964,-0.9905414627330797,-0.13721374058854266,0.0,0,True,56000.0
-13.836490032827836,130.29532422052156,0.5438888550233527,-0.790007676997967,-0.5140085045742646,0.8577850880173866,0.0,5,True,56000.0
-280.4308777537272,-131.40190460629182,-0.3845057485673475,-0.8660254037844388,-0.693966975699069,0.7200068309667362,0.0,4,True,56000.0
-1.4898957047056471,106.35799906449616,0.3137907132134675,0.7029423738071107,0.4260114412618625,-0.9047177747306869,0.0,-1,False,56000.0
-56.75804284939229,-98.01952889592181,-0.2520307474424061,-0.8660254037844388,0.8833232151227564,0.4687644372440465,0.0,4,True,56000.0
-18.29087152102624,116.4082232178096,0.8751641074623433,0.21622210848343032,-0.40976694960649807,-0.9121902471578152,0.0,0,True,56000.0
40.96718450872253,4.484166134937471,0.5707527198474549,-0.7434780982349598,-0.2720655811485969,0.9622787119924898,0.0,5,True,56000.0
13.731280668435936,11.6567243662699,-0.3505102258381574,0.8660254037844385,-0.35788971872848047,-0.9337638615988473,0.0,1,True,56000.0
-66.14970909790704,-80.37179806406824,0.2878189602127197,0.7139697743845053,-0.9956549905445736,-0.0931189551232906,0.0,-1,False,56000.0
21.487408945025628,-187.72453642208202,0.6489694482430471,0.608002750651979,-0.49995486853175103,-0.8660514588816426,0.0,0,True,56000.0
-32.06013661419626,-243.60978100197113,0.9180730448407666,-0.1419016488452094,-0.8849411788837889,-0.46570281287035437,0.0,5,True,56000.0
-84.76073572722265,106.0367383745142,0.3023587100463041,0.8660254037844386,-0.6453406707753625,-0.7638949002598295,0.0,1,True,56000.0
110.12458932337397,-7.629374383171272,-0.44382109367599515,0.8660254037844385,0.5500504883857124,-0.8351314029697874,0.0,1,True,56000.0
-24.5592609148965,-230.36352125354549,-0.7172889989795301,0.2794442422658515,0.9844785280652889,0.17550506482175443,0.0,-1,False,56000.0
-51.94212064973789,-230.17437032497114,-0.46947110862705776,0.8660254037844384,0.2780005567808909,-0.9605809130048109,0.0,1,True,56000.0
-66.90581288475313,-217.21918011421891,-0.837769155593387,-0.2809920650670547,-0.14648505023327688,0.9892128840940915,0.0,3,True,56000.0
80.19996488884107,-52.00456557780587,-0.10269976944990014,0.7629189668290661,0.20199106761207658,-0.9793873639191366,0.0,-1,False,56000.0
-163.11948548085394,141.54394373439146,0.8739380027391983,0.2183457841593176,-0.9534641393272462,0.30150644274473015,0.0,0,True,56000.0
22.72086563179618,48.80803005089676,0.9597144487292062,-0.06977662161193561,-0.8140178765566715,-0.5808398201274558,0.0,5,True,56000.0
-112.59890727951571,29.957840798192414,0.7697945586741517,-0.0029883152879368394,-0.987481377617635,0.15773562964015014,0.0,-1,False,56000.0
-17.840838387591656,-117.37316401592538,-0.5626467690516391,-0.525377203415169,-0.11334130902601053,0.9935561119876315,0.0,-1,False,56000.0
73.95526491513456,-43.20719729680368,0.6755238798260497,0.5620091259841068,-0.9429393699604893,0.3329644794541695,0.0,0,True,56000.0
-23.554037913631014,35.485633065633685,-0.21507033491940047,-0.7391463614401746,0.9980695306874023,-0.062106456291062734,0.0,-1,False,56000.0
83.61658736012413,-62.73966541376164,0.8470092144067412,0.26498781373740127,-0.8701529481915159,0.4927817435268231,0.0,0,True,56000.0
6.697553141771257,53.28686587308535,-0.7690067396932636,-0.03494605698686931,0.43976366821193985,0.8981135318657847,0.0,-1,False,56000.0
-39.13814554431454,-177.0898513678369,-0.5185309103435607,0.8339289255588878,0.9739992804752068,-0.22655110159376335,0.0,2,True,56000.0
-94.1814234042188,-156.4876225748563,0.8406819253566763,0.275946999846288,-0.6316372114387776,-0.775264105402499,0.0,0,True,56000.0
223.89176312193325,-302.20516723431024,-0.5773659387608502,0.7320236670753839,0.8452773092030559,0.5343278680230725,0.0,2,True,56000.0
-3.879301463064464,98.18118769723682,0.1536479033353647,-0.7543108870971164,-0.4737217082821625,0.8806745954674808,0.0,-1,False,56000.0
-121.09661434618785,25.12311933629271,0.7192633567872155,0.48625012959087915,-0.9096758834057179,-0.41531889813690537,0.0,0,True,56000.0
73.76223846566722,-165.4374990205893,-0.5886404583906895,0.7124956262455693,0.40696045960257066,-0.9134457752487554,0.0,2,True,56000.0
-221.85528732819176,135.3178476260843,-0.7115865664223846,0.2936616268425165,0.9050239767039165,-0.4253605548129164,0.0,-1,False,56000.0
-104.35828008070648,281.1329597811323,0.6998549361618748,-0.519866500208637,0.10414055742555511,0.9945625894325176,0.0,5,True,56000.0
121.87464762779751,-193.01939393120756,-0.5391320548491401,-0.7982466965811568,0.9648323184811909,-0.26286612032341594,0.0,3,True,56000.0
6.820934996342643,52.05917665139072,0.7197684436930756,-0.48537529340769175,-0.49217360884030703,0.870497064188446,0.0,5,True,56000.0
69.44072956875777,80.66937563485581,-0.09521236854011686,-0.8660254037844387,-0.7331630892837637,0.6800528542044086,0.0,4,True,56000.0
76.71411256521397,-263.2902226390734,-0.9440969431029095,0.09682693484417482,0.9996299934135658,-0.02720066667515017,0.0,2,True,56000.0
18.913416138413442,146.26462190208616,0.0568676464616833,0.8660254037844386,-0.2988611875648157,-0.9542965946533721,0.0,1,True,56000.0
27.400619167754613,-190.70849160378282,0.6042516826611002,0.6854561926408657,-0.4831530082649493,-0.8755359333597892,0.0,0,True,56000.0
2.197456452502124,252.78940473717586,-0.5761008156658971,0.7342149245536712,0.2002967041400125,-0.979735285835067,0.0,2,True,56000.0
-145.10507129119634,-137.11082585666972,-0.3264152704855642,-0.8660254037844387,0.22215056737346395,0.9750123719293261,0.0,4,True,56000.0
187.2817861770774,156.23714449639567,0.5816668589461818,0.7245742547950909,-0.9140135202052758,-0.40568372518701595,0.0,0,True,56000.0
-271.5023638546856,-161.97935993404752,-0.6877546712148233,0.3458122392495422,0.8607268391765109,-0.5090670960893181,0.0,-1,False,56000.0
-23.36974858472929,-32.37625654560812,-0.6347048752836381,-0.6327097157659487,-0.007266336397269535,0.9999735998289365,0.0,3,True,56000.0
-452.248334486606,184.27502383993183,0.6278137882034441,-0.6446454287082256,0.10746149042507053,0.9942092476311352,0.0,5,True,56000.0
-34.683205156231715,73.88151300408629,0.018773224523610743,0.8660254037844385,0.9787638118470623,-0.2049912208320176,0.0,1,True,56000.0
37.67698004871677,238.1003754451309,0.6453276364515969,0.6143105537063742,-0.9994262560559753,0.033869731405934356,0.0,0,True,56000.0
163.8632897529396,-89.51051662574855,-0.002714301034218103,-0.7697955736184042,-0.9728174268452416,0.23157343117398257,0.0,-1,False,56000.0
-13.210750167866232,-179.49756411756525,0.3496239591242657,0.8660254037844386,0.8154989559339936,-0.5787585445331921,0.0,1,True,56000.0
366.6994930249657,-36.56765820246772,0.09593828555844666,-0.8660254037844387,-0.5111051377006626,0.8595182012125693,0.0,4,True,56000.0
-151.87580813480557,-2.3281093047787915,-0.39246940103065997,0.6622389008864001,-0.09542540355581258,-0.9954365837941954,0.0,-1,False,56000.0
79.32251147323453,-82.58319995723541,0.5752700390060086,0.511524168358268,-0.9965035555224312,0.0835503670300109,0.0,-1,False,56000.0
81.60678496516158,-68.53657266225466,0.43304272699293167,0.6364484183271396,-0.43083414880909854,-0.9024311254714045,0.0,-1,False,56000.0
-54.61047684869752,-213.7339696442564,0.9180275435893951,0.14198045932439335,-0.824702191147986,-0.565567233770897,0.0,0,True,56000.0
-138.0668913198121,-89.53059627112519,0.16678425935528216,0.7515155377128955,0.5496882229047154,-0.8353698926820459,0.0,-1,False,56000.0
-122.63393296782623,-33.13133455862181,0.3272940221293843,-0.696757644860078,0.6383751963723293,0.7697253462478352,0.0,-1,False,56000.0
-6.477806007998694,236.1413831522463,0.8273045002433995,0.2991173798169306,-0.730251844666799,0.683178046603006,0.0,0,True,56000.0
202.0590680526959,-128.20752996928297,0.6957419100386288,0.3294477002627165,-0.45684894209652077,-0.8895442901310702,0.0,-1,False,56000.0
101.20052561822715,94.51766544575392,0.1820481692534845,-0.7479646092323132,-0.9353784835821142,0.35364826091934964,0.0,-1,False,56000.0
-10.184045323868888,-141.28544463982354,0.5184455841219605,0.8340767149099169,-0.8497231186036729,-0.5272291927711726,0.0,0,True,56000.0
-234.5120720673991,-7.732694385675053,0.19293776753070174,0.745229904427393,0.47741490838684963,-0.8786779872340232,0.0,-1,False,56000.0
-136.27109722980003,97.99364892923778,-0.6756688347477006,0.36886883623217204,0.5998302216065166,-0.8001273056502549,0.0,-1,False,56000.0
68.51389651214747,200.42309095684192,-0.5778858411471139,-0.7311231697273987,0.8412502540856269,-0.5406459192488386,0.0,3,True,56000.0
-99.85166595503988,108.97452228932413,-0.42691561020045643,-0.8660254037844388,-0.6219818916345349,0.7830316254651037,0.0,4,True,56000.0
35.269377429110094,151.5186461643493,-0.3300387405867423,-0.8660254037844387,0.5840927652334156,0.8116869110695626,0.0,4,True,56000.0
4.937765814503618,100.54315163632218,0.08240443776655239,-0.8660254037844387,-0.6949670388997748,0.7190415946539915,0.0,4,True,56000.0
-89.4147291811455,-102.27362963883748,-0.3470702996283555,0.8660254037844385,0.9226984415368916,-0.3855224844091878,0.0,1,True,56000.0
-145.08594398335447,161.9658588008364,-0.39276603916326003,0.8660254037844385,0.5737638528064026,-0.8190207819172413,0.0,1,True,56000.0
-225.53011070775887,-24.233048599485365,-0.8339676857259033,0.28757640402097906,0.8699457790995663,0.49314738306767436,0.0,2,True,56000.0
84.99455121465157,-127.15010577333177,0.9983193450189805,-0.0029109798171192323,-0.7751972729583638,0.6317192319358231,0.0,5,True,56000.0
127.0677751038613,78.47154845702224,-0.694401257142478,0.33226418204726565,-0.2803184246825654,-0.9599070688264991,0.0,-1,False,56000.0
235.66197865021687,-31.10733775262334,-0.7856719389550934,0.3712270912175027,0.9982332156413138,0.05941756634191775,0.0,2,True,56000.0
70.96861802596939,126.30966001225715,0.6708322737122518,-0.5701352261423054,-0.9528453292701976,0.3034563864670717,0.0,5,True,56000.0
-147.5391820054695,108.95565280920304,-0.9361986673578745,-0.11050714972676394,0.9974414540427823,-0.07148808122079395,0.0,3,True,56000.0
-19.82003690035245,279.7302138188574,-0.6714414409505045,0.3765089427449268,0.9530002399971339,0.3029695406554919,0.0,-1,False,56000.0
188.54619726564593,-362.76097627231917,0.1376141244269396,-0.8660254037844387,0.7710133368031448,0.6368189966319505,0.0,4,True,56000.0
-120.68814086463374,51.92733847042416,0.5268086297547545,0.819591494967901,-0.997287685630297,-0.0736021201450956,0.0,0,True,56000.0
202.61213728059772,-29.82321333381325,-0.34492062520509104,-0.8660254037844387,0.5685242355585538,0.8226665141977377,0.0,4,True,56000.0
-19.283503181593478,188.21005511023765,0.7646268240686526,0.08909776937319,-0.43564220767120326,-0.9001199180637119,0.0,-1,False,56000.0
-55.936864904900695,-30.94991956203607,0.4903297108065978,0.5934385960593653,-0.23509449078172998,-0.9719725203953749,0.0,-1,False,56000.0
16.68312753345553,-300.6426405945122,0.6282502714885836,-0.6438894174817098,-0.997265975369682,-0.07389569926315115,0.0,5,True,56000.0
-47.23987692105433,-108.23717110650088,0.7047396493281638,0.5114059288242239,0.0440583661636767,-0.99902895872476,0.0,0,True,56000.0
315.9126788447879,29.554307113019405,-0.2868078948690297,0.7143765281932126,0.9791088656907007,-0.2033367382585188,0.0,-1,False,56000.0
72.08751735230558,57.58488436755419,-0.7000903212191372,-0.5194588013301162,0.06706312605609865,0.9977487344633889,0.0,3,True,56000.0
54.842750387534466,100.15877302241228,-0.6472521402472391,-0.6109772153529632,0.49812452064384943,0.8671055079590695,0.0,3,True,56000.0
200.77672343399271,-51.77427010626821,0.31879546480329474,-0.7006868374769455,0.8939259307846517,0.448214714473287,0.0,-1,False,56000.0
-46.62820193502225,20.625527016819944,-0.5181485073128734,0.5693107384917604,0.07503747029445157,-0.9971807148413281,0.0,-1,False,56000.0
-10.663464638842475,-211.89304518868022,-0.5688845926987685,-0.7467137893714841,0.8118058243462211,0.5839274814197588,0.0,3,True,56000.0
-83.66576687160806,129.77455412655544,-0.3260608726238067,0.6973355719711953,0.14259357191563782,-0.9897813259746153,0.0,-1,False,56000.0
-127.29237367324653,-61.91067890274043,-0.5502403948201917,-0.7790064873635465,0.4982220100303364,0.8670494961193895,0.0,3,True,56000.0
189.5349667905557,-135.6614211256981,-0.6075579870903173,0.4727217838383949,0.1565031371416976,-0.9876774615553794,0.0,-1,False,56000.0
-259.107342881606,-15.019061908519468,0.8159897971611842,-0.3187150204278838,-0.9957059918938462,-0.09257201362275952,0.0,5,True,56000.0
-67.6254618644348,77.0609711666561,0.516308985901185,0.5709795299923477,-0.9801312070808322,0.19835023797790524,0.0,-1,False,56000.0
-291.10371837630714,-81.65687962418058,-0.7524130262944362,0.16268752396862057,0.960655616459289,0.27774230244029624,0.0,-1,False,56000.0
62.75138446492145,6.583653491560506,0.5454363463564106,-0.7873273433848387,-0.30784773352350514,0.951435637846366,0.0,5,True,56000.0
-85.26433329311931,119.32941567864458,0.920552225999998,-0.13760758111625343,-0.9506891610013999,-0.3101453194132842,0.0,5,True,56000.0
159.28620459024302,-5.574175879143659,-0.12957029474902196,0.7588175876396408,0.9019833247138658,-0.4317708674027271,0.0,-1,False,56000.0
104.81300733553353,19.560284729187607,-0.7937202164591574,-0.3572870656670498,-0.2565719711360213,0.9665251282956835,0.0,3,True,56000.0
29.835454535650392,117.0147324537732,-0.21122417876319527,0.740254644631431,0.39262284360986516,-0.9196995719664731,0.0,-1,False,56000.0
-41.065213019208066,11.371496618253015,0.7866069577477239,-0.3696075911626343,-0.9552367040097505,0.2958425921198951,0.0,5,True,56000.0
-253.12076761454824,-47.480019694807666,-0.9779317804075083,0.03822327756678342,0.9781209498691219,-0.2080370337865377,0.0,2,True,56000.0
135.03778053388814,56.93349136451776,-0.6227804517978439,-0.653363423094312,0.25021388649318843,0.9681905860963155,0.0,3,True,56000.0
-32.37905166959963,51.83375106517455,0.15953245250134773,-0.8660254037844387,0.4144134675617084,0.9100887197977793,0.0,4,True,56000.0
110.4092417922733,-79.03037493381704,-0.9731515085486002,-0.04650295130040308,0.648130557512331,-0.7615292380587271,0.0,3,True,56000.0
-8.505336692039702,-20.035335065826004,0.964840749906351,-0.06089760751822032,-0.9079278024807227,0.41912659839504235,0.0,5,True,56000.0
250.59489606053796,-101.1402212568489,0.8775697243025496,-0.21205545789264865,-0.8126583816071158,0.5827403837073972,0.0,5,True,56000.0
46.82192492933292,-31.050299934768056,0.5704016454366178,0.7440861769517672,-0.6872634807254347,-0.7264082241142226,0.0,0,True,56000.0
119.82076407644179,-79.99134294913976,-0.7534194314599523,0.1579612385718556,0.9834803764985502,-0.18101477575567415,0.0,-1,False,56000.0
32.5554581329618,342.784503884205,0.8331924065957831,-0.2889192268643948,-0.9355873379021616,-0.3530953598630598,0.0,5,True,56000.0
-3.7335429428508258,170.75109952515712,0.9260632546628128,0.1280621994702899,-0.1766287455928116,-0.9842775453245138,0.0,0,True,56000.0
41.04657172407236,-215.60729775312282,-0.06989581632523653,0.8660254037844386,0.312629517638038,-0.9498751416375578,0.0,1,True,56000.0
-163.7524219111894,-163.6679954666798,0.44540216634225854,-0.8660254037844386,-0.28255926112671315,0.9592498443842498,0.0,4,True,56000.0
-18.482250555451046,-160.08987226493872,-0.6719276696894789,0.3756405187120512,0.9776667979250038,-0.21016096743851964,0.0,-1,False,56000.0
59.593001079670984,-197.47144670376107,-0.49584885102665255,0.8660254037844384,0.3447163679312868,-0.9387068901845268,0.0,1,True,56000.0
-70.0551456097105,117.75336974814077,0.8997956259381862,0.17355906701569881,0.35902828237466294,-0.9333266804580227,0.0,0,True,56000.0
3.893624086383122,-131.81961503325243,0.8120901011448208,-0.32546949206229886,-0.335154094039267,0.9421633262063906,0.0,5,True,56000.0
-72.51549602266705,-14.741265968154492,0.9735463717206608,-0.04581902822435557,-0.5489997968345922,0.8358224829921929,0.0,5,True,56000.0
-124.9829939792472,64.4092942328829,-0.6593184064606803,-0.3973560512874335,0.8528020637543504,-0.5222342769830098,0.0,-1,False,56000.0
-107.20524165706094,34.3729529334129,-0.8088799988630856,-0.33102955231175696,0.8941317556522255,-0.447803978917064,0.0,3,True,56000.0
-9.598230880567165,-226.95469540576696,0.25809917418896483,0.8660254037844385,0.48131685383850975,-0.8765466822769528,0.0,1,True,56000.0
-69.14688624718276,86.07096162342226,0.5464013832024998,-0.5422528202111884,-0.1672723953012345,0.9859107189648805,0.0,-1,False,56000.0
-249.87460527739887,-96.8660297396273,0.09472961484759854,-0.7639495354167171,0.9091317314416016,0.41650869725089523,0.0,-1,False,56000.0
-5.897509601543423,81.12965145337485,0.7439964118986253,-0.4434112215115163,-0.3628717309079207,0.9318390992588301,0.0,5,True,56000.0
-11.911318369070875,168.0617939984903,-0.08523221612299522,-0.7650673577714288,-0.8734915140598867,0.486839372755533,0.0,-1,False,56000.0
307.7003794333026,-24.575801081113635,-0.21202903792298752,-0.8660254037844387,-0.31394945315767936,0.9494396983809101,0.0,4,True,56000.0
-135.07286466356592,22.662604130428143,-0.7731062210228853,-0.39299155310966616,0.9149546048935598,-0.4035567754153686,0.0,3,True,56000.0
-63.97851271769748,80.72021535948217,0.7189665119393142,0.4867642799494094,-0.5341284848155343,-0.8454033130455233,0.0,0,True,56000.0
-172.05743141565353,65.63006522074285,-0.6915733032745436,-0.5342107091391283,0.5559332453344307,0.8312269405713358,0.0,3,True,56000.0
-47.997746740948024,44.523196441420716,-0.3055147050670505,-0.7065786280240759,0.35203604428127466,0.935986444093319,0.0,-1,False,56000.0
126.82902797267074,98.94965363852081,0.0709494519706443,0.8660254037844386,0.015705958058097894,-0.9998766538334403,0.0,1,True,56000.0
-70.10009225127939,93.97888085781972,0.9352693174863195,-0.11211683092230393,-0.8394747635695698,0.5433986762308813,0.0,5,True,56000.0
70.47039970519346,131.3631178837352,0.5876854947397897,-0.7141496718083096,0.14806353723712345,0.9889778505813178,0.0,5,True,56000.0
-214.47002838670144,167.74711289457775,0.7674804538830344,0.05971888729777043,-0.8379821446456732,0.545697650035985,0.0,-1,False,56000.0
-126.41850692599917,-169.54966025363166,-0.713347859475048,0.28935691451036655,0.8411002925695538,-0.5408791896894358,0.0,-1,False,56000.0
80.4063443176805,-213.7143878839311,-0.9210646113553694,-0.13672010364769518,0.9845604263860093,-0.17504504218701944,0.0,3,True,56000.0
-219.0706945088168,-1.717826822354874,0.30332313802447397,-0.7075222021474508,0.6611803768251021,0.7502269718565966,0.0,-1,False,56000.0
192.3071228337195,186.315365750968,0.5219420072589427,-0.5658348996404323,-0.8306655999509381,0.5567716417507242,0.0,-1,False,56000.0
57.58078477355027,129.85668654674373,0.5324064072835624,-0.5560000090611527,-0.3668890431452003,0.9302647096497324,0.0,-1,False,56000.0
5.560520249360959,65.94690904687756,0.313369951656597,0.8660254037844386,-0.7162083555335499,-0.6978865176112962,0.0,1,True,56000.0
222.55818841542867,113.6202738191847,0.28353263448251464,0.8660254037844385,-0.06068657969735364,-0.9981568709598416,0.0,1,True,56000.0
-10.290726481707097,19.946977664899226,-0.3655433722621768,0.8660254037844385,-0.504531503854779,-0.8633932832827057,0.0,1,True,56000.0
109.30371023590828,-44.45944188468199,-0.5426925049920356,-0.5459646853213692,0.0693562725257646,0.9975919543886655,0.0,-1,False,56000.0
7.398155506164013,-185.9707352458582,0.7692351651690079,0.02949327482666965,-0.9233495336734154,-0.38396046497629627,0.0,-1,False,56000.0
-165.3104080724786,159.73889102031634,0.07486790065832127,0.8660254037844386,0.1251337266531992,-0.9921398845190718,0.0,1,True,56000.0
-175.08793134759813,38.038020079014174,-0.6187849718695221,0.6602837973307865,-0.3979957660089674,-0.9173872520580141,0.0,2,True,56000.0
56.47076517514112,-46.33450152585881,-0.5608482738345695,-0.5272966966797497,-0.3624763721715445,0.9319929611413261,0.0,-1,False,56000.0
25.06364834372482,-55.587670795602875,0.1600026699083933,0.8660254037844386,-0.9080706275833186,-0.41881706665334056,0.0,1,True,56000.0
-62.89119287669277,250.43556055981136,0.7240407486650492,-0.4779754441308039,-0.6428113623967864,-0.7660245116008529,0.0,5,True,56000.0
-72.6594248116625,-35.763024921392415,-0.23058332850040328,0.8660254037844386,0.6544313745305952,-0.7561214029701684,0.0,1,True,56000.0
-116.45287927923884,-115.86545477576492,-0.5465486693165733,-0.5421043669450334,0.5952865489158919,0.8035134875529448,0.0,-1,False,56000.0
74.87593946852718,75.6070792207758,0.28957369218935813,0.713259889089815,-0.9121252597329412,-0.40991158870748284,0.0,-1,False,56000.0
68.15668064784592,-249.7756448318074,-0.7641250145000597,0.09330356267515139,0.9649340154303486,0.2624925634475219,0.0,-1,False,56000.0
-27.69957058120387,-68.7361772555242,-0.5685297541630061,-0.5190053094371427,-0.27003838308281464,0.9628495581666293,0.0,-1,False,56000.0
91.8781189190061,48.33397427247717,-0.406112501644641,0.8660254037844385,0.5858402864014678,-0.810426528951665,0.0,1,True,56000.0
161.4269536264805,-127.93419851987531,0.9456694960358266,-0.09410319326677033,-0.7580139720966146,-0.6522383138899042,0.0,5,True,56000.0
36.80431966627236,50.46451362496095,-0.29737919884327135,0.7100409880337377,-0.5204717311233494,-0.8538789007236399,0.0,-1,False,56000.0
89.29714668524728,49.98398417070503,-0.7097294357641689,-0.5027633651981448,0.6804510887262356,-0.7327935015070159,0.0,3,True,56000.0
-148.5959441985093,-29.542601990944377,0.32860886459512767,-0.696138496782137,-0.40862215230896426,0.9127036411903274,0.0,-1,False,56000.0
22.52813851000786,186.4269872719356,0.5582308602835175,0.7651665952049415,-0.9788465334893534,-0.20459585498113003,0.0,0,True,56000.0
-1.4312218996513184,-48.00138183509766,0.5969822538609799,0.6980472126646783,-0.8493388922775058,-0.5278479383917809,0.0,0,True,56000.0
-54.63526598400701,-93.3948932410738,-0.4597791369656424,0.8660254037844385,-0.9789398277313314,-0.2041489987267024,0.0,1,True,56000.0
-113.4066904663462,-111.07418866646172,-0.8111661934966734,-0.3270697470503918,0.689645289065225,-0.7241473436185344,0.0,3,True,56000.0
-80.61973524738174,92.95042376508466,0.9285598473198563,-0.12373797414248631,-0.7194701752622135,-0.6945233379144423,0.0,5,True,56000.0
74.19828991321297,-175.45528226654983,0.7574074550106294,-0.13757376089543283,-0.999466924582343,0.03264761347650341,0.0,-1,False,56000.0
-57.54779976865794,-2.215747101196589,-0.1594787425077468,0.7530996768560854,0.9999293289648654,-0.011888527056251,0.0,-1,False,56000.0
-250.34250218502746,-5.299000356811117,-0.9718505858286216,0.04875621554812708,0.9999556378110802,0.009419257380618828,0.0,2,True,56000.0
-26.035718260892853,1.1827625114836848,-0.48508237050557684,-0.8660254037844389,0.43542260676912653,0.9002261679789292,0.0,4,True,56000.0
244.29604542733378,195.46808042613495,0.7949262710018533,0.3551981179224009,0.371933362143458,-0.9282594325533007,0.0,0,True,56000.0
44.39169597887927,331.2323656301036,-0.43780861512062863,-0.8660254037844388,0.45439370278189006,0.8908009670356967,0.0,4,True,56000.0
-58.174212522801575,104.70432965604189,-0.9651012236437164,0.06044645377106654,0.7737256646203945,-0.6335207935870464,0.0,2,True,56000.0
-12.263762653341255,-18.386680047801587,-0.2522966671383436,0.7272819153144647,0.9781861709544296,-0.2077301493600767,0.0,-1,False,56000.0
173.16019704789076,249.04586792316147,0.12788940934500195,0.7591026884223102,-0.6976685951275898,-0.7164206385722097,0.0,-1,False,56000.0
-39.03868354468378,-87.21965355053796,-0.6796130328995139,-0.3615504364617978,0.5887231336463482,0.8083347523824824,0.0,-1,False,56000.0
109.83875633559877,-202.9346276134692,0.5168822877856216,0.8367844235917424,-0.3333234063008754,-0.9428125512590537,0.0,0,True,56000.0
181.60628822876777,185.58247386389996,0.839297735986895,-0.27834448616204516,-0.9530779588018696,0.30272496501888263,0.0,5,True,56000.0
-62.625283095427235,-209.38630655626338,-0.15737387050513368,0.7535423395369538,-0.9595658650461002,-0.2814841925186875,0.0,-1,False,56000.0
183.74803313414367,-68.17674324256122,0.4932440524060079,-0.8660254037844386,-0.45194810651237005,0.8920442304165997,0.0,4,True,56000.0
26.95454994004706,48.5086321860631,0.7686489187848755,0.04208838608730598,-0.9727196462664084,-0.2319838135882647,0.0,-1,False,56000.0
-163.92237900868474,13.022556354172368,-0.6532286863598769,-0.6006255338320957,0.972833604563633,-0.2315054596145884,0.0,3,True,56000.0
-183.00623401328625,-162.7488702645932,-0.018078153981193824,0.7695880540530919,-0.06517479395465675,-0.997873862886721,0.0,-1,False,56000.0
-26.9432855337703,146.12134390134827,-0.7697992342577595,-0.001315875662567724,0.9535304653976979,0.3012966172363187,0.0,-1,False,56000.0
-135.08927975517463,156.6737109175331,0.27775760568692714,0.8660254037844386,0.48326502389372994,-0.875474109657494,0.0,1,True,56000.0
-26.893315647224146,-69.84827982742509,0.3646840300292381,-0.6779366864495726,-0.970768413799278,-0.24001809675376018,0.0,-1,False,56000.0
169.5819779889493,167.45717582279804,-0.9919506980896992,-0.013941799874101385,0.7195283048468892,0.6944631153083709,0.0,3,True,56000.0
121.77561961328516,101.2227482629178,0.18390050747728587,0.8660254037844386,0.3034354953680995,-0.9528519822880843,0.0,1,True,56000.0
135.4062047888545,-58.09737785462011,-0.7352261893680454,0.4586016925281664,0.808834543889775,0.5880362919159334,0.0,2,True,56000.0
-201.70910423839067,-74.76292945508126,0.4356152421909231,0.634690439004351,-0.8931644637654638,-0.44973018651871605,0.0,-1,False,56000.0
-39.494553877504664,16.653100567337848,0.817295932972458,0.3164527268411726,-0.1469372996469615,-0.9891458082467381,0.0,0,True,56000.0
23.176748910999613,293.12968492236047,0.7241969113078034,-0.2610199728848922,-0.5670396868303486,-0.8236904719364696,0.0,-1,False,56000.0
167.59179870829712,-55.741792398503314,0.308683544867952,0.8660254037844386,0.8147290673182513,-0.5798418291796228,0.0,1,True,56000.0
115.65717670120999,-61.68127568267608,0.8137525512103028,-0.3225900440838377,-0.9812425975827201,0.19277698173990276,0.0,5,True,56000.0
158.2538948449158,32.06053285625526,0.7695109819221658,0.02110548018350901,-0.9803819966586735,-0.1971069268878212,0.0,-1,False,56000.0
86.2088644758029,-192.5408051132391,-0.45768813149036,0.6189621691876291,0.190260267480221,-0.9817336861990321,0.0,-1,False,56000.0
118.878756440227,-31.408360635964716,-0.3183595423216088,0.8660254037844386,0.041346607611809194,-0.9991448633900017,0.0,1,True,56000.0
63.586256563188364,-27.69682905424134,0.44324278589232713,0.6293873412668871,-0.31140943966658874,-0.9502758341061796,0.0,-1,False,56000.0
-242.14875522875025,64.1100482166765,0.1956117189433691,-0.8660254037844387,-0.8721691991602208,0.48920434179986344,0.0,4,True,56000.0
-94.28211121150696,-252.68090696598244,-0.4360081107491972,-0.6344206175350136,-0.1732146150407109,0.9848841034029936,0.0,-1,False,56000.0
-208.3850059652735,121.75741013201802,-0.08100177466272486,0.7655268153984428,-0.48708525652550655,-0.873354425691574,0.0,-1,False,56000.0
-62.92890597176156,298.1608326516318,0.9379114370429716,0.1075405456105125,-0.8721556684565696,0.48922846399070485,0.0,0,True,56000.0
-213.76662359019255,134.37363520903025,-0.8771228560838028,-0.21282945635180653,0.9906906331177726,-0.13613254369349387,0.0,3,True,56000.0
-113.93829986669269,85.6746939965685,-0.10702862271104596,-0.7623237281582995,0.5263368066847207,0.850276170387352,0.0,-1,False,56000.0
-163.7902801163041,36.40255117947456,0.7679939758781767,0.05270527115405755,-0.8799380240053869,0.4750884906089613,0.0,-1,False,56000.0
-66.23328408237334,-27.406815672840295,-0.8434720847316631,0.27111430204759585,-0.41124900439382994,-0.9115230421578204,0.0,2,True,56000.0
-18.122099411548646,29.59132751527544,-0.28827894505197055,0.7137841707633444,0.9871432422908466,-0.15983810308883556,0.0,-1,False,56000.0
14.941912871864318,28.99202954036258,0.7231468329257684,-0.4795237516089238,-0.5876079952320925,-0.809145749503047,0.0,5,True,56000.0
105.69557340332777,-134.5917217013805,-0.3419621045800392,0.8660254037844386,-0.48315635207117225,-0.8755340881158806,0.0,1,True,56000.0
52.07233308415054,64.21937182309966,-0.5866451151983805,0.7159516620331855,0.377828476222142,-0.9258756085756317,0.0,2,True,56000.0
243.12338182786849,7.143196178874824,-0.17019263935668827,0.7507509960708655,0.9993179612956457,-0.03692712054347025,0.0,-1,False,56000.0
12.668312652497937,-184.05277489685636,-0.6085091017704716,-0.6780821264343199,0.7991514070290309,0.6011297935081734,0.0,3,True,56000.0
-205.84004794399428,-217.68987326345624,-0.5328006171759903,0.5556222592098667,-0.44002514486941635,-0.8979854519324906,0.0,-1,False,56000.0
118.6754810324191,34.389143292980094,-0.5708624660550327,-0.5164384159240665,0.8634210983413243,-0.5044839015655469,0.0,-1,False,56000.0
-87.98246657832645,72.04496836489032,0.9423177239427353,-0.09990863282739566,-0.9964888188499005,-0.08372594524230374,0.0,5,True,56000.0
77.10308998499612,203.9227109332765,-0.9724433305340727,-0.04772955160236782,0.9395312961095751,0.342463054401904,0.0,3,True,56000.0
113.67582757451167,109.0635781390103,-0.5712064687246732,-0.7426921821257406,-0.21951502765587888,0.9756091187729135,0.0,3,True,56000.0
-40.41475413528146,83.83186580745208,0.450337968989449,-0.6243302862099919,-0.9876044244589666,0.15696337403577434,0.0,-1,False,56000.0
86.88310378951,6.889077549560238,-0.28621858968759495,0.7146128402917461,-0.505475949186249,-0.8628406949106299,0.0,-1,False,56000.0
-42.22253228346876,-17.276807863596872,0.5354463288394238,0.8046305612927626,-0.7817226172120759,-0.6236262901280041,0.0,0,True,56000.0
-37.52715544464105,-136.36548686824517,-0.524679204815803,0.8232797671530693,0.3420069222657335,-0.939697432752663,0.0,2,True,56000.0
119.83936900386124,-29.90941693400581,0.8826391545236285,-0.20327494718431538,-0.9723919131424206,0.23335373846350121,0.0,5,True,56000.0
54.06684811025368,52.610627082743484,-0.3675706792525347,-0.6763759223585821,-0.5472676986965415,0.8369576249506058,0.0,-1,False,56000.0
-41.589571543751006,-73.51673306426268,-0.6569365298529375,-0.4012816820356654,0.9930884485257937,-0.11736836628454017,0.0,-1,False,56000.0
-68.95406804483602,-90.22060442574539,-0.3156671456657153,0.7021017346082066,0.6813150408519815,-0.7319903108023103,0.0,-1,False,56000.0
49.86068075265763,152.2986382399736,0.9258865832558288,-0.1283682033234299,-0.858053359719781,0.5135605435323666,0.0,5,True,56000.0
12.788211880487566,-17.74809475777886,-0.5713125674040441,0.5159404451279157,0.7738590958533582,0.6333577975873521,0.0,-1,False,56000.0
116.5796816814833,-11.42519040860257,-0.6534935152563677,0.6001668367280615,0.08820424286445783,-0.9961024101668932,0.0,2,True,56000.0
-175.63604579590464,68.7696530420847,-0.7696119195292329,-0.017031908616528438,0.948068512869131,-0.3180661800721221,0.0,-1,False,56000.0
-121.79954961046295,-292.2202325816788,0.7515638082298126,0.16656660755293592,-0.18372469353307225,-0.9829777398220653,0.0,-1,False,56000.0
-233.54160569149377,-21.082778485520706,-0.3226620623002349,-0.6989147202232557,0.5429428716075361,0.8397696339891733,0.0,-1,False,56000.0
-101.76345720049628,-37.152687316433145,0.26534805814129575,-0.8660254037844387,-0.20182154719424356,0.9794223108995064,0.0,4,True,56000.0
201.30327342900193,238.57394768475885,0.661726753684032,-0.39333229723909624,-0.7845833807190035,0.6200233210930456,0.0,-1,False,56000.0
-139.15221538080428,-115.01571668493413,0.7616775426514195,-0.11153436068354611,-0.6887243466375457,0.7250232922798184,0.0,-1,False,56000.0
-70.18265012476144,206.68735627603954,0.7691417619682198,0.03183618364400184,-0.8735031741170515,-0.48681845158857284,0.0,-1,False,56000.0
157.36590712967572,-128.98226902161446,0.40148555039833334,0.6568119559005756,-0.9984970064182928,0.054806278593840185,0.0,-1,False,56000.0
50.87323893427175,96.09163524124178,0.012643170369116385,0.8660254037844386,0.6756520787919434,-0.7372206375460346,0.0,1,True,56000.0
-23.042560681978696,105.44942355180149,0.6378510757084982,0.43097401059704754,-0.6948602308097265,0.7191448113132523,0.0,-1,False,56000.0
120.0841015915532,-207.8635803702825,-0.7002824419817743,0.51912603840804,0.9895278862406223,0.14434182467968376,0.0,2,True,56000.0
-120.60057557476767,98.92992778775792,-0.635459079331371,0.6314033960360006,0.9920040528723169,-0.12620601841683876,0.0,2,True,56000.0
48.246468910006634,-98.51700549868275,-0.768435586350467,-0.04581857944989449,0.9483554856894862,0.3172095092556732,0.0,-1,False,56000.0
40.61221281329026,16.71523667931971,0.29058880219239824,-0.7128469265087558,-0.07111812318624755,0.9974679005131104,0.0,-1,False,56000.0
-64.49846465547493,68.98683953011883,-0.5475247875139394,0.7837100571913805,0.8502242012772492,-0.526420751454742,0.0,2,True,56000.0
-104.93124984422026,-304.07474115151797,-0.7615979410801658,-0.11207661993049568,0.9353598858292715,0.35369744695301425,0.0,-1,False,56000.0
100.72113170863987,31.253246086882964,-0.6152617654472,0.6663861698598013,0.9839325515271291,0.1785405669448792,0.0,2,True,56000.0
-32.88116236320585,31.7465152007614,0.6720402299587119,-0.5680429845501164,-0.888961234309929,-0.457982449329425,0.0,5,True,56000.0
-79.77320995491144,-128.61307032525832,0.23920269943328182,0.8660254037844386,-0.8768549277706177,-0.48075506824583575,0.0,1,True,56000.0
162.38456746976857,89.73325218593503,-0.505317267842969,0.8568156257229642,0.7286439144642378,-0.6848927258439454,0.0,2,True,56000.0
-207.78687322267118,377.88082917179605,-0.5721449184832447,-0.7410667394635444,0.4809264099801771,0.876760964107767,0.0,3,True,56000.0
-102.31610081812232,-107.66638046455375,-0.6796077792418435,-0.5549356047029509,0.5502562456691857,0.8349958467571265,0.0,3,True,56000.0
-15.73940042867878,115.44816966467444,-0.6181145954457268,-0.45883214740202954,0.9036800796581369,-0.42820825964560894,0.0,-1,False,56000.0
-10.491201213599023,-194.75860282747928,-0.5229959154795668,-0.5648609253473655,0.4852699427869134,0.8743643877852677,0.0,-1,False,56000.0
133.99339882502713,-45.84286542753468,-0.8805487441095009,0.20689564423025555,0.98156810680298,0.19111266757275622,0.0,2,True,56000.0
205.04819934077818,-33.07694435238142,0.08881185991584148,0.8660254037844385,-0.7780427279955088,-0.628211360461538,0.0,1,True,56000.0
-35.06167586697415,25.318463289516536,0.5737637971999884,0.5132131113048877,0.48510851661605503,-0.8744539593975911,0.0,-1,False,56000.0
308.79811665703306,187.91062056807766,0.9808574979786001,0.03315578608505494,-0.6608881776994469,-0.7504843879633484,0.0,0,True,56000.0
28.482712337267223,-132.9949477583903,0.6423549792362472,0.4242318625975574,-0.7876963889579152,0.6160636321211017,0.0,-1,False,56000.0
40.76209565618624,187.93913406151162,-0.47597948357646813,-0.8660254037844388,0.2901431416262972,0.9569832586658581,0.0,4,True,56000.0
-60.141613791895864,-200.0155178529803,-0.28955550509011724,0.7132672725315521,0.04117420084105017,-0.9991519830259552,0.0,-1,False,56000.0
51.48162193620911,66.09396897917595,0.6470588854436926,-0.4170220514085059,-0.014402322616787366,0.9998962811726244,0.0,-1,False,56000.0
-53.99567708483436,39.74719059594797,-0.12110468586748815,0.8660254037844386,-0.5607622991939636,-0.8279768377209139,0.0,1,True,56000.0
273.0809220690743,197.53875486968377,-0.32670578134252115,-0.6970336613320516,0.9992239377562274,0.03938936677024982,0.0,-1,False,56000.0
236.68472597684132,263.2733981949744,0.13216663670549256,-0.8660254037844387,0.9385017910080489,0.34527436666269373,0.0,4,True,56000.0
-257.01424481050907,141.147031467637,0.9986325512080916,-0.002368490784333818,-0.9996352793390816,0.027005708661282886,0.0,5,True,56000.0
-169.79935684811275,-86.49578375763481,-0.7271715364622939,-0.4725527605982601,0.300130586967249,0.953898123892888,0.0,3,True,56000.0
-34.45967200144091,-172.5820723256192,0.7570419053613012,0.1395712940382909,-0.9653473241753793,0.2609684726304894,0.0,-1,False,56000.0
98.33570306227192,-31.127406689232277,0.27321287316108694,-0.7196855692117609,-0.3168201054817199,0.9484856460496447,0.0,-1,False,56000.0
184.12313046753292,142.10295359288813,-0.9926067520757574,0.012805481037741588,0.9375102444430988,-0.34795767208654865,0.0,2,True,56000.0
121.35021211639321,-133.50771651766908,-0.661705974797779,0.5859424395472329,-0.026376659246261647,-0.9996520753975413,0.0,2,True,56000.0
-162.2632909415212,15.587472152834767,0.041401864176658365,-0.8660254037844387,0.054113827764817296,0.998534773377544,0.0,4,True,56000.0
164.513400722341,385.79611457739526,-0.5322841229335169,0.5561170785594423,0.5385833399489981,-0.842572243744678,0.0,-1,False,56000.0
-105.6352792044893,24.017730153526166,-0.34342907779610476,-0.6889477927366552,0.7813545825658952,0.6240873466935475,0.0,-1,False,56000.0
221.0066949293156,-24.957774937996735,0.7090632753194418,0.5039171889344048,-0.9976336245356581,0.06875428128859912,0.0,0,True,56000.0
62.739880369859726,33.053373208144585,0.6973112342798049,-0.5242723211076905,-0.9007220459968526,-0.43439589760365926,0.0,5,True,56000.0
-70.11665719540393,-95.0784025535558,0.5269158231063981,-0.8194058306366212,-0.8135594611411798,-0.5814817307425002,0.0,5,True,56000.0
11.164576552041979,-50.05028578341675,-0.222069455713299,0.7370737747551405,0.9392371223461408,-0.3432690315286126,0.0,-1,False,56000.0
-205.0718544383762,-51.07048715855548,-0.7049851520729442,-0.3091739444864009,0.8507485152849057,-0.5255729861211419,0.0,-1,False,56000.0
101.14559316445668,-22.22533718740132,-0.7677101207740069,0.05669006133134688,0.942275965532889,-0.33483728104654925,0.0,-1,False,56000.0
33.863764087482195,-99.36382395818937,0.6448415902402987,-0.6151524104391688,0.41901801613416567,0.9079779194201976,0.0,5,True,56000.0
125.17522560181759,28.386173640697837,-0.9246506056645455,-0.13050897930854952,0.4605587613275199,0.8876292172772375,0.0,3,True,56000.0
-16.3997039483493,20.150919388987923,0.3933438981842198,0.8660254037844385,0.30963954805497723,-0.9508540110237421,0.0,1,True,56000.0
-205.72370008133777,283.1166999558193,0.1537603945115687,-0.7542879646873858,-0.7892962261942233,0.61401259540433,0.0,-1,False,56000.0
30.63937421301271,105.21594980308492,0.9620530502734564,0.06572604491863587,-0.9960788854022083,0.0884695091855445,0.0,0,True,56000.0
204.96423724441095,19.816655170945783,-0.47922299617781283,0.6024432857348087,-0.7688257037863504,-0.6394583936403551,0.0,-1,False,56000.0
235.96048891329025,121.62365820606132,-0.8800229279995107,0.20780638444819727,0.9611180253536545,0.2761379027587495,0.0,2,True,56000.0
239.4034689102311,19.394315673079017,-0.7354076921211739,0.22752608413454734,0.9446500542690897,-0.32807967777514085,0.0,-1,False,56000.0
-84.70379332731585,-84.47302728069624,-0.02531062555132354,-0.7693841464618263,-0.4589987465915038,0.8884369142640964,0.0,-1,False,56000.0
38.89582540369065,106.33636731895855,0.642549640323895,0.6191221841427835,-0.8660152509449235,-0.5000175848213158,0.0,0,True,56000.0
42.09657067963318,-119.36320636348962,0.37656591164007963,0.6714094926222507,0.5162812943410772,-0.8564190709653723,0.0,-1,False,56000.0
118.94380385240706,259.5841084015703,0.5944588463407554,0.48909229456188585,-0.8807080072560233,-0.4736595886865005,0.0,-1,False,56000.0
-18.82084016097472,-18.60132434304444,-0.7583993006290771,-0.13199656585653669,0.45562127959989496,-0.890173718762438,0.0,-1,False,56000.0
216.35229185208834,133.9324341707515,0.6757679526559968,0.3686872207654001,0.2611100443083042,-0.9653090410646197,0.0,-1,False,56000.0
56.21156203697478,-121.40663136425074,-0.17636900231144614,0.7493240738267104,0.9876151819460273,-0.15689567358420695,0.0,-1,False,56000.0
91.19289163078766,74.02405558732634,0.6164911092653865,-0.6642568839067313,-0.3743068586454877,0.9273048989250889,0.0,5,True,56000.0
-288.05131413194056,148.13580370756836,0.24667645729220167,0.7292073216927822,-0.43618315113232836,-0.8998579102657938,0.0,-1,False,56000.0
-9.126455174401995,-310.52877414222945,0.5109134049367307,0.847122831950448,-0.7594277489108799,-0.65059164933454,0.0,0,True,56000.0
-73.64304402755087,-174.8403802817255,-0.029198330161158234,-0.8660254037844387,-0.7188604387861798,0.6951544213682147,0.0,4,True,56000.0
65.85697995785655,-178.61954413122373,-0.07026558697460643,0.8660254037844386,-0.24568762810572092,-0.9693490544666659,0.0,1,True,56000.0
-67.81381454161881,63.54907260685044,-0.19997407677932455,-0.7433726933435537,0.9204531191893514,0.39085298434863147,0.0,-1,False,56000.0
10.574114863608944,-66.95737268521113,-0.1304495127678801,0.7586669343072854,0.5204625950500074,-0.8538844694415499,0.0,-1,False,56000.0
-172.85735894369492,23.861334786331756,-0.1502573148446017,0.7549935972763495,0.9399521688232612,-0.3413061973127946,0.0,-1,False,56000.0
38.15994856527367,-198.64995300793333,0.3692017851479471,-0.8660254037844387,0.6907886101598188,0.7230567723719878,0.0,4,True,56000.0
66.19116865982457,-83.87621026795027,0.6408475812733819,-0.6220702368957541,-0.8826862232207506,-0.4699627978211971,0.0,5,True,56000.0
117.16093543991309,-123.99588675042226,0.10368152854610935,-0.8660254037844387,-0.8742407367203637,0.48549267168335,0.0,4,True,56000.0
-88.3300088599341,24.147758688695802,-0.10962270390743001,-0.7619550218881797,-0.7519307297728735,0.6592421236715197,0.0,-1,False,56000.0
174.53421529521722,-91.99270526443415,0.6596761316395471,-0.5894582310286866,0.023592298270077527,0.9997216629952896,0.0,5,True,56000.0
-165.66872895491875,-46.15440040052561,0.3958328856889678,-0.8660254037844386,-0.41144800160276424,0.9114332350626672,0.0,4,True,56000.0
-50.93502921561595,47.648623416234166,0.24397397288209435,0.7301159450037504,0.3725350579064599,-0.9280181197747407,0.0,-1,False,56000.0
-247.21109101317606,87.38139803680673,0.8393208273234392,-0.27830449079393604,0.35727635762151,0.933998717496091,0.0,5,True,56000.0
13.140641933805457,-49.39750639694177,-0.5492369451961872,-0.7807445130951581,0.9895527016956168,-0.14417160111007435,0.0,3,True,56000.0
-96.46816152351806,-4.551111280130435,-0.9019565833923927,-0.16981617891201786,0.9570621272441151,-0.28988288082375463,0.0,3,True,56000.0
-217.4089957775188,-152.4537540811469,-0.7545282823222205,0.4251694868391176,0.003299532109145159,-0.9999945565289499,0.0,2,True,56000.0
-233.90457877980324,115.11384715391281,-0.07518395785312117,-0.7661200722302819,-0.6788695778634058,0.7342588755004897,0.0,-1,False,56000.0
131.2653751146042,-286.4352775753021,-0.7216121602918925,0.48218188258378303,-0.16375205679736188,-0.9865015275681613,0.0,2,True,56000.0
-96.97917380339382,23.70322751960193,0.3640009301127296,-0.6783037044493124,-0.9704884938344281,0.24114743070280575,0.0,-1,False,56000.0
60.008414114399784,-19.5769675758403,0.4091624492585324,-0.8660254037844386,-0.46561509661555006,0.8849873342615534,0.0,4,True,56000.0
99.16540003238175,-198.53346133777723,-0.38853523349380154,-0.6645547117630792,0.7005177039460608,0.7136350232842382,0.0,-1,False,56000.0
79.45553308549432,-40.24809326827797,-0.7466750978983481,-0.18726689715773268,0.9395598283028775,-0.3423847675335375,0.0,-1,False,56000.0
-28.6482272810891,122.76128904551449,-0.30177676793142905,-0.7081831506958158,0.955140165605971,-0.2961541221151894,0.0,-1,False,56000.0
51.413729027041725,-31.66190094261825,-0.054926453513454654,-0.7678383145539344,-0.55053282994918,0.834813513994423,0.0,-1,False,56000.0
-41.764825025085266,-58.68741254142784,-0.6668191534800182,-0.5770861542814166,0.8057762071948993,-0.5922201481867254,0.0,3,True,56000.0
71.72988971439321,10.804394833690274,0.610499794327923,-0.6746341457825649,-0.9706613659082337,-0.24045064510802194,0.0,5,True,56000.0
-11.594183727601516,96.99423029137661,-0.40446228931239897,0.8660254037844385,-0.9462103205892911,-0.32355220476754964,0.0,1,True,56000.0
-228.948285013678,-227.5036978106308,-0.9718791341538351,0.04870676839838624,0.20370383416633048,-0.9790325571427849,0.0,2,True,56000.0
113.01401988178405,-141.1125171089263,-0.41000828941418777,0.8660254037844385,-0.2096622833609605,-0.9777738628821513,0.0,1,True,56000.0
160.23658492072056,219.67496783318444,0.5542171085639506,-0.7721186171121988,-0.4086369019409687,0.9126970375604905,0.0,5,True,56000.0
117.32807026484222,-64.6549991312599,0.22325986967605013,-0.8660254037844387,-0.14100364482023886,0.9900090768002565,0.0,4,True,56000.0
120.36754573238068,81.53074213103298,0.6085455337237445,-0.678019024440232,-0.8032078759019691,0.5956988400935399,0.0,5,True,56000.0
43.133090999709246,66.77676540307924,-0.715395788989116,0.28425597212588577,0.9738268501432614,0.22729114795697888,0.0,-1,False,56000.0
27.255703937245194,-162.00067505173155,0.35957440243094513,0.6806605921522275,-0.2137062663764271,-0.9768979638176654,0.0,-1,False,56000.0
-6.129873451424148,9.149602731264405,-0.7678495412645776,-0.05476928493571778,0.9845006940250639,0.17538068155826103,0.0,-1,False,56000.0
-164.544201666255,59.59442409613964,-0.7220382301643691,-0.4814439079170793,0.7003982879377808,-0.7137522246925309,0.0,3,True,56000.0
12.103989671233853,133.85109213412005,-0.8405090957148601,-0.27624634956696736,0.9879107560655094,-0.1550236693208425,0.0,3,True,56000.0
295.7645884016098,113.92675536878909,0.6860978796227034,0.5436944210970794,-0.3536342142425583,-0.9353837942346364,0.0,0,True,56000.0
-89.53465710052198,123.96501255965713,0.7094376206731479,0.5032688037622086,-0.9504713377886009,-0.3108122199047213,0.0,0,True,56000.0
5.4867362793666175,-249.6783526997365,-0.75119512978803,0.43094267637771266,-0.08139085311733185,-0.9966822608176175,0.0,2,True,56000.0
-131.5367148126803,-40.915880373399524,0.2838061495661751,0.8660254037844386,-0.9596416879294596,-0.28122558700699346,0.0,1,True,56000.0
-17.611567975772385,86.04538330620144,0.10684537212389916,-0.8660254037844387,0.6468820092754916,0.7625901035781292,0.0,4,True,56000.0
-59.4968512874539,-94.31654994662416,-0.9626167569183376,-0.0647496763691368,0.9838617495722463,-0.1789303152857637,0.0,3,True,56000.0
-56.32684199847311,53.854516190597565,0.24484577654396608,0.7298240461242522,0.20765408000930347,-0.9782023221476773,0.0,-1,False,56000.0
201.7522818876149,2.7985468459303235,-0.4694349784734692,0.8660254037844385,0.5296645418951271,-0.8482072111569333,0.0,1,True,56000.0
65.20414008299424,61.8920700437207,0.507836272066733,0.5785282303967159,0.3654418352888573,-0.9308341769726002,0.0,-1,False,56000.0
-137.70616854591546,64.69778738970857,0.99749026736467,0.00434698443780596,-0.4994636455794648,-0.8663348467792494,0.0,0,True,56000.0
372.5125075904528,76.98172912494151,-0.23421347588848174,-0.8660254037844388,0.7657181849184062,0.6431762287934071,0.0,4,True,56000.0
-82.46276069690498,-243.40840333230287,-0.2049213945854203,0.742024133457773,0.9999997718119458,0.0006755559024027025,0.0,-1,False,56000.0
152.2134333371477,-133.5413883821338,-0.6667958913684636,-0.5771264454405212,0.0391603643331877,0.9992329387410205,0.0,3,True,56000.0
156.97642985938373,50.13100504522329,-0.9422823607418389,0.09996988368806721,0.9991196789498655,-0.041950770372417595,0.0,2,True,56000.0
257.15337480975734,20.4622991179159,-0.7468616329032638,0.18652156414115426,0.6762232727091328,0.7366967391309719,0.0,-1,False,56000.0
277.1263872515208,100.40285215917754,0.5274860057854183,0.818418245266962,-0.9861397020569802,-0.16591711191626224,0.0,0,True,56000.0
-162.5886407820124,-84.05996531930259,-0.8660062624529284,-0.2320839613275774,-0.21702810210874435,0.9761653563278396,0.0,3,True,56000.0
225.74759873439163,-69.74362013774876,0.572791766639459,0.7399463655921984,-0.7787566309153534,-0.6273261590312212,0.0,0,True,56000.0
-64.60226502171581,-80.47205696505091,0.6162895148426772,-0.6646060556893865,-0.828041506000847,0.5606668033149542,0.0,5,True,56000.0
6.206641803688772,148.73430749837684,-0.19491132498080932,-0.8660254037844388,0.7896129123883973,0.613605287289036,0.0,4,True,56000.0
81.25771022244041,-28.969344195237657,0.24739630522725853,0.7289634152359729,-0.9395844161919841,-0.3423172868097041,0.0,-1,False,56000.0
104.49186634632368,33.61192440696814,0.559880300960398,0.7623096801485139,-0.31032672062273525,-0.9506299629546361,0.0,0,True,56000.0
-182.92226672378948,64.5040199377289,-0.675660812045814,-0.36888353129163093,-0.349313401758645,0.93700594840768,0.0,-1,False,56000.0
-114.65325497997989,-57.48814480234786,-0.442867303604051,0.8660254037844385,-0.1506287962064345,-0.9885903933141803,0.0,1,True,56000.0
345.9337577855947,25.868918092674036,-0.6852221511409978,0.35080364333669023,0.7437830428811163,-0.6684211136119063,0.0,-1,False,56000.0
134.79040919488875,-225.0741590078228,0.06393336853011469,-0.7671408716663354,-0.411556307040958,0.9113843350279839,0.0,-1,False,56000.0
-65.4310786290775,-156.40782848711544,-0.08991024578048443,-0.7645317130742747,0.7168873170636907,0.6971890522899038,0.0,-1,False,56000.0
181.35195146506692,-46.65911844472152,-0.7569037633628558,-0.14031851481446894,0.8955099309704339,0.44504153012157005,0.0,-1,False,56000.0
105.15503134973427,6.392588506624855,0.6243105557872161,-0.650713205243855,-0.9993716452419867,-0.035444529704716066,0.0,5,True,56000.0
-152.48321815619474,-170.68579883216643,0.47486074786507565,-0.8660254037844384,-0.3905650895654523,0.9205753151222333,0.0,4,True,56000.0
-121.56501933748427,128.8584545219947,0.642757369335987,-0.42362195027745414,0.3306355914727953,0.9437584996444051,0.0,-1,False,56000.0
-31.720765842866847,-227.977573769979,-0.9636014395100184,-0.06304415609101698,0.9968872471829818,-0.078840449032019,0.0,3,True,56000.0
87.15548656424988,71.42840525397312,-0.7676569089289678,0.05740612133052503,0.5383660422505611,-0.842711103849356,0.0,-1,False,56000.0
36.350615756830024,-9.462955291414,-0.07588583215474173,-0.766050868461602,0.9266969085614933,0.3758095789922451,0.0,-1,False,56000.0
119.08965221755892,-174.0056580957442,0.3596736895786047,-0.8660254037844386,-0.8450842959561233,0.5346330823359282,0.0,4,True,56000.0
28.547434382408508,161.85937055870514,-0.262622819700535,-0.8660254037844387,0.5141236513662706,0.85771607837639,0.0,4,True,56000.0
-45.90992490646747,7.743103341282177,-0.2655237925980102,0.7225577542016702,0.43148801836751355,-0.902118667363121,0.0,-1,False,56000.0
-179.9096665620396,-223.08594365085867,0.9012084893224359,0.17111191585002408,-0.987980199973831,0.15458047890748644,0.0,0,True,56000.0
111.26526229559778,-45.01017705790586,-0.5168419466721372,0.8368542964499313,0.78700595482996,-0.6169454003894954,0.0,2,True,56000.0
-156.84303971685543,-73.52302475053182,-0.7697812106234129,-0.005429582280904274,0.7979495723600434,0.6027242155165374,0.0,-1,False,56000.0
-107.8641481145336,13.01141174327209,-0.8542078264611659,0.2525194519151598,0.6108364138603103,-0.7917568285161372,0.0,2,True,56000.0
-199.5999309340168,18.12195737803305,-0.8060914277276573,-0.33585949919883945,0.9999225051119445,-0.012449247778167638,0.0,3,True,56000.0
27.668408253419766,103.63596233391867,-0.7766320759835498,-0.38688459317767615,-0.032248235457517316,0.9994798903977675,0.0,3,True,56000.0
-46.85229813405706,71.32676462286435,-0.2595901043029858,0.7247106804377574,0.3551249473477635,-0.9348188443601833,0.0,-1,False,56000.0
-13.797170872354176,-62.00340435047152,-0.7133278723949252,0.2894061835156976,0.6388812333212158,0.769305381308019,0.0,-1,False,56000.0
70.60767939550249,24.04051505730792,-0.49877172423526456,0.5863611171419654,-0.08392600264493216,-0.9964719896112298,0.0,-1,False,56000.0
19.007866647680448,-36.61602679962211,-0.6236780643494043,0.6518087125494973,0.9928935126521097,0.11900618695251913,0.0,2,True,56000.0
27.057332824802327,0.6689505060642758,0.6764636324641873,-0.36740923579293616,-0.8333395610849531,-0.5527614095884643,0.0,-1,False,56000.0
-29.079924866001434,103.28031618340765,-0.3084811963429669,0.8660254037844386,0.5706624184112318,-0.8211847564420026,0.0,1,True,56000.0
-119.7833545511844,25.26927350636137,0.5541180701081913,-0.7722901567494771,-0.9065014221636929,-0.4222027612591467,0.0,5,True,56000.0
144.44528300912026,47.73255128617794,-0.26438420782212685,0.8660254037844386,-0.11370099994038468,-0.9935150137829606,0.0,1,True,56000.0
-364.88762950385814,26.518763931369268,0.6821462138265426,0.5505389070305623,-0.12888955958645476,-0.9916589541920244,0.0,0,True,56000.0
110.35907282102107,-13.091805017009477,0.7695514537777877,0.019574283667242745,-0.9852548643300425,-0.17109311007071512,0.0,-1,False,56000.0
-29.857323313707255,-233.70136057194097,-0.29193537023442434,-0.7122965198557984,0.35203658196133386,0.9359862418649585,0.0,-1,False,56000.0
49.30963652225601,125.8529678948768,-0.8614625443267019,0.23995391197747398,0.41638818291809293,-0.9091869340932155,0.0,2,True,56000.0
-178.36788071090788,-51.61379172679554,0.6708045700311939,-0.5701832103254543,-0.8643853947600499,-0.5028298810980327,0.0,5,True,56000.0
35.71367260271502,84.793826554835,-0.6072522466972163,0.4731144697362103,0.9741430286964146,0.22593220142742776,0.0,-1,False,56000.0
61.97735789691433,59.89208726958248,-0.07854570431628732,0.8660254037844385,-0.9199955033047937,-0.39192891434363364,0.0,1,True,56000.0
145.03002307195868,-26.44015384756596,0.5303881895714976,-0.5579255872924823,-0.8676759222035713,0.49713025861222354,0.0,-1,False,56000.0
2.850969713421088,101.46311955910643,-0.530546706944497,-0.5577748509416165,-0.4929819852050117,0.8700395176444891,0.0,-1,False,56000.0
65.12017667683712,56.818712222760645,-0.6672640664059227,0.3838635933193256,0.9917562719342943,0.1281385854397269,0.0,-1,False,56000.0
52.06665299413351,55.96067984113358,0.3586113716534557,-0.8660254037844387,0.7972488154318484,0.6036508314349442,0.0,4,True,56000.0
-182.54517604158806,-115.51801675358799,-0.535627781184784,0.8043162766114461,0.7199006407958678,-0.6940771335963654,0.0,2,True,56000.0
114.07885264271414,-57.24598436048321,0.09199092961519767,-0.7642841496859163,-0.8642146890026766,0.5031232168282539,0.0,-1,False,56000.0
56.340212544504425,178.26169516606083,-0.7894877065359223,-0.3646179878976325,0.6892923198721261,-0.7244833315991418,0.0,3,True,56000.0
71.76889459025477,198.20808897304954,0.5190844567054935,-0.5684574912861602,-0.8769747418147568,-0.48053647334885,0.0,-1,False,56000.0
23.19176070739588,-33.5094743483974,-0.7544005940159976,0.1532068416909063,0.5143927507337432,0.8575547201154098,0.0,-1,False,56000.0
-6.069536307063385,-74.55730544513625,-0.7223302452740443,0.2661420849000235,0.9999797702316197,0.006360748950022255,0.0,-1,False,56000.0
-231.37613728923958,-86.26256631883841,-0.14054658429167993,-0.8660254037844388,-0.939420059803914,0.34276807208038695,0.0,4,True,56000.0
-225.1609405205505,-64.02566922772253,0.6857347089749023,-0.5443234511108892,-0.6517040045360907,-0.7584733947023167,0.0,5,True,56000.0
173.0923945060096,96.15321503616542,-0.7617730583060062,-0.11088011648490614,0.3666602987259235,0.9303548921448648,0.0,-1,False,56000.0
30.731248601650165,108.46577149375045,0.8948911039293851,-0.1820539483217814,-0.7182378097601966,0.6957977066867238,0.0,5,True,56000.0
-47.00737272971837,-181.29747076962738,0.23801896250517998,0.7320789343237177,-0.2451962031721795,-0.9694734766612283,0.0,-1,False,56000.0
-115.57785808255174,148.85512972924911,0.7761259291751148,0.3877612651659745,-0.9820801092652094,-0.18846394611501482,0.0,0,True,56000.0
38.62229033371794,183.05340860529952,-0.7984897344426178,-0.3490260181920827,0.7114497161965927,-0.7027370072249226,0.0,3,True,56000.0
-201.4266811599206,-61.020634771239465,0.7553561030102935,0.14842422389116672,-0.9261231489696896,0.37722130499491735,0.0,-1,False,56000.0
386.23822003808357,251.44639243309265,0.3532917912624679,-0.8660254037844387,0.6673543779977384,0.744740313241429,0.0,4,True,56000.0
12.2463265193197,-241.3015082982098,0.474466162317129,0.8660254037844386,-0.024793705370421526,-0.9996925888360149,0.0,1,True,56000.0
106.15118872208,170.4972485371909,0.798809569555496,-0.3484720475265331,-0.8635643294784728,-0.5042386824233075,0.0,5,True,56000.0
-17.593018754580136,-151.9666014283777,0.7523957024374626,-0.4288632235507178,-0.34751767784889603,0.9376734312020325,0.0,5,True,56000.0
183.70690504114242,-129.60306639442894,-0.55632826068325,0.7684619943790649,0.4806277194505265,-0.8769247375318313,0.0,2,True,56000.0
-76.97341997530701,76.01262400605539,0.7829687035221999,-0.3759092323320939,-0.8824309669302337,-0.470441907786881,0.0,5,True,56000.0
-68.34657948364963,-11.436106269973507,-0.07978002694796328,-0.8660254037844387,0.5265282808973464,0.8501576144544283,0.0,4,True,56000.0
34.687067463219904,26.030081889935822,0.7068415689476829,0.5077652972497909,0.1945773683807273,-0.9808871737940166,0.0,0,True,56000.0
-100.68763732493154,182.81846926647603,-0.2900371302007708,0.7130715642188331,0.826072768708064,-0.5635634665223389,0.0,-1,False,56000.0
-52.16168318101243,26.534370071274388,-0.9623127656102826,-0.06527620475974771,0.9995423618359663,-0.030250072645401072,0.0,3,True,56000.0
130.3975017845618,-259.48792713302834,0.7650637034142402,-0.08526501223057367,-0.2623916992881499,-0.9649614480093257,0.0,-1,False,56000.0
41.481268364858984,-26.621327088808272,0.5736846054454113,-0.5133016326367326,-0.9519332945908969,-0.3063054074758202,0.0,-1,False,56000.0
13.418469233261991,-43.23591902916404,0.345263493266325,0.6880303138744154,-0.944026891540563,-0.3298685011453527,0.0,-1,False,56000.0
-140.97601060418148,-198.43529160348152,-0.2153864645644279,0.8660254037844385,-0.9697752927467194,-0.24399975733127166,0.0,1,True,56000.0
-19.685378056285227,284.5263710411436,-0.6697589196398185,-0.5719943299302712,0.5713679391537243,0.8206940222195759,0.0,3,True,56000.0
0.07605046176593498,27.36339987287566,-0.47706339457436164,0.6041548726525172,0.9404561677426114,-0.3399149843040664,0.0,-1,False,56000.0
34.13821541765597,-35.49589630250858,-0.8852521931152585,0.19874903158147433,0.9840430797369945,0.17793037183495047,0.0,2,True,56000.0
-147.55631287913928,73.42548639754006,-0.5092515190007783,-0.8500013028279024,0.6474836762169638,0.7620793193835544,0.0,3,True,56000.0
-85.22004833502231,70.01084709903853,0.3435764514561152,0.8660254037844386,0.966036866521889,-0.2584042811569545,0.0,1,True,56000.0
30.98703302768538,61.309033021423005,0.10941025113642414,-0.8660254037844387,0.17985763852747455,0.9836926501011417,0.0,4,True,56000.0
104.31240951433949,-89.89638020743742,-0.7010219863583269,-0.5178451099733987,0.9784305351236429,-0.20657610688874345,0.0,3,True,56000.0
-33.88929749219088,270.16574425214753,-0.193890815105285,-0.7449825128218787,0.9419781699485636,0.3356741386226767,0.0,-1,False,56000.0
-65.31291069794099,-69.02808619132179,0.5720268553193512,0.7412712308619099,-0.6723834926692266,-0.7402029713433895,0.0,0,True,56000.0
-117.84114114358637,95.68164385725755,-0.5103962187441062,0.8480186247130467,0.7359631510588693,-0.6770215951379693,0.0,2,True,56000.0
-139.24650642040444,96.61648975169713,0.4159141421058389,-0.6477715793309833,0.4147516154906341,0.909934666581962,0.0,-1,False,56000.0
54.64324806541545,-4.305507544569408,-0.8467513913752561,0.2654343763272945,0.7162200395775646,0.6978745266215272,0.0,2,True,56000.0
15.046949685611267,276.6133430739273,-0.14997433842984226,0.7550498595491053,-0.9539256116459603,-0.3000432092974777,0.0,-1,False,56000.0
41.801903841323686,153.52299217210077,0.5114524288296343,0.5753338210438008,0.5906397608946994,-0.8069353585324581,0.0,-1,False,56000.0
221.26193650957987,-145.08901657034482,0.8921601197975834,0.18678415159272668,0.218456404748511,-0.9758467088759093,0.0,0,True,56000.0
85.51063513996225,39.02461650258735,-0.7628389203029735,0.10329266316436136,0.9854428248836478,-0.17000717303977564,0.0,-1,False,56000.0
-25.313119632643733,222.57160088114236,0.42619801332574947,-0.8660254037844386,-0.3851825692511767,0.9228403915871232,0.0,4,True,56000.0
38.96580010370384,130.726556530124,-0.5375591639445219,-0.8009710235427178,0.9418598331841477,0.33600603362715437,0.0,3,True,56000.0
-100.60956567234012,144.20737717646935,0.5624524084640894,0.5255852745326276,-0.8018913468008498,0.5974698887186819,0.0,-1,False,56000.0
146.84609004795703,191.9941577543282,0.7130848215907695,-0.4969516664674763,-0.9985902809548751,-0.05307966448746898,0.0,5,True,56000.0
-182.7203399549547,73.03806293423304,0.9873828548552871,0.021853536437113914,-0.9921435299274485,-0.12510482014160162,0.0,0,True,56000.0
138.73985999769093,80.39075580883137,-0.5021352523068753,0.862327038301952,0.9861070827992043,0.1661108703632054,0.0,2,True,56000.0
291.2959355432632,-60.86423609096694,0.42231492723501346,-0.8660254037844387,0.6130863491767462,0.7900159039240326,0.0,4,True,56000.0
-99.64633962731862,-112.82345116181706,-0.5452151492034619,-0.787710468092236,0.8755681633291205,0.48309459877349803,0.0,3,True,56000.0
-6.983381479476127,-26.47540995784971,0.5613574689632195,0.759751150116312,-0.29518198936690393,-0.9554410464037033,0.0,0,True,56000.0
125.10963415638541,10.198391344509831,-0.5404247909710067,-0.7960076119373037,0.8542062249532227,0.5199343470581692,0.0,3,True,56000.0
-64.0813108505966,-73.93040714857642,0.6535718397146176,-0.6000311747868966,-0.21249074674340257,0.9771630787888523,0.0,5,True,56000.0
-5.816879178904271,87.58017421846446,-0.97289039998639,-0.04695520459644214,0.7229913890865041,0.6908570411500401,0.0,3,True,56000.0
-83.96763242823755,51.2594464369703,0.18233996244340134,-0.8660254037844388,-0.7583156213599298,0.6518875811067398,0.0,4,True,56000.0
-43.76907392299663,255.51209547499724,-0.5948928798887949,-0.4885642783198627,0.9076677852533591,0.419689398976005,0.0,-1,False,56000.0
28.34959810859243,-310.3286293299748,-0.979755133964889,-0.03506513656523705,0.4876633112256032,0.8730317834329554,0.0,3,True,56000.0
-40.455134693089356,274.32186432245055,-0.19596794556626473,0.7444388201209888,0.2723277615742186,-0.9622045470042593,0.0,-1,False,56000.0
170.99097791322654,-64.53295685240874,-0.4020737417137569,0.8660254037844385,-0.7450643498946463,-0.6669925895507948,0.0,1,True,56000.0
-59.64554640262714,44.39058006760404,0.5452547388059843,0.7876418968892148,-0.6619178777504513,-0.7495763624301128,0.0,0,True,56000.0
174.25885927387318,-100.76780133103253,-0.24983214583625024,0.8660254037844385,-0.9751852964474907,-0.22139023824961268,0.0,1,True,56000.0
22.602986774251345,-22.68272648798385,-0.9911419483375359,0.015342595535458128,0.8008385987101769,-0.5988802374561282,0.0,2,True,56000.0
319.5188670257323,65.00076220804128,-0.2511886634245496,-0.8660254037844387,0.7393698575506746,0.6732994978054999,0.0,4,True,56000.0
276.6929137386225,58.273887113386756,-0.41641222371379616,0.8660254037844385,-0.9022822964513788,-0.4311457497297591,0.0,1,True,56000.0
-15.686150231206772,100.83252842836104,-0.638099036770079,0.6268308556223394,0.5821683364164973,-0.8130682800808903,0.0,2,True,56000.0
117.90867805756059,0.36708070286913624,-0.998937072308765,0.0018410447659910011,0.9433254920875189,-0.3318689741110604,0.0,2,True,56000.0
2.97667299265283,-0.33202691275941804,0.5332547033319204,0.555186467744827,-0.5379432237027811,-0.8429810721907756,0.0,-1,False,56000.0
115.72548059100993,-72.48984444158228,-0.37523886130441747,-0.6721520583614666,0.4219356993614848,0.9066257582949977,0.0,-1,False,56000.0
125.8446206436863,134.41819244100634,-0.4513539551140431,-0.8660254037844387,0.4809196405269875,0.8767646772965915,0.0,4,True,56000.0
26.073072621392907,-24.715401958250304,-0.3314919894925957,-0.6947702163268321,0.5884871802976213,0.8085065482882328,0.0,-1,False,56000.0
-131.22036411054137,37.761381254852395,0.686794961756711,-0.3477143556113126,-0.13442863614213785,0.990923277446128,0.0,-1,False,56000.0
-205.24278673471215,394.8609003184112,0.714352321859188,-0.49475629160396795,-0.9997525615393715,0.022244453130267572,0.0,5,True,56000.0
1.6775638590975743,-66.96116899728571,0.9053861120236006,-0.16387606107675345,-0.2873581478028095,0.9578232064901495,0.0,5,True,56000.0
156.078971666658,-44.93238137842984,-0.7696282354417203,-0.39901560084423554,0.9501691105244483,-0.31173492169592987,0.0,3,True,56000.0
-156.72566305878402,-87.6376110289846,0.15106912902062475,0.8660254037844386,-0.8561759310785043,-0.5166844056496706,0.0,1,True,56000.0
66.59185546349424,43.51650077560174,0.2963019039600478,0.8660254037844386,-0.9052188909347862,-0.424945595923112,0.0,1,True,56000.0
-43.1643277298653,199.94924249316549,-0.5571022039579033,-0.7671214853051901,0.9332188805173656,0.3593083926734606,0.0,3,True,56000.0
102.80915070693543,-270.8254385699354,0.9180858503835356,-0.1418794689945146,-0.7652192373901233,0.6437697715237524,0.0,5,True,56000.0
-17.41974456925019,259.38002248797443,0.4293841284317008,-0.8660254037844387,0.18085300735906512,0.9835101370747823,0.0,4,True,56000.0
21.625804354739877,293.278785698881,-0.7474132174624595,-0.1842988739927798,0.6081243154629153,0.793841808512455,0.0,-1,False,56000.0
38.99908715957886,7.937553370079011,0.9947050170608771,0.00917117947577168,-0.8057823568928738,-0.5922117808012483,0.0,0,True,56000.0
-34.682422336511976,104.09006500719751,-0.9246025338994707,0.13059224204806907,0.990621687581406,0.13663334912450395,0.0,2,True,56000.0
-40.216462976155604,-24.18415693753964,0.6068957753187691,-0.6808764898178633,-0.7160627074407244,0.6980359582517478,0.0,5,True,56000.0
-3.6314558703113016,64.3902131213882,-0.6705055450786407,0.5707011367360075,-0.017687514359703893,-0.9998435636815501,0.0,2,True,56000.0
-25.724440606652767,38.08545883938804,0.21990875509643987,0.8660254037844386,0.9469728212474051,-0.3213136720063522,0.0,1,True,56000.0
0.9427512773281395,-132.88798546244408,0.01938730496295582,-0.8660254037844387,0.8813673866672956,0.4724315079658098,0.0,4,True,56000.0
-137.2794129121342,51.48920975480847,-0.8808654335756956,0.20634712198458502,0.6889156184895256,0.7248415486165474,0.0,2,True,56000.0
144.92796308794883,-42.75252551108581,-0.9058533100556815,-0.1630668503479934,0.9999445054116078,-0.010534993921207714,0.0,3,True,56000.0
-245.73608795352146,78.96077130768728,-0.9027355387014098,-0.16846698873997476,0.9692059229016383,-0.24625165788700745,0.0,3,True,56000.0
-115.70326852682186,9.60081051443511,-0.9133368127474091,-0.1501050434673431,0.6824351505115718,-0.7309461439434848,0.0,3,True,56000.0
49.60025381388936,-123.75897298890924,-0.1747407953149913,-0.8660254037844387,-0.8074317197346439,0.5899610308875556,0.0,4,True,56000.0
180.74648958730756,219.1436952427139,-0.551316117153071,0.5372551829064598,0.8937014404395665,-0.44866216171626405,0.0,-1,False,56000.0
-101.15747967809513,153.9518645142638,0.9275548078390421,0.12547875358686977,0.20003264760991085,-0.9797892323811066,0.0,0,True,56000.0
119.3648728976776,-74.1386459940711,-0.7111070096821688,0.29482098530036194,0.8631147527655256,0.505007845046102,0.0,-1,False,56000.0
1.9428059324714437,9.579103035543021,-0.6019745403279064,0.6894003188580232,0.9192458074056844,-0.3936840682155064,0.0,2,True,56000.0
-7.118324231062028,8.671677152060605,-0.5428930502416807,-0.7917324614742435,0.5330496375845659,0.8460839697516166,0.0,3,True,56000.0
-286.25463175593626,-25.09745547632639,0.8587831806819255,0.24459470594217964,-0.9370167237810003,0.34928449629834724,0.0,0,True,56000.0
-199.53233755770026,69.94390663239636,0.7337568471687338,0.23279493513732613,-0.8687568681851948,0.495238835291199,0.0,-1,False,56000.0
-30.631300091967734,126.58473114317971,-0.7207915033596787,0.270281707255757,0.6849146910060049,-0.7286232675695644,0.0,-1,False,56000.0
-81.84681225374186,95.34997993758348,0.5209663915372593,-0.8297105483905235,-0.9891908707184753,0.14663362945427166,0.0,5,True,56000.0
101.62802574501374,-195.73341160279446,-0.8215437303526517,-0.30909532595841877,0.9179893162421993,-0.39660511250455277,0.0,3,True,56000.0
80.9503023409597,73.75457282660489,-0.9004340977083466,-0.1724532014705822,0.7814825960958112,-0.6239270406057514,0.0,3,True,56000.0
11.30564897302073,150.21273642609947,-0.020561390256062073,0.8660254037844385,-0.8803141135794039,-0.4743912535370095,0.0,1,True,56000.0
153.13753479908513,256.95702783523114,-0.3871912409570644,-0.8660254037844387,0.3413655384635972,0.9399306193273542,0.0,4,True,56000.0
127.72350581455714,19.38239971649597,-0.5999369309346878,0.6929295618530578,0.7234197317207407,-0.690408496295332,0.0,2,True,56000.0
196.64526012155534,40.86349247132843,-0.7077954509800786,0.30268497181805964,0.9401253877184128,0.3408287771988552,0.0,-1,False,56000.0
150.8218822095376,35.337522101522715,-0.8845003138581693,-0.20005132465590972,0.46695113515832404,0.88428312059771,0.0,3,True,56000.0
-23.234714823686822,512.5250802607666,0.1869497278637967,0.8660254037844386,-0.8354249045642891,-0.549604611364796,0.0,1,True,56000.0
-154.40053673620585,-10.802645752700473,-0.7435672697429219,0.19924936125280118,0.7673508399316141,-0.6412274857302576,0.0,-1,False,56000.0
54.265821384463884,-64.25570814094566,-0.4375025290846907,0.8660254037844386,0.5038136647099176,-0.8638123588206484,0.0,1,True,56000.0
-107.5092769635619,-7.713247512642823,-0.6158025731509904,-0.6654494634397121,0.4067337335297338,0.9135467530502885,0.0,3,True,56000.0
-34.1745307002431,-81.03967771837249,-0.21064119215221302,0.8660254037844386,0.6795717232309424,-0.7336090736793123,0.0,1,True,56000.0
81.98218077802638,159.69266400761552,0.1812233923968638,-0.8660254037844387,0.9734870755519136,0.2287420244140364,0.0,4,True,56000.0
124.1958758597979,123.38517408775886,-0.7858116399775371,0.3709851219487605,0.8819740243341178,0.4712980165453352,0.0,2,True,56000.0
87.62656013329388,0.47681680101802437,0.9800665792988207,-0.034525697423087864,-0.9999599785047691,0.00894658529123292,0.0,5,True,56000.0
-207.14367870860877,251.06091724625193,-0.4446472492002218,0.8660254037844385,-0.9841238678151845,-0.17748299297718362,0.0,1,True,56000.0
-136.8570374685973,107.62441516931325,-0.7565029032788638,-0.14246385479567203,0.4472269120102484,0.8944205326206813,0.0,-1,False,56000.0
73.3010386551082,-56.57061992987195,-0.6516404943879598,-0.6033763630196295,0.7142378118853672,-0.6999030990593217,0.0,3,True,56000.0
375.48246856414676,-18.27338824808988,-0.5398288228947772,-0.7970398589250225,0.77642447563872,0.6302103090467223,0.0,3,True,56000.0
-59.94034498401022,91.87437536467834,0.6161173702331799,-0.6649042188992852,-0.7510122455419439,-0.6602882757141599,0.0,5,True,56000.0
100.24956007620642,-276.2813343350485,-0.14757900039886995,-0.8660254037844388,0.8417929539340709,0.5398005397427452,0.0,4,True,56000.0
-158.14123866603774,-233.22432520423928,-0.8037596042165112,-0.3398983359944277,0.9395665859675777,-0.3423662228270763,0.0,3,True,56000.0
45.825297246148864,144.4911282480565,0.9513789142411461,0.0842141908534993,-0.9999184704133394,0.012769202238122099,0.0,0,True,56000.0
-143.2735181503315,26.871667481700463,0.7892063064901704,-0.3651053870741264,-0.9513588683024625,-0.30808489690646107,0.0,5,True,56000.0
245.39563354197307,-122.35845792954228,0.5926317453468671,0.7055825144498826,-0.9993100975784971,0.037139317135467836,0.0,0,True,56000.0
-76.1400222144526,14.763761514121375,0.10711411555603684,-0.7623117202570352,-0.9961658689459709,0.08748463606129203,0.0,-1,False,56000.0
-5.129220791612404,100.6351172285639,0.3440771749935671,0.8660254037844386,0.45085262527327286,-0.892598403697652,0.0,1,True,56000.0
-10.509088553449041,-23.81356440713419,0.11958396471947458,0.7604553030747855,-0.8151492131481342,-0.5792510339252744,0.0,-1,False,56000.0
132.05319302329372,-154.30986648514283,-0.9854664054966967,-0.02517292409632477,0.8235646849939041,0.5672223634789598,0.0,3,True,56000.0
50.534167667361615,-93.78895000764118,-0.3438984103135577,0.8660254037844385,-0.8111627058784645,-0.5848205405006903,0.0,1,True,56000.0
100.65957091272348,-110.48412732241431,-0.7055059089305957,-0.5100787282610245,-0.16089510612724128,0.9869715116577243,0.0,3,True,56000.0
9.80146484748492,35.74102504325527,-0.2049058474608106,-0.7420284268604265,-0.49736264728277013,0.8675427350208564,0.0,-1,False,56000.0
-52.1035265521527,35.39533025620978,0.22944485286872618,0.7348113037267738,-0.9752640166725444,-0.22104320343174558,0.0,-1,False,56000.0
-97.71099436677085,7.145716309314833,0.18408267651344312,0.8660254037844385,-0.8861540078811253,-0.4633908440139553,0.0,1,True,56000.0
204.14514702513395,208.97059115747584,0.542799482604937,-0.7918945253750275,-0.640867926329248,-0.767651158406029,0.0,5,True,56000.0
276.3774038301149,-54.24414243480871,-0.9343448044363823,0.11371813449705692,-0.021831542195493714,-0.9997616634804005,0.0,2,True,56000.0
22.20692909956045,7.7013406052546305,-0.09068370290302952,-0.8660254037844387,-0.9758965423565216,0.21823367892276319,0.0,4,True,56000.0
60.3523489916675,32.49992587282962,-0.7243777703009104,-0.2605176356534695,0.9488271965168426,0.3157957427667643,0.0,-1,False,56000.0
