xFrame,yFrame,pX,pY,vX,vY,vS,wall,isTorus,time
-35.93397707053202,65.09868265467357,-0.449923269934991,0.8660254037844384,0.47159457159032214,-1.2764226449376723,-0.33225628690524256,1,True,95000.0
-8.67669498684426,-22.977490073913728,-0.6112813314708824,-0.6732804837429575,0.5989762940126785,1.684509389885755,0.3350625773521699,3,True,95000.0
-1.097172690665894,-1.028275295970005,-0.6665504349487525,-0.38510142853827634,0.5444587232461368,-0.47438300032376124,0.6919017024264936,-1,False,95000.0
1.5590533098981305,-1.9119802729210913,-0.666577122726776,-0.38505523246657064,0.6163847608850999,-0.37903557688447626,-0.6902984601073381,-1,False,95000.0
-1.1868433133531537,-3.748243483306927,0.6928896243897102,-0.3354050700357386,0.90426270846861,-1.8707767982584582,-0.21774875763995868,-1,False,95000.0
-2.6910480530402365,1.9918006425405979,-0.1542151750348709,-0.7541951155911556,-0.718489290099877,0.874251918914236,-0.6766436244428212,-1,False,95000.0
-0.4513252848110419,-0.3979943340317741,0.12191837308436257,-0.7600845366780294,-0.968370157420269,0.8677690373353397,0.24373110282636104,-1,False,95000.0
19.551219741416297,-7.113754803924519,-0.6666123898434403,-0.3849941743712617,0.8056682191104265,0.08910396841152594,-0.5856169339726693,-1,False,95000.0
21.075562835102943,-29.819296715135547,0.36591064646407334,-0.8660254037844382,-0.8304527919648379,1.0085610665993716,-0.5051763888959554,4,True,95000.0
-0.7333956263145734,0.5566456910818465,-0.6666212884121037,-0.38497876620455224,0.9042040458195661,0.4266539929864229,-0.018400741312481265,-1,False,95000.0
1.7973067319744036,-2.4920584773324306,0.12261203370375448,-0.7599729480604039,-0.5811548829116142,0.9551572564822768,0.7070213254632874,-1,False,95000.0
4.645205939694234,-11.407400744616469,-0.6666296931074458,-0.3849642124406696,0.6944358435077036,0.6755043824226332,-0.2477513966430812,-1,False,95000.0
-0.905966253811977,-5.481771019328714,-0.6666343290896,-0.3849561843532993,0.5459740958888871,0.7427653039855329,-0.38745838432531426,-1,False,95000.0
-0.7998668459695453,1.403857936238948,0.46109233021277296,-0.616430414249287,0.4375447748296748,1.7153615548978638,0.24698296122618726,-1,False,95000.0
-1.5195657478287246,6.905914931537591,0.005183284029976202,-0.7697829084613771,-0.29850820524136357,1.2963078540187138,-0.006652594566971161,-1,False,95000.0
3.4726914372775766,22.29087090487382,-0.6666554849046034,-0.3849195461901145,-0.1289786675680311,-0.9300400578018941,-0.3438440455405096,-1,False,95000.0
-0.0679614743342815,-31.706210396677516,-0.6617906416928666,-0.5857957921832225,-0.022301255994312874,1.0276916147324324,-0.5873191844617531,3,True,95000.0
-3.3370475955858097,7.399615121578607,-0.6666961947719174,-0.3848490307500303,-0.15261473709399254,0.7811088392899944,0.6052069280671937,-1,False,95000.0
0.6454257457169061,-10.397669021684708,-0.24922413932638718,0.7283405254203666,-0.26552402038181216,2.281329107346036,0.653112792016412,-1,False,95000.0
-3.24349684450881,0.4907511027649128,0.5499891468999835,0.7794416615266433,-0.4568284175738849,0.1710079966117728,0.406486392866206,0,True,95000.0
0.8884574323012412,13.877479381010211,0.8561295546251138,0.24919092109686622,0.21332406953273245,-1.1215819614833606,-0.6900800187683792,0,True,95000.0
-0.08364535299603598,-0.20668069913598555,-0.7355199096089485,-0.22716305853161217,0.38776147487941925,-0.7739910117074182,0.5008989831771115,-1,False,95000.0
-25.58559442367148,5.777229134961478,-0.9865165083849531,0.023354092540690853,0.5791307739335956,-0.36120769548318943,0.18281981351380916,2,True,95000.0
-2.623643071170283,-8.592447811365352,-0.7355560452957042,-0.22704602357569775,0.5374892799588018,-0.5270943474559688,0.6583035711966997,-1,False,95000.0
-1.5123618129174623,-1.4870500376482958,-0.7355609443410075,-0.22703015163796572,0.6732987468678869,-0.47084921897255716,0.5701094944222478,-1,False,95000.0
0.39394099135118077,-1.7266826422245765,-0.7355641125125669,-0.2270198867416513,0.7400828159203818,-0.35287147170456035,0.5725326588123439,-1,False,95000.0
7.167469846110833,-2.697636026591212,-0.7355664366186483,-0.22701235629968752,0.9364220049484545,-0.26881683668576717,0.22554549752987027,-1,False,95000.0
-1.4515272641311106,-0.20746256311070221,0.7649490480172394,0.0862875803931918,-0.8406657323560754,-1.6872502630517798,0.5329060447405691,-1,False,95000.0
1.4788593153269538,-1.4789865226898153,0.5072356009633091,0.5790549522350905,0.8406125292248543,0.3489838344003251,-0.5399226648500137,-1,False,95000.0
0.8353173652438737,-11.246016440729477,-0.73557139665218,-0.2269962841540667,0.804282362249458,0.17688554197401485,-0.5672994597347685,-1,False,95000.0
24.690021842032824,-1.541270156283562,-0.7355728374111219,-0.22699161538599497,0.9154461860619949,0.3676003010331406,0.16372614869510313,-1,False,95000.0
6.49209424905289,-15.213841272355301,0.24817244673998592,-0.8660254037844385,-0.6250941502120376,1.1929379323067715,0.6813236547497211,4,True,95000.0
-0.7769369323061346,-12.41989710644067,-0.7355759298903564,-0.22698159387608918,0.5398969558048153,0.466426710155603,-0.700653488403194,-1,False,95000.0
-5.593245218467585,-24.644472032731997,-0.6731264279933267,-0.5661616343670838,0.5930546650240064,3.1382921736511014,-0.371457164975384,3,True,95000.0
-2.479713861430955,-5.429301554114481,0.3974442326228501,0.8660254037844386,0.49842890787479044,-1.4177235717872945,-0.1402641338617383,1,True,95000.0
0.45284279210692296,9.94030668970508,-0.061527610564447416,-0.7673375696072896,-0.3129746908967785,1.3277602018497001,-0.4687958513370562,-1,False,95000.0
1.2106729106822136,-5.337772266718334,0.549275745945478,0.539341030803916,0.17529704491801978,2.1062135848934576,-0.44339639582473317,-1,False,95000.0
-0.5602916177349532,3.788871432307139,-0.735597430195357,-0.22691190643635104,0.030981214218060216,0.9832797301606411,0.1789404129619446,-1,False,95000.0
-2.638949356784876,23.066224652621784,-0.6503194297470006,0.6056645140978534,0.11690720829006726,-1.5976568629661818,0.482278510506256,2,True,95000.0
0.7397006498588542,18.14717278068522,0.5269398306483283,0.8193642483542326,-0.21869509205658488,-0.37681135225824747,0.6704496209765074,0,True,95000.0
-11.096919499640032,21.973922648820498,0.7546816682184367,0.4249038146737069,0.053989669989857436,-1.1340306258807873,0.6914103901361325,0,True,95000.0
-0.9972638852035485,0.8533156469197619,0.2702496772486521,0.720803513129336,0.23252601843286957,1.0377344534271886,-0.21030485136450833,-1,False,95000.0
-1.3317004703584565,-2.1695625927875613,-0.6307639926434293,-0.44128151805521176,0.38844665566412284,2.604275681147487,-0.17412158212888787,-1,False,95000.0
2.904568038873845,3.8198733939139387,0.20416717703349974,0.8660254037844384,-0.4270424748856605,-0.571829898880251,0.6126914277641644,1,True,95000.0
0.9795860256202671,-5.282971253009356,-0.7676396628660639,-0.057636278397102045,0.4955974083978472,-0.5469591905747702,-0.6747124600187672,-1,False,95000.0
-2.988960692814509,1.49897720204097,-0.7676398668995263,-0.057633560874457104,0.6131284374973309,-0.48503009331069813,-0.6235639050975463,-1,False,95000.0
7.709817286003116,-9.886098354315042,-0.7676400165756059,-0.057631567256112015,0.8738166811837449,-0.4818282584626709,-0.06553293687134841,-1,False,95000.0
-1.5162198049498463,-1.5776661390562219,0.06264429404137227,-0.767247212452838,-0.9089007998907979,1.2335600673989515,-0.2673365206079919,-1,False,95000.0
11.602101832495878,-5.490155520145527,-0.7676402406343042,-0.05762858276497765,0.9076932366373363,-0.15883128482319464,-0.3884176501114471,-1,False,95000.0
40.84164534670038,-24.315035298572315,-0.7676403360336773,-0.057627311985682196,0.9990044813077505,-0.007873502398471566,0.04391096136873299,-1,False,95000.0
18.16365448323509,-1.5621377892207435,-0.7676404288242031,-0.05762607593083112,0.9742252437483256,0.15468769370114693,-0.16417837249638176,-1,False,95000.0
7.042498933789799,-2.083219566653776,-0.7676405242090885,-0.05762480528894123,0.7292923193138342,0.24395455616102582,-0.6392292173921938,-1,False,95000.0
45.40288082060212,-5.746542960653208,-0.7676406280068602,-0.057623422545226594,0.8720191593486952,0.46306556350215416,0.1585724092916588,-1,False,95000.0
12.337407506589727,-3.646724484042125,-0.7676407481872503,-0.05762182151851181,0.6093645574465882,0.46661808564962437,-0.6410394181182951,-1,False,95000.0
-3.2585047092751065,-0.0973707057347065,0.5105760144479263,-0.5761117305376304,-0.6582749695473779,1.2379043227615742,-0.2669005573405048,-1,False,95000.0
3.257234136583989,2.861782845327544,-0.767641101621932,-0.057617112850777086,0.5327594188604677,0.801580851927032,0.2713213213478701,-1,False,95000.0
5.0876684566878225,4.870746724283337,-0.7676414166830814,-0.0576129150918808,0.31576343799374684,0.7047112185274169,0.6353320975587748,-1,False,95000.0
-3.595661614743497,-17.4127095766318,-0.767642012515463,-0.05760497559935267,0.24826590612569088,0.9488967911287857,-0.1947161141364437,-1,False,95000.0
-1.001390299152128,-4.993766285729924,-0.7676437344130681,-0.05758202505080313,0.0902121770779929,0.9935306662031634,-0.068323662011968,-1,False,95000.0
-9.535158250968198,58.415453223118966,0.7554572444777112,0.4235604771874992,0.059060915870345676,-1.1793208584124004,0.6126903529450726,0,True,95000.0
5.978591363217744,5.020087200993104,-0.6185072025996297,0.45830277429334054,-0.12991083050343533,0.23650616248235234,-0.4901510406285794,-1,False,95000.0
-0.619301578321139,-10.212064087646938,-0.7612008991420641,0.1147422491408703,0.012962034926016663,-0.8231677583399492,0.5678097472012386,-1,False,95000.0
-0.8912233022810612,0.4309654885600551,-0.7611940567645819,0.11478763234282174,0.17432980588724017,-0.9521474639350056,-0.25122627453157453,-1,False,95000.0
-1.4660158704398332,-8.195152599440268,-0.5907271295939803,-0.49359300132219186,-0.3266354896618282,1.4267180431261288,-0.27319675135654026,-1,False,95000.0
4.269589556875178,-13.867552428999277,-0.7611904379385099,0.11481162738839497,0.4205341056788344,-0.7486974280832928,-0.5124895631771862,-1,False,95000.0
-0.24961955243835757,-0.6947703948585533,-0.2524949531996072,0.7272130988928356,-0.5155063096875191,1.6280406080928853,-0.5683995253297575,-1,False,95000.0
0.602234233881533,-3.0638621650838926,-0.6372824470669876,0.6282452304770303,0.7461488032654061,-2.8418818284337775,-0.019969814373092136,2,True,95000.0
-0.4323942878039857,-5.297005916476851,-0.7542835211932599,0.15378219093539197,-0.7937104529158812,-1.3802376770339775,0.345137186511454,-1,False,95000.0
-2.0377963280817477,0.978442855585551,-0.12762109208514316,-0.8660254037844387,0.8854657582412967,0.6066018748645405,0.2786577405363476,4,True,95000.0
-1.7491568748755033,-3.6073212876495617,0.15952238361005733,-0.7530904339586036,-0.8074465177385554,1.331287222315294,0.5581674485430415,-1,False,95000.0
22.059152112759943,-11.419599284775229,-0.7611873966140147,0.11483178927705984,0.9267978375657557,-0.062135901981005964,-0.3703874989952555,-1,False,95000.0
11.06050374251719,-7.2834118393947795,-0.7611870176476254,0.11483430130978192,0.9623135740780011,0.09500278954311656,0.25480194759107344,-1,False,95000.0
55.37951810502558,-23.75771572274839,-0.7611866052133867,0.11483703512505022,0.9339807069253483,0.2522140463551388,-0.2531000269784113,-1,False,95000.0
57.389811853845686,-18.624077548533577,-0.7611861275944265,0.1148402009332694,0.907600313488188,0.415254726182708,0.06172812540518846,-1,False,95000.0
3.4422716891398095,2.5164582278866776,-0.761185533039523,0.11484414170487611,0.765880269413001,0.517741513616916,-0.3812458977967493,-1,False,95000.0
24.682416649185,-10.601236194178773,-0.7611847225545187,0.11484951346084304,0.6730804765210108,0.6394592011134468,0.37151198542836866,-1,False,95000.0
6.167010249337916,4.664235485821714,-0.7611834694509542,0.1148578183111649,0.5460029773577557,0.7247337556340978,-0.42022812319148983,-1,False,95000.0
-1.1087157386700914,-1.0069340829809457,-0.2844356178350062,-0.7153243822905875,0.40470600491042763,3.3051479850461223,0.4824709617409402,-1,False,95000.0
8.632133452207126,13.405688280889247,-0.7611742334050076,0.11491901058089314,0.2753867682533717,0.8451861273467884,0.4578756347015925,-1,False,95000.0
10.337514222112063,71.6410285186034,0.6839288125015983,0.5474513555558608,-0.1473015121696914,-1.3497752237402914,-0.15239024358181727,0,True,95000.0
-1.962710181014902,12.244442344329942,0.6288352576861522,0.6428761916657941,-0.32861968443069267,-1.3076943802618195,-0.43694649379272205,0,True,95000.0
3.0918930640689517,6.474342831171725,-0.7166329224720935,0.28112247690588354,-0.1844893229114051,-0.8715761241256115,0.45470110967461896,-1,False,95000.0
-0.7310743291421186,12.931239391558638,-0.6594259066547248,0.5898916334157217,0.040206787826657875,-0.49380425838971276,-0.37072470264771,2,True,95000.0
-1.2535581450288622,6.508773062043558,-0.6054550509019094,0.6833718977075697,0.12069021652948908,-1.904813293499041,-0.1309859215214603,2,True,95000.0
-1.3858437939575554,-0.016979008634867926,-0.5381607679054566,-0.5504321760943864,-0.2641647771846726,1.5691782429689929,-0.3625469181433525,-1,False,95000.0
2.2451080828101917,-12.774822392294622,-0.39429130068386253,-0.661155778011219,-0.43074188108092915,1.633743781116825,0.17416529200374753,-1,False,95000.0
-0.2693182617309477,-1.33687223666873,-0.7165616557850049,0.28130408111373817,0.41709404156092067,-0.5866754653830326,0.6942014116603422,-1,False,95000.0
15.82096898627081,-26.988569665247713,-0.7165587892518921,0.28131138288106083,0.580974088416983,-0.5833142647302452,0.5676883958268988,-1,False,95000.0
-8.947522575976006,-5.000099347647273,-0.7165563137203491,0.2813176884948706,0.6438507702555354,-0.461664325975493,0.6102181266924592,-1,False,95000.0
-7.7170772160019645,-12.187769598479647,-0.13191956272241312,-0.8660254037844388,0.7569888853646293,0.8372584841699313,-0.5372572580878257,4,True,95000.0
-2.4337283863982666,-0.773439680132312,-0.38401786886071765,0.667175291050459,0.9577847162014506,2.497802018753959,-0.01286328363809224,-1,False,95000.0
-0.5653648451340435,-0.23201023347159777,-0.8331114786819855,0.2890593981228429,0.9821490162423767,-0.005746131625170264,0.1411056304066517,2,True,95000.0
-34.884240823797555,-11.615188997786186,-0.8453032869042418,0.2679425668457593,0.9974045092689059,0.16833773971363974,0.060339207457497754,2,True,95000.0
53.15437560688033,-36.58111867971164,-0.7165442069692034,0.2813485241679218,0.9027764574410557,0.18739057141238855,-0.38711974461675197,-1,False,95000.0
4.301655449783811,-4.164699847528232,0.5586960511631965,-0.5295765431051899,-0.7891859931065105,1.3097945963950595,-0.5324058349949301,-1,False,95000.0
14.060134083203948,-2.3081105790617187,-0.7165357720202509,0.281370005522862,0.6853123425867869,0.40645703524285653,0.6042176461612894,-1,False,95000.0
17.44521751179936,-3.513558412514614,-0.7165282484584702,0.28138916424345317,0.7041383133231813,0.5939150365265693,0.38904387925695516,-1,False,95000.0
-5.252422146362462,-18.022321872878546,-0.7165140107586314,0.28142541637025675,0.6317010896581183,0.7427626277495293,0.2215533407063775,-1,False,95000.0
-1.487881745857472,-1.0373316076066963,-0.7164727810380505,0.2815303653679194,0.5134578099735614,0.857626496157117,0.02136452905920715,-1,False,95000.0
7.4044171749854275,30.326005905325783,0.6318141188021571,0.6377166528641822,-0.30518113830656074,-1.274339530357082,-0.5497454314479946,0,True,95000.0
69.13956144794288,84.21881733198279,0.5742494601623886,0.7374215663486201,-0.5526214151435462,-1.3347964901337548,-0.1939678893258797,0,True,95000.0
3.5072397114433054,3.9676757030415204,-0.7671588067269253,0.06371779856455051,0.3154015085310333,1.0979389419246361,-0.6596243907364867,-1,False,95000.0
-0.810219606466865,1.3863087861491845,-0.7533303642767076,-0.15838546287874816,0.2044828725273159,1.3191032445445203,-0.6343597375128887,-1,False,95000.0
3.1190849705434056,16.94550103996432,-0.6051430306450557,0.6839123326454305,-0.0971020129458584,-0.6271592272360963,0.3112969695464303,2,True,95000.0
-1.1801830268116607,27.53162943490328,-0.7408161978216666,0.44891951387175455,-0.05774738564770171,-0.8988398732806682,0.39799630610567116,2,True,95000.0
-1.035819393735207,-2.1923196111192467,-0.6711275452962068,0.569623800756864,0.20183854533766232,-0.6946918050773241,-0.4526641821839881,2,True,95000.0
-0.5759733679270558,1.0992534901512234,0.7446124579011076,-0.19530714306205454,0.37606725694672527,-0.5880254466725467,0.1971064094427753,-1,False,95000.0
-0.0015774253827620897,-7.404118593052323,0.6768696328894991,0.559678213303771,0.4280583577831132,-3.7513622063227423,-0.590411415025055,0,True,95000.0
-2.027455580456394,-4.65385953062591,0.3794852220838834,-0.669763808228347,0.6226894069958846,2.483214069665492,-0.34208622300888086,-1,False,95000.0
3.7448601161894453,-10.545414766427974,-0.6359949884470688,0.43370838966153874,0.7654899271806456,-0.6204380281541549,0.17074252853370103,-1,False,95000.0
-1.8951667564931207,0.8262034227161925,-0.03487750184037895,0.7690098519901855,-0.6231394052200786,-1.0891784986772306,0.6977868936801805,-1,False,95000.0
-7.438846504456523,-14.404762097848709,-0.635984321000078,0.4337240321156553,0.7493691064995702,-0.27393507499074676,0.6028643449856483,-1,False,95000.0
0.2492734414322939,-3.2035527685913334,0.5279366947748814,-0.5602458736151174,-0.934249184577913,1.4207595178626484,-0.3108063167355418,-1,False,95000.0
7.577676437643466,-3.4290622098603953,-0.6359716198274554,0.43374265569186854,0.9428285739848927,-0.018632555329603256,0.33276081845933947,-1,False,95000.0
5.135289004144387,-4.08858815068905,-0.6359631365656437,0.433755093943784,0.8157844899119526,0.11958421120477847,0.5658383694564166,-1,False,95000.0
1.61449997830174,2.9013599269364914,0.351442669715856,0.8660254037844385,-0.698745181679451,-0.9580895662013313,-0.6791962308313564,1,True,95000.0
5.665441899858119,7.926455737628032,0.35822350350515925,0.8660254037844385,-0.8603045335398871,-1.0317664154465271,0.25064345053691833,1,True,95000.0
29.721336719598266,-6.919116234963958,-0.6358998678512264,0.4338478427506411,0.5867944251881818,0.43821316581436376,0.6807597257087615,-1,False,95000.0
-0.084065785658597,16.10453031652453,0.7007989023293828,-0.3185490403164393,-0.6449334332151625,1.3993456221994927,0.3612184141861553,-1,False,95000.0
-0.9231933386522607,3.712000641202305,0.13799023339007738,0.7573316896060432,-0.46673253623742683,-2.240003197601904,-0.5599316240626543,-1,False,95000.0
-0.6401731271050386,5.36410790724758,-0.7517724072780861,0.16562258374963137,0.5751523059069015,-1.6776201598080498,0.6200026230096787,-1,False,95000.0
-1.3186966141207528,-0.4306163098457487,-0.761947176172523,0.10967722332057081,0.44109484478968,1.1117049793572966,0.6920983443141151,-1,False,95000.0
-0.25199826318921986,1.2989564033368666,-0.7620876921452749,-0.10869655962026181,0.35299344038981495,1.334077431357377,0.6647054577301303,-1,False,95000.0
0.2000872654280661,4.119409187810289,-0.5236466499514191,0.5642577235512585,-0.32090278941938033,-0.9470337762908879,0.020980162920054463,-1,False,95000.0
-0.5300554051068911,-10.2709878373974,-0.5236163955346654,0.5642857989705898,-0.11393950646327006,-0.6999278215700574,0.7052335950578517,-1,False,95000.0
-0.6678223265915969,7.587721767282965,-0.5249762786383207,0.8227652201988694,0.003216112931601234,-0.3881273372408867,0.5767352723699032,2,True,95000.0
-0.8187490730114173,0.9962692719006901,-0.3975905157375423,-0.659177043280595,-0.12776236098646054,1.733758061720125,-0.6518596759952962,-1,False,95000.0
-1.960558834716433,-9.230376356255228,-0.5235709293195654,0.5643279849201517,0.283526046858312,-0.8155087632745743,-0.5046876816630886,-1,False,95000.0
-1.8423545610792649,-6.848280465654246,0.29712053095055246,0.7101492678868677,-0.34276045280636425,-1.3543468524095434,-0.6991561594174942,-1,False,95000.0
7.6622795080454,-14.890331228236471,-0.5235518102848196,0.564345722531925,0.5373327471573739,-0.6848705375348708,-0.4922820417901987,-1,False,95000.0
-1.7309458152545505,8.24399052467821,0.8408814710836032,-0.2756013765088165,-0.5517468504494782,2.9769361562884606,0.6645597834204824,5,True,95000.0
-7.082496733380888,-12.005703505116875,-0.30258761921333455,0.8660254037844386,-0.7663039992586742,-1.1726799849148106,0.40793016771193163,1,True,95000.0
8.828053292653427,-10.317538073904803,-0.523523782428821,0.5643717230903872,0.8898726850745364,-0.3862467220170335,0.24290701100723328,-1,False,95000.0
2.5809015703826956,-1.0580198554496456,-0.523512244351902,0.564382425848136,0.8011429839618367,-0.19963012453213594,-0.5642340551059402,-1,False,95000.0
6.138135344015464,-11.357840214004034,0.6799410121981461,-0.5543584282918786,-0.8410787591127361,1.4973068545028294,-0.5368265540806357,5,True,95000.0
-3.7443202665205453,-6.3796050001702715,-0.5234782983633546,0.5644139117130255,0.9538246964812753,0.08269357601590338,-0.2887206010600078,-1,False,95000.0
-5.220413305185073,-2.8491228591368256,-0.7292645741919351,0.4689275129083627,0.7051713689018269,0.47318662785988297,-0.6854049299168914,2,True,95000.0
-0.24632887862847963,-0.34573879040866606,-0.7507705141138724,0.4316781322990436,0.8978446036012802,0.6510739531256466,0.1882251280539833,2,True,95000.0
11.56176991708306,-2.895203883586653,-0.5232252035864251,0.5646485446049925,0.5980705379280462,0.39348514922074507,0.6978475248090942,-1,False,95000.0
3.3259163082930256,-15.675737647122341,0.4162387587472077,0.8660254037844393,0.6877640447272069,-2.9093380873336576,0.3460389150871205,1,True,95000.0
3.647969122085141,-8.606708116163013,-0.3221923570328216,-0.6991313736789583,0.8583021391125149,2.1701169881509212,-0.13325383294413154,-1,False,95000.0
7.583758589299037,2.9878762711527362,-0.7341759491629087,0.23146979989479083,0.6427519377957298,1.0727549696046368,-0.5537693158578784,-1,False,95000.0
-2.285060379151446,-1.4379773303454224,-0.3850753245474718,0.6665655159226673,-0.5988997419358093,-0.6879709557450548,0.41038684753236704,-1,False,95000.0
0.16659496923619374,2.3387941417630693,-0.7435524224611573,-0.1993047607176933,0.47705075430348776,1.527885239071669,-0.41247076110058156,-1,False,95000.0
-3.74855028652043,-17.42408943242844,-0.7043930219971025,-0.5120063049729138,0.36075480075676786,1.773821129518064,-0.2845356171549764,3,True,95000.0
-0.3636663715540018,-0.7685331785604391,-0.5827789320817354,-0.7226480876225797,0.19661613863668626,1.8837601126666463,-0.437743578516288,3,True,95000.0
-0.5437784448566414,16.88900929591785,-0.3160432824845191,0.8660254037844384,0.04754312180362735,-0.586571303007722,-0.5051299671822699,1,True,95000.0
-1.1919412414577195,-15.305125821204298,-0.384889776860422,0.666672672501976,0.09441929399415888,-0.8531939893692232,0.5131598208682185,-1,False,95000.0
-8.118252903373707,14.206935678761244,-0.4518187903627679,0.8660254037844385,0.24470301483174803,-0.5919002354265784,0.43732947716824533,1,True,95000.0
-2.710335006278667,-11.913359863957908,-0.4928772388508377,0.5913244625544986,0.4067781391162848,3.090978461514829,-0.30252626674714805,-1,False,95000.0
6.665360457098725,-13.465120270982611,-0.38485066427240694,0.6666952518217596,0.5546207448694854,-0.7999639335845932,0.22933897187191193,-1,False,95000.0
3.166851246430787,-9.042478105706085,-0.3848378873110635,0.6667026271753769,0.541888433274352,-0.5571462674021908,0.6293433415678077,-1,False,95000.0
-2.423148041918045,-1.4989350314980374,-0.602825118285734,0.47874259195979557,-0.7980910275833037,-1.5659477788263678,0.1376852303130644,-1,False,95000.0
31.384676555765463,-41.64433446215758,-0.38480787926492555,0.6667199476903498,0.6652827442260951,-0.336811111180143,0.666371205543539,-1,False,95000.0
0.027752372649687208,-5.196369576433517,0.7301102068527314,-0.24399114418776394,-0.8792275459589896,3.2492145628912823,0.3890158174599918,-1,False,95000.0
0.5067736487064922,-2.936081267274561,-0.1232423241673235,0.759870990449319,0.9009333189562237,1.2495798429897884,0.4155857680948111,-1,False,95000.0
12.002592436553405,-14.850614302745198,-0.3847182832795463,0.6667716513942618,0.7523972123920437,0.02049792955694857,0.6583830953597102,-1,False,95000.0
11.007069333584857,-16.285711828470003,-0.38463840992333836,0.6668177308712167,0.7086150609227738,0.13804704968960996,-0.6918855245611688,-1,False,95000.0
-17.12715381658485,-39.512735459318954,-0.5632500545018404,-0.7564730958057514,0.9208709131077784,2.167349705099301,0.1819954662000389,3,True,95000.0
-6.77676743496903,2.4547139816720915,0.16068417053335937,0.7528434033267468,0.8063216573090815,-0.2111036041738743,-0.36486597530794224,-1,False,95000.0
-0.7146036371942032,1.5339892100990855,0.37955465556895385,-0.8660254037844388,0.9315028191452066,1.2465790919003341,0.22303283008826516,4,True,95000.0
-0.3488473663145284,-3.365829582772811,-0.7547130173363472,0.15166032459301593,0.6602360392874054,1.1302868148601188,0.6742551572947919,-1,False,95000.0
-0.1747169753312531,-0.4762991444119158,-0.22714044350565166,0.7355268938092259,-0.77395749330721,-0.5644845508196148,-0.28756526313326314,-1,False,95000.0
42.23967748388349,7.2236917699485526,-0.07206379302574151,0.8660254037844384,-0.6591334231901242,-0.43732455505428697,0.33710552374956426,1,True,95000.0
1.4034951181335422,-1.0543816105996167,0.17231533284720071,0.8660254037844385,0.4252710789805598,-0.33053864499276614,-0.6702525521461159,1,True,95000.0
-8.716274083900924,-29.697307010014296,-0.226958524620996,0.7355830481287976,-0.32469225981815714,-0.6812485819726065,0.6562848370957348,-1,False,95000.0
0.32324313261546994,-13.300409581051287,-0.2269341279686372,0.7355905750862407,-0.2565149667351492,-0.8938114475196588,-0.3681312206659197,-1,False,95000.0
-0.5060856754420032,-1.9876153526473321,-0.18917407826171317,-0.7461941843156004,-0.09499381084112646,-0.43126488131650753,0.5519729243186055,-1,False,95000.0
-0.6185198258096545,2.106292596399026,-0.18128688946122484,-0.7481494879381165,-0.04187480448077785,1.9068275481499977,0.5744168834081697,-1,False,95000.0
3.27573869654915,-23.527206151409338,-0.22688204103593038,0.7356066421994589,0.1592732550266539,-0.7241831860462373,0.6711021059241785,-1,False,95000.0
-0.8388002571932105,0.9189316800912735,-0.2268669094749668,0.7356113090334253,0.27196224996201623,-0.6773519776962715,0.6836730158360129,-1,False,95000.0
-15.994586559227912,11.590714968268296,-0.3208747078530447,0.8660254037844384,0.4297473701283187,-0.48666083511630204,-0.563762538302692,1,True,95000.0
-3.6935931954980905,-10.231298967575196,0.3508255459518468,0.6852109375222941,0.46299660753931304,1.4560876425961746,0.70602579891681,-1,False,95000.0
-10.075251529154539,-3.214583890561271,0.5730740223559586,-0.513983226859938,-0.739232635320059,1.6958781033984744,0.2773077725851675,-1,False,95000.0
9.6077129559841,-7.32466535436323,-0.22679041804858863,0.7356348950899071,0.7087577991885756,-0.41308868363624857,-0.5719710736475296,-1,False,95000.0
1.3348151704133924,-11.244058376912577,-0.22675716418450031,0.7356451461700783,0.697440234502431,-0.2644712172228253,0.6661399102229209,-1,False,95000.0
1.8567644716305782,-9.16681266083981,-0.22670573551998185,0.7356609967063201,0.8834450928189399,-0.17640302882335568,0.43414896480318615,-1,False,95000.0
0.398632171728492,2.5946299201086362,0.7675244730521591,0.059150451043064496,-0.875394747847011,1.1635550257619443,0.4826213972798644,-1,False,95000.0
-1.7013897723508402,-2.096712802561375,0.7676375988629862,-0.05766376162254283,-0.7302985406434752,1.2634867975443527,-0.6760127624236515,-1,False,95000.0
-10.170208905906952,1.5491940071248125,0.3227764134113025,0.6988619173613118,0.8605716337266646,1.3697415401578943,0.4346862396821534,-1,False,95000.0
-2.040157302709763,-1.7914072899841376,-0.013410420778592003,-0.7696835409485736,-0.9559989201821205,-3.1635737072347436,0.2844880623858393,-1,False,95000.0
-0.5015369624439575,2.724796141683335,-0.0581154760872421,0.7676035331026985,0.8029941478199605,0.1973635667537481,0.5626158874860516,-1,False,95000.0
7.869781089479239,0.17890797918479628,-0.05780947335591102,0.7676266393129568,-0.9026302954788474,-0.3877975768699967,0.1873872791877468,-1,False,95000.0
-0.34686852992476375,0.6316824799078129,-0.747580215314047,-0.18362029915996653,0.684431598156488,1.447724622581946,0.5817070438940979,-1,False,95000.0
-7.0888367613121295,24.458569951255516,-0.5451571601145752,0.7878109081404712,0.5390907883002848,-1.3894387151007825,-0.6861237878225258,2,True,95000.0
12.164913097987217,11.451027096732757,0.027761703857414027,0.8660254037844385,-0.617470978480818,-0.6424421487503137,0.09717278678998044,1,True,95000.0
0.301788248860525,1.9573193388981298,-0.05758476613918279,0.7676435287952919,-0.4734762208145399,-0.8588073226233492,0.19616033047670545,-1,False,95000.0
4.32394303733478,9.86193813250953,-0.019743052249088025,0.8660254037844384,-0.2812290049268914,-0.6643060943520955,-0.532026816995869,1,True,95000.0
0.6765811898971736,-0.5398711551250435,-0.012158183718947668,-0.76970434009511,-0.1261309278595139,-0.36115616037912407,0.68151299603922,-1,False,95000.0
-0.05632453887786646,3.320567931152704,-0.06550136578924662,-0.7670085812247055,0.00780411774107051,2.012929276446581,-0.13254308021441785,-1,False,95000.0
0.017892660488803627,3.0028528091466047,-0.0938485032934327,-0.7640582772421061,0.15214418844862476,-0.7194299510894989,-0.24245270183254217,-1,False,95000.0
-4.186176212764594,8.431592529385696,-0.09491441684071579,0.8660254037844385,0.22765533718001418,-0.516311425458432,0.6964484429464491,1,True,95000.0
-0.9778622881076614,8.636151048992696,-0.6353139622263008,0.6316547462350305,0.3947004457023575,-3.0797536218235764,-0.540156842414221,2,True,95000.0
-0.030848116450030848,-1.8668565145827214,0.7351696261708827,0.22829413778797944,-0.594788084111132,-2.934350304691794,-0.20718605412530805,-1,False,95000.0
-2.765039900306526,1.4118241189575298,0.9245336249499336,0.1307115958497637,-0.72469655169688,-0.03694904215104944,0.12438391755965172,0,True,95000.0
-1.5845028250515363,-1.1822932865456373,0.9714519929428229,0.049446598677865945,-0.8191276188587255,-0.030614274863978608,-0.18067757813948393,0,True,95000.0
-2.022048895960018,5.88309223441706,0.7695300264150293,-0.020399290141485393,-0.9050108128584563,1.3193654879658152,0.12854726769426014,-1,False,95000.0
-5.632886148477376,1.4700561142558468,0.7694885143384139,0.02190933348718936,-0.8036733431707548,1.239309635331424,-0.5566846506439108,-1,False,95000.0
9.094390956901298,-20.343389740964753,0.5223466882529191,-0.8273198043494805,-0.9756497996863874,2.2203678342782043,0.20064956294522351,5,True,95000.0
-2.8146058410274666,-3.056163676626876,-0.36295024108226165,0.6788664928326631,0.8406933129694761,0.4263001927553971,0.5378341709998486,-1,False,95000.0
1.202116013009432,0.08732455527056865,0.40895771462737657,0.6521856945988203,-0.8174847596681311,0.4831308765216945,0.5626157521228479,-1,False,95000.0
-2.0083807223029257,1.749799272051018,0.11413174809458637,0.761292674777228,-0.9892484210976196,-0.016186885002636653,-0.14541267632926647,-1,False,95000.0
-6.519179600141261,-1.7402018065772722,0.11443319162336862,0.7612474218330606,-0.9818603759918239,-0.18008406663750431,-0.060247300474429055,-1,False,95000.0
-0.7184369260322101,-0.8526862722443375,0.744713733521744,0.1949206189624307,0.7565380737069132,3.405827036562413,-0.5941890249518799,-1,False,95000.0
4.18258333828824,-6.065277167748398,-0.7413037052252675,-0.20751243146347167,0.8665229468578578,1.4746318629753543,-0.11058193372422231,-1,False,95000.0
-1.220414724419256,-1.4856508619067943,-0.26269155868895266,-0.7235922453883546,-0.6435563804878444,1.2269544781283779,0.5640533900279422,-1,False,95000.0
-28.579287869681007,-55.52198336188046,0.11465417329984781,0.7612141703472951,-0.620994239824331,-0.6963974849634855,-0.35996250669667157,-1,False,95000.0
0.8718387538222995,1.0235206020161198,0.5883966428997889,-0.7129179270634821,-0.47715144382946334,0.23661644050513353,-0.4479710354086254,5,True,95000.0
4.206920255168404,1.6495367258592535,0.42229738226151825,0.8660254037844386,0.274525968268049,-0.46670023677115735,0.7052518869577773,1,True,95000.0
-0.5326428862573863,-3.4937014048377444,0.11470995114589648,0.7612057669912246,-0.22689788043286357,-0.9593277365921761,-0.16852525494295287,-1,False,95000.0
-1.6941173755781043,-43.456735467148455,0.11472615493141133,0.7612033249843606,-0.0525681699137327,-0.7844183515330773,0.6181605270124381,-1,False,95000.0
-0.13036652031617493,-8.227700303290774,-0.027428797628199095,0.7693115452489082,0.08401052542564885,0.8413608521367781,0.5186865213205224,-1,False,95000.0
0.25933434220033624,2.196397829533129,0.35347566703955835,-0.6838476039319957,-0.22536683246555234,1.8938586899538548,-0.5028010650385635,-1,False,95000.0
-1.631678320956925,-4.642520138323586,0.11478192971819579,0.7611949166952966,0.3354871157013358,-0.7333714231450348,-0.591463918885256,-1,False,95000.0
3.8664488593078405,2.4498606335622597,-0.29140549825954465,-0.8660254037844387,0.4077560982992656,0.392875971255063,-0.6855197136109851,4,True,95000.0
0.016205874632609807,-0.16916325621224887,-0.4639176818176286,0.8660254037844384,-0.5761630266059307,-0.39788572400047173,0.5479753276564072,1,True,95000.0
1.6735246899205334,-40.428609282570456,0.11489869464822533,0.761177300345149,0.5821942700715477,-0.43888004307987005,0.6846051335433625,-1,False,95000.0
1.9919479279658565,1.7117822263305846,0.7639374306203337,0.09482718328514879,-0.8012431871841807,1.2276816469500134,0.42866935047825294,-1,False,95000.0
-19.03943875209907,-3.0559719503364025,0.11530419956470761,0.7611159794376506,0.9375070814935047,-0.30604031562794803,0.16671079259239244,-1,False,95000.0
-12.163452623313907,6.236309783342821,0.6101642726916454,-0.46935290871929997,-0.9888288459173136,-0.8668755204070595,-0.0020013365724611816,-1,False,95000.0
-66.60686937420434,42.28944243854007,-0.6858789775433528,-0.5440735706203976,0.8746471556627013,-0.9525266753087984,-0.34227987264567117,3,True,95000.0
0.8728819631306184,1.6739913547641208,-0.7256717714859585,0.25689116890431185,-0.8679026672856924,-0.9764020020947689,-0.4614928431083671,-1,False,95000.0
-16.02382793308266,-5.882286239328297,0.2809531912451913,0.716699307186588,-0.8916646659748524,0.03831657395771432,0.4510446107185179,-1,False,95000.0
-12.967435198201606,-14.670353306616814,0.2810455357489767,0.7166631003673644,-0.7148826441087004,-0.08795286170524413,-0.6937252987903124,-1,False,95000.0
1.4034186962804356,2.558927196960612,-0.7442426366729512,-0.44298474769230256,0.7834875374694574,1.540445071528937,-0.5766451658144385,3,True,95000.0
2.598013374683739,6.957715084725275,-0.6891200069059149,-0.34308338443384867,0.8949930889099,1.5195639042588234,-0.09722948200957417,-1,False,95000.0
-10.359446562123404,-28.96171437616327,-0.5772995203656272,-0.7321387071104674,0.6630136945998001,1.7663191833324454,-0.5815330508193244,3,True,95000.0
0.7391501313811455,1.5454119636020789,-0.4303989108985435,-0.8660254037844384,0.538295920434096,1.858201995630298,-0.6501903911259701,4,True,95000.0
4.489056085541036,-5.5755643198107165,0.5763745818954921,-0.7337407475346166,-0.5787554884097825,-0.29728524176589455,0.11583324749474784,5,True,95000.0
22.261759049916126,20.669038189979794,0.36426270360742957,0.8660254037844385,-0.4188589694221798,-0.6543201090555179,0.31264267572004006,1,True,95000.0
0.5190568434487672,-0.4713154242823274,0.33062974718753424,0.8660254037844386,-0.28166695292898086,-0.763988191375466,-0.1957264803969279,1,True,95000.0
0.33028964277444123,0.3396566506179238,-0.9944094052533781,0.009683194145676909,0.12493234546650026,-0.8093367475631307,0.10640786563980946,2,True,95000.0
0.7211068172524634,-13.548150672737187,0.28124365212753316,0.716585375744272,0.034316464724784265,-0.8713431456912343,0.4896801434068318,-1,False,95000.0
0.49265768160986867,-1.683355117656343,0.6524942005554928,0.6018977005627276,0.196171418252302,-2.8373412480439693,-0.2622844592819985,0,True,95000.0
9.271855895094525,-34.374474158599625,0.28128540946886826,0.7165689855223456,0.360665269713534,-0.9298326987689981,0.07461659405980593,-1,False,95000.0
0.05464440132952683,2.4538498086385063,-0.14359639156488302,0.8660254037844384,-0.39900630390598346,-0.39210880061722414,0.6231915772282646,1,True,95000.0
2.6870886536985488,-5.963818610143532,0.28136574425666283,0.7165374453240295,0.5360140066362172,-0.6356376267896209,0.5558352211311627,-1,False,95000.0
0.5168149918095563,6.347202142496484,0.2814579599342962,0.716501227760439,0.5417577323970157,-0.46108279226212057,-0.7030452717738237,-1,False,95000.0
-5.955335750638485,1.624896839586384,0.7508737122734197,0.16965040763088735,-0.6439494028771791,1.1147329344678243,-0.6608878329371174,-1,False,95000.0
1.5315612264221892,-0.030576222245769828,0.3121947129400431,0.7036526513876548,0.7356386440129851,-0.3307960590960734,0.6127628754876216,-1,False,95000.0
0.493057562906449,-3.894393459090173,0.04608160678200768,-0.7684198579611163,-0.7076421823763994,-2.184934364291064,0.5162099369537576,-1,False,95000.0
-20.801615051183845,2.4213891869267,0.4331878779570029,0.6363496326577875,-0.8661460662451261,0.3999097871823048,-0.29906805040030293,-1,False,95000.0
-12.395017393804824,-3.1800683010659263,0.43339849366050864,0.6362062073615711,-0.9626647421420454,0.2637928812022737,-0.05962638126092269,-1,False,95000.0
-3.947579735150658,-2.012509360592295,-0.2918828241210344,-0.8660254037844387,-0.7340482670485791,1.1304701737924496,-0.67489861300845,4,True,95000.0
-6.033434031440292,-0.7800697855599015,0.4335097223099055,0.6361304215767243,-0.7683424533195347,-0.04863622388048938,0.6382016601721098,-1,False,95000.0
-40.25800866463307,-50.404916879475344,0.4335345909922097,0.6361134733723298,-0.7673206536823272,-0.1784595529367373,-0.6159724553206384,-1,False,95000.0
0.28662122271419,2.5902517291551255,-0.5028716599034101,-0.5828487679137544,0.7268815390125624,1.5903246997846865,0.6168354102443278,-1,False,95000.0
-1.8669965443220162,9.426884365319065,0.3921979071789229,-0.8660254037844386,-0.8287748038561115,1.24141066125762,0.21049870463226647,4,True,95000.0
1.8784763496720573,-3.3879147735262354,0.690282625930838,-0.5364462278746037,-0.655301748842493,2.100817449551192,0.48411438211507923,5,True,95000.0
-1.6467559450068097,-9.95983237858432,-0.20002476987795398,0.7433590545812047,0.4880314419242512,1.9006016386614024,-0.6318227906882359,-1,False,95000.0
2.7775420365185033,-12.07861132850517,0.5412203331396288,0.7946296924816865,-0.430154606008169,-0.5086971656415433,0.4890936859790757,0,True,95000.0
8.872454068613715,-26.672577190548594,-0.7402773822049468,0.21114447657559854,-0.3432528994038277,0.010723399573465464,0.0007106869800074623,-1,False,95000.0
1.4502855100730283,1.4334087441619658,0.533189560663701,-0.808539398434019,-0.1423627956493641,-0.06135975548938499,0.6334215078435029,5,True,95000.0
0.4716830886810032,-0.564053871465391,0.4491580195563407,-0.6251797070129661,-0.019474446857670136,-0.1925825383149838,0.1451493051582506,-1,False,95000.0
0.5504330514214699,-7.622323738129363,0.1646228560361166,0.751991959972381,0.1451333207010464,0.8643057199815354,0.014346836541669548,-1,False,95000.0
2.6499790906753162,-8.37120778342366,0.43368514522601054,0.6360108390608502,0.2855951228820889,-0.8886271598845092,0.35921209389377656,-1,False,95000.0
0.46341244917285745,3.1759763044367726,0.433723570507621,0.6359846358039731,0.34683084996395136,-0.6723967030975853,-0.6541403317431483,-1,False,95000.0
-7.818404711649389,-8.482316542274976,0.7697302798060001,-0.010386960208310037,-0.535798901144359,1.344342020900863,-0.4457755027011823,-1,False,95000.0
0.08737812022389616,1.111014307375928,0.9404227692139705,-0.10319079069566002,-0.710978500947364,1.3936279759226757,-0.1759830314486387,5,True,95000.0
3.1973982911233523,-10.933127644910638,-0.3853531490468196,0.6664049392916384,-0.7900930151775384,1.4006037597122059,0.29254209044088525,-1,False,95000.0
-13.497057628550353,-12.888681573679053,0.3938705943623442,0.6614064918711073,-0.5620609584535123,0.30252897276466095,0.5631564180581673,-1,False,95000.0
9.335693877200548,-19.829919625548822,0.5639760979137016,0.5239499533110267,-0.7294734799115911,0.5627255551347775,-0.3882047403189362,-1,False,95000.0
3.4189867650943064,-3.7759348621949953,-0.2756599977386292,0.7187518057294409,-0.8287713045211584,1.2407028112744305,0.340200367919365,-1,False,95000.0
5.175303129718188,-1.7853516419905402,0.7455926410567703,0.4406464715090863,-0.8720076746453851,0.5034266867811203,0.3902123507812423,0,True,95000.0
-12.213714634247454,-0.913554733048849,0.5641942750912322,0.5237150108091914,-0.9308678296008313,0.15145266646248368,0.3324328313158071,-1,False,95000.0
-5.150241301804615,-4.400251042761235,-0.10066425168112399,0.8660254037844386,0.8133720268963527,-1.0234279109626556,0.5817350705022892,1,True,95000.0
10.980400278963858,30.618019507158206,0.5907308928681348,0.7088748875207412,-0.7088030272482843,-2.2001077257665242,-0.6949254251833735,0,True,95000.0
38.0815114876721,-49.92618078902304,0.38695479515204634,-0.8660254037844384,-0.9430239188917033,1.0746675628591098,-0.05647966946742931,4,True,95000.0
2.3217958878069007,3.742618647922287,-0.4245085694827958,0.6421721475027257,0.6748623542901652,1.833865205374761,-0.639258137821487,-1,False,95000.0
0.41434445270247416,0.05628681773587353,0.7691018282322817,-0.03278674125853556,-0.626315396414039,-2.559422952543712,-0.6051475148278566,-1,False,95000.0
-0.6863451757356954,-4.367759737754438,-0.1519750825450811,0.8660254037844385,-0.6509135512324057,-1.81311161776649,0.26150153582178526,1,True,95000.0
-0.9305340778021731,-15.252479627532246,0.5642654497475599,0.5236383244318318,-0.42529819420021303,-0.6566879030841587,0.6228966450518808,-1,False,95000.0
10.586620214516591,-1.6739462518569264,-0.7684215887683039,-0.04605273615529515,-0.39605488811021894,-0.4903120710817437,0.10091431328742034,-1,False,95000.0
11.405116143632972,9.734693230584288,0.6101369943910916,0.6752625337061398,-0.17986150012366317,-0.4673664218636246,-0.6678980733630485,0,True,95000.0
9.344384069811944,18.314762357337738,0.5821836332465343,0.7236791754508347,-0.07746860866311522,-0.7510573403828669,-0.17305366379330828,0,True,95000.0
-0.16890685973911684,-2.300157273452248,0.5643131720498779,0.5235868948356116,0.06160304458307575,-0.7096428652707636,0.7020204515002351,-1,False,95000.0
0.4866905045435186,1.8932327443918298,0.8886171412710182,-0.19292077041086303,-0.21032326304644,2.3589947630104655,-0.5368849265889463,5,True,95000.0
-5.857115395813952,-19.24186463132173,0.5643884843085462,0.5235057128365408,0.36365815649343514,-0.8204968911521682,0.44149813870595916,-1,False,95000.0
-3.1770922468540546,-12.070893362178701,0.56453090487945,0.5233521281399186,0.4328624815504727,-0.6574081216133723,0.6173611688082647,-1,False,95000.0
-5.271269203124458,-17.341033253327854,-0.12984480478253263,-0.7587706631542748,0.5036588617406949,-2.1428100391190403,0.6720710203926668,-1,False,95000.0
27.93391495047952,-34.279326725683035,0.21330220312189985,0.7396585446920338,-0.48853933801083954,-0.08182495883370966,0.2128785119794816,-1,False,95000.0
-0.9297466342343308,4.762227175191204,-0.4012055185737338,-0.6569830473144446,0.49376879395423556,1.5631465051411362,0.6298665216658004,-1,False,95000.0
-8.223141588946229,-4.339856301130967,0.30246458311935215,0.7078896584574662,-0.7082104001927665,2.2205387278678534,0.3435393017177987,-1,False,95000.0
-51.00904230644839,-15.698910009757597,0.6665771380046739,0.38505520601868237,-0.7849578178498717,0.4823977216340574,0.38861756166929157,-1,False,95000.0
-0.865334557428326,1.5223298915396293,-0.30742163695097635,0.8660254037844384,0.8982576050019577,-0.9503205270239337,-0.24499904059524477,1,True,95000.0
-1.0311391786977868,2.5020681515758887,0.8016111287270239,0.34361960470103664,-0.9041086446813419,0.35187240224344196,-0.37621073970163965,0,True,95000.0
-10.537087781042475,-13.972418173020062,0.666607022175471,0.3850034682687203,-0.9753725449805853,0.0537516524008915,-0.2138985291046009,-1,False,95000.0
-4.818011323037495,-5.626669491999788,0.6666123923053319,0.38499417010852865,-0.805920244472512,-0.08926657585676662,-0.5852658000449339,-1,False,95000.0
8.690800694494115,-12.177319700393042,0.09823077831942438,0.8660254037844385,0.8180297107888761,-0.9074733073801262,0.5266117617453487,1,True,95000.0
-28.352299990127705,-36.99266034335162,0.6666212900662651,0.38497876334024045,-0.6559875276859536,-0.3096371522488338,0.6883662032074667,-1,False,95000.0
1.4465348160354445,2.426063698386132,-0.18502296821523745,-0.747234296472944,0.818262312111715,1.608222059572408,0.09239885035048345,-1,False,95000.0
-3.503498544122204,-5.4115424805230266,0.6666296946112577,0.3849642098365687,-0.5074624090457782,-0.4937399147373606,0.7062398595722531,-1,False,95000.0
-2.447408847242768,-9.123858763547377,0.6666343302784685,0.3849561822945179,-0.5212695976446766,-0.7092748856054257,-0.47465264935031354,-1,False,95000.0
-3.1368512295091353,-15.574695443141037,0.29015806255301657,-0.7130223638344534,0.4474507450544888,1.7256394001960835,-0.13416995875470492,-1,False,95000.0
2.976569414776953,-1.2868516426821541,0.4546630215958546,-0.6211876764601179,0.26160355874290897,1.6467936190548924,-0.4816742323794551,-1,False,95000.0
0.4005955089697807,-3.621717893406322,0.6666554859187184,0.3849195444337294,-0.10835312245201845,-0.7814892870631615,-0.6145692516876999,-1,False,95000.0
0.6846958616077613,0.8646392176994281,0.6292276827905263,0.4434694079670626,0.02322092742163462,0.769882873625236,-0.5383332540552123,-1,False,95000.0
0.9702137516997273,1.9585495981623138,0.6666961857117438,0.3848490464454919,0.1908095777100085,-0.9769933025329152,-0.09684037328495644,-1,False,95000.0
-7.769081594634,-26.612608594775725,0.6667731504248419,0.3847156852340743,0.25273860684330546,-0.6754561039031989,0.6931458986134706,-1,False,95000.0
-0.5666159134025996,2.126564696336699,-0.36663363554182515,-0.6768843105597709,0.4326794380789264,1.6387200701907654,0.5011526867453079,-1,False,95000.0
