xFrame,yFrame,pX,pY,vX,vY,vS,wall,isTorus,time
-65.73658953002918,120.48640705712086,-0.449923269934991,0.8660254037844384,0.47159457159032214,-1.2764226449376723,-0.3322562869076282,1,True,174000.0
-15.022769518040366,-42.204648555852444,-0.877024057336174,0.21300058080242423,-0.5989762940126786,-2.1281708978980682,0.33506257736387884,2,True,174000.0
-2.5231697746305506,-2.8638799111597852,-0.42366224402059527,0.6427308111363779,0.5444587232467107,1.8345373188778138,0.69190170241109,-1,False,174000.0
3.4588277407239323,-3.2149248862529562,-0.6665771227267763,-0.38505523246657036,-0.6163847608850999,0.3790355768844755,-0.6902984601118932,-1,False,174000.0
-3.1127113119270775,-4.317587697391395,0.028438434365399112,0.7692748845786123,0.9042627084686075,-1.1359779573889663,-0.21774875762672272,-1,False,174000.0
-4.483853607959099,4.088441585751863,-0.1542151750600287,-0.7541951155860109,0.7184892901095222,-0.8742519188825795,-0.6766436244363165,-1,False,174000.0
-0.3869729331621987,-0.313106832726873,-0.6666070199199592,-0.3850034721739833,-0.9683701574201435,0.05348806537270279,0.2437311028348651,-1,False,174000.0
36.87287792822187,-12.822139029458349,-0.6666123898434401,-0.38499417437126215,-0.8056682191104265,-0.08910396841152657,-0.5856169339749786,-1,False,174000.0
41.91301904181833,-59.11055110855883,0.36591064646407334,-0.8660254037844382,-0.8304527919648379,1.0085610665993716,-0.5051763888913069,4,True,174000.0
-0.8216004347243039,1.3229894123373622,0.7480756292770256,0.43634580975700965,-0.904204045819518,-0.5209945156872411,-0.018400741302262106,0,True,174000.0
3.2987722459194013,-3.5861500992510127,-0.6666254322700758,-0.38497159069641385,-0.5811548829097464,-0.4028928764238968,0.7070213254705717,-1,False,174000.0
10.471853474072702,-20.19914195719049,-0.6666296931081751,-0.38496421243940704,-0.6944358435074383,-0.6755043824233862,-0.24775139663180318,-1,False,174000.0
-0.6506447821897676,-9.198285346330065,-0.6666343290897965,-0.38495618435296075,-0.5459740958888261,-0.7427653039861806,-0.38745838430550944,-1,False,174000.0
-0.7636220561556919,3.5509122885950295,0.39991993287042504,-0.8660254037844387,0.4375447748297573,1.8551698690665075,0.24698296121162824,4,True,174000.0
-2.4140947169547413,13.56202317733406,0.005183284029734225,-0.769782908461381,0.29850820524133137,-1.2963078540183848,-0.006652594548452987,-1,False,174000.0
6.801662086228342,40.99443365338558,-0.6666554849047437,-0.3849195461898674,0.12897866756803433,0.9300400578024333,-0.34384404553245485,-1,False,174000.0
0.42991400340246216,-57.803888014068924,-0.6617906416928666,-0.5857957921832225,-0.022301255994312874,1.0276916147324324,-0.5873191844617531,3,True,174000.0
-5.641459947954195,14.199017632038316,-0.6666961947719174,-0.3848490307500305,0.1526147370939927,-0.7811088392899947,0.6052069280637299,-1,False,174000.0
1.4303595846651942,-16.360750383589235,-0.24922413932707504,0.72834052542013,0.26552402038155587,-2.2813291073470783,0.6531127920164121,-1,False,174000.0
-5.585005401939578,1.187917226220309,-0.9500108531000165,-0.0865837422577953,0.45682841757388504,-0.17100799661177346,0.40648639286378235,3,True,174000.0
2.1534640710695148,26.023900787352733,0.5352501197009472,0.8049704054895136,-0.21332406953273253,-0.3826057076672631,-0.6900800187703044,0,True,174000.0
0.07692971823641696,-0.13678510446083922,0.31683551763965306,-0.8660254037844386,0.38776147487933144,0.3804418078259808,0.5008989831755726,4,True,174000.0
-46.25041542223171,10.607538619708178,-0.9865165083849531,0.023354092540690853,0.5791307739335956,-0.36120769548318943,0.18281981350834497,2,True,174000.0
-3.683007764587853,-16.07011176565946,-0.7355560452965124,-0.2270460235730794,-0.5374892799593076,0.5270943474556844,0.6583035711928951,-1,False,174000.0
-2.522295954877616,-2.546268300002454,0.2775560240735587,0.7180217587880413,0.673298746869262,0.2522815366492661,0.5701094944162595,-1,False,174000.0
1.5762157256542593,-3.1065376129449556,-0.7355641125140406,-0.22701988673687878,-0.7400828159217552,0.35287147170475364,0.5725326588018453,-1,False,174000.0
14.676242201515619,-5.3892848897991215,-0.7355664366189232,-0.22701235629879718,-0.9364220049484403,0.2688168366856253,0.22554549753341985,-1,False,174000.0
-1.0181252197855164,0.6670887584364394,-0.6478057273764455,-0.6100183743187615,0.8406657323560753,1.5834691509541097,0.5329060447427448,3,True,174000.0
3.93612077280622,-2.607900332279782,0.6636232679423779,-0.39012401981686695,-0.8406125292247435,-1.9473567902021571,-0.5399226648439666,-1,False,174000.0
3.3154662798860377,-20.552188644654688,-0.7355713966522797,-0.22699628415374395,-0.80428236224948,-0.17688554197430006,-0.5672994597354166,-1,False,174000.0
46.498083768567675,-2.582605019403638,-0.7355728374111203,-0.2269916153859961,-0.9154461860619941,-0.36760030103314123,0.16372614869228358,-1,False,174000.0
12.948745673919342,-28.211053444442367,0.24817244673998592,-0.8660254037844385,-0.6250941502120376,1.1929379323067715,0.6813236547679731,4,True,174000.0
-0.07502574508861887,-22.20323235880448,-0.7355759298906193,-0.22698159387524086,-0.5398969558045994,-0.4664267101577415,-0.7006534884024651,-1,False,174000.0
-9.304658690646084,-44.53218858661259,-0.6731264279933267,-0.5661616343670838,0.5930546650240064,3.1382921736511014,-0.37145716479172425,3,True,174000.0
-3.9104685913044333,-9.504695627097593,0.3339678376363169,-0.6935835032763682,0.4984289078747928,-1.2903706153603562,-0.14026413384710773,-1,False,174000.0
1.0326189332834284,19.418720450609317,-0.7355832837923761,-0.22695776082305485,-0.3129746909045872,-0.8259464486076085,-0.468795851322628,-1,False,174000.0
3.1516253216302643,-7.66199618624753,0.549275745945447,0.5393410308039479,-0.175297044918017,-2.106213584893583,-0.44339639581290163,-1,False,174000.0
-0.416183366950759,6.94946899815656,0.7519844587711529,0.16465711754809886,0.03098121421805944,1.38410685546516,0.1789404129755551,-1,False,174000.0
-4.3290973215690665,43.60256346710366,-0.7022059948197973,-0.5157943471615408,-0.11690720829006729,1.1538299524470559,0.4822785105036312,3,True,174000.0
2.2538643677711137,33.05235877563304,0.8574328873462024,0.24693348260477357,0.21869509205658494,-1.1343933738741634,0.670449620974591,0,True,174000.0
-19.784156375570987,40.581223616974285,0.7546816682184367,0.4249038146737069,0.053989669989857436,-1.1340306258807873,0.6914103901346327,0,True,174000.0
-1.0172264331830838,0.878493123664563,0.04327312846811887,-0.7685831307966458,0.23252601843290305,2.0138684375304603,-0.21030485137570715,-1,False,174000.0
-0.9012698833631879,-2.191588426779137,-0.4578651955272451,0.618831200988922,0.38844665566403513,2.15917261591372,-0.17412158213600504,-1,False,174000.0
6.3112297761154705,6.843206439705906,0.2041671770334999,-0.8660254037844386,0.4270424748856605,0.5718298988802507,0.6126914277610355,4,True,174000.0
2.93542038671561,-10.443288436514559,-0.7676396628660638,-0.057636278397102086,-0.4955974083978476,0.5469591905747708,-0.6747124600218184,-1,False,174000.0
-4.777072314186376,2.7502973166858555,-0.7676398668995263,-0.05763356087445709,-0.6131284374973311,0.48503009331069813,-0.6235639051016598,-1,False,174000.0
14.310634998413265,-18.548452318784523,-0.2248140088217132,0.736241301497072,0.8738166811837452,0.6135662480251651,-0.06553293687619864,-1,False,174000.0
-4.037459482197162,-2.4295930284019676,-0.8831591693316387,-0.20237425511615284,0.9089007998908174,1.4573864733750674,-0.26733652060449076,3,True,174000.0
23.250133076631823,-11.038220612801133,-0.7676402406343302,-0.05762858276461924,-0.907693236637314,0.15883128482326914,-0.3884176501037698,-1,False,174000.0
76.46442321937991,-44.94929129280458,-0.7676403360336786,-0.05762731198568227,-0.9990044813077505,0.007873502398470178,0.04391096136371545,-1,False,174000.0
34.31778076765564,-2.835331940524882,-0.7676404288242031,-0.057626075930831244,-0.9742252437483256,-0.154687693701147,-0.16417837250112335,-1,False,174000.0
14.411316134602915,-3.929663700173683,-0.7676405242091501,-0.057624805288119973,-0.7292923193138308,-0.2439545561613985,-0.6392292173921938,-1,False,174000.0
84.7083221447255,-10.582087251277441,-0.7676406280068624,-0.0576234225452279,-0.8720191593486953,-0.4630655635021568,0.1585724092930375,-1,False,174000.0
23.68985233444087,-6.799094835493844,-0.896715579414694,-0.1788938640840627,0.6093645574463304,0.6784368231365897,-0.6410394181182951,3,True,174000.0
-7.700960144648669,-0.028977669068918667,0.5354294719246241,0.5530893898703078,0.6582749695473243,1.003023269453541,-0.26690055735149937,-1,False,174000.0
6.842673318697701,5.611498893573379,-0.7676411016219302,-0.05761711285077453,-0.5327594188604677,-0.8015808519270289,0.27132132135749587,-1,False,174000.0
10.113938265482293,8.98244201218529,-0.846726627075514,-0.2654772693526616,0.3157634379942048,0.9551683673788005,0.6353320975748884,3,True,174000.0
-6.0197978408097725,-32.19161109817777,0.646119244278399,0.4184764208001478,0.24826590612568333,1.2962612140247123,-0.1947161141237703,-1,False,174000.0
-1.1592025187357742,-8.685773889389484,-0.7676437344130681,-0.05758202505080335,-0.09021217707799284,-0.9935306662031638,-0.06832366200094087,-1,False,174000.0
-16.826035311094433,107.5487867136726,0.7554572444777112,0.4235604771874992,0.059060915870345676,-1.1793208584124004,0.6126903529435991,0,True,174000.0
11.404041924506084,9.477479768029816,-0.6185072025996237,0.45830277429334987,0.129910830503411,-0.236506162482216,-0.49015104062635895,-1,False,174000.0
-0.4984520391200314,-19.006167340886382,-0.7612008991442237,0.11474224912654307,-0.012962034925850546,0.8231677583702219,0.5678097472012384,-1,False,174000.0
-0.9703858439822945,0.536823707262202,-0.7611940567645819,0.11478763234282181,-0.17432980588724012,0.9521474639350052,-0.2512262745410759,-1,False,174000.0
-2.2871667105478,-14.225375267869197,-0.5907271295939199,-0.4935930013222637,0.32663548966185246,-1.4267180431264377,-0.2731967513593354,-1,False,174000.0
8.684091019629266,-25.977186918962772,-0.7611904379385098,0.1148116273883946,-0.4205341056788344,0.7486974280832929,-0.5124895631823562,-1,False,174000.0
-0.558723803726525,0.41271776385987247,-0.8689384310323317,0.22700529637169412,0.5155063096849394,-0.4322386048098418,-0.5683995253289575,2,True,174000.0
0.257590729149763,-2.409430749497116,-0.05441652939816677,0.7678746212246178,-0.7461488032654154,1.612724751028492,-0.01996981435930467,-1,False,174000.0
2.103300617150948,-9.801806153987648,-0.031001167784637684,-0.7691758707789655,0.7937104529159082,-1.420887525791691,0.34513718652417974,-1,False,174000.0
-2.88526386642255,1.4756578425252727,-0.7422712009872718,0.2040246474755087,-0.8854657582412888,-1.3007564519128998,0.27865774052404974,-1,False,174000.0
-4.4270585338208726,-5.1558012020918795,-0.923197390496778,0.13302602181345333,0.807446517738515,0.009631030870274948,0.5581674485500923,2,True,174000.0
41.434733708977625,-21.60099396249938,0.23335599132293866,0.8660254037844384,-0.9267978375657465,-0.48324367442223803,-0.37038749900026763,1,True,174000.0
21.72827835382949,-14.000989109037494,-0.9567732387125678,0.07487094679648436,0.962313574077994,0.29824861952352427,0.254801947588084,2,True,174000.0
103.1754773725155,-44.070203467508286,-0.761186605213388,0.11483703512504984,-0.9339807069253483,-0.2522140463551401,-0.25310002697919726,-1,False,174000.0
106.9221878304022,-34.55221764264959,-0.7611861275944256,0.11484020093326963,-0.907600313488188,-0.4152547261827071,0.06172812540552193,-1,False,174000.0
7.0457426781789705,4.578315052318362,-0.7611855330391972,0.11484414170702895,-0.7658802694126072,-0.5177415136164298,-0.3812458977942877,-1,False,174000.0
46.71273669720052,-20.032035069563456,-0.9444131440867756,-0.09627925867471505,0.673080476521094,0.9116828473542811,0.3715119854358346,3,True,174000.0
12.116708450721685,8.48736071359649,-0.9200876042481975,-0.13841232959667324,0.5460029773576542,1.0157653825426542,-0.42022812318023844,3,True,174000.0
-0.917606851755073,0.1638868439486154,-0.08892980878500503,0.7646463768972258,0.4047060049111829,2.8220669171149515,0.4824709617172063,-1,False,174000.0
16.667955443274167,24.85054185674303,-0.7611742334043382,0.11491901058532283,-0.27538676825375885,-0.8451861273423564,0.457875634709393,-1,False,174000.0
19.566973228952506,131.36638383204652,0.6839288125015983,0.5474513555558608,-0.1473015121696914,-1.3497752237402914,-0.15239024357942285,0,True,174000.0
-2.9412699597099534,22.36690370413534,-0.4396975497007178,0.6318691774250234,-0.3286196844300039,0.005273810794848455,-0.4369464937878529,-1,False,174000.0
6.107448229338234,11.083120497386224,-0.7166329224712839,0.2811224769079471,0.18448932291123962,0.8715761241239656,0.4547011096690061,-1,False,174000.0
-0.8212193626021557,23.221342315465535,-0.7047344901816015,0.5114148647281935,-0.040206787826657875,-0.6330846570395388,-0.37072470265158447,2,True,174000.0
-1.641075600504022,12.531288629136373,-0.6333562650347703,-0.635045577236596,-0.12069021652948908,1.6736328802462148,-0.13098592152146046,3,True,174000.0
-2.0795230793190336,0.4672537566174902,-0.5381607679055213,-0.5504321760943235,0.26416477718466114,-1.5691782429689862,-0.36254691815272416,-1,False,174000.0
4.5938823546769125,-23.284908221326795,-0.3422043956600492,0.8660254037844385,0.43074188108094924,-1.7546674881246578,0.1741652920110804,1,True,174000.0
0.21248584571955204,-2.840456415354381,-0.7165616557850052,0.2813040811137386,-0.41709404156092156,0.5866754653830257,0.694201411657953,-1,False,174000.0
29.96385781087825,-50.26190788467306,-0.7165587892518922,0.28131138288106056,-0.5809740884169832,0.5833142647302441,0.5676883958246073,-1,False,174000.0
-15.479166730800582,-9.419309866905579,-0.7165563137204449,0.28131768849462646,-0.6438507702555295,0.46166432597660934,0.6102181266925035,-1,False,174000.0
-13.054247622914696,-22.774986453052303,-0.13191956266750532,0.8660254037844385,-0.7569888853527865,-0.8372584841029536,-0.5372572581133187,1,True,174000.0
-1.8584923712517598,0.6424603151156543,-0.3840178688607172,0.6671752910504596,-0.9577847162014506,-2.4978020187539585,-0.012863283697739605,-1,False,174000.0
-0.8464838636138086,-1.2107425197440944,-0.7627358554383225,0.10405098472077477,0.9821490162422668,1.4498622873774323,0.14110563040277826,-1,False,174000.0
-63.297408687104465,-21.546816174849287,-0.8453032869042418,0.2679425668457593,0.9974045092689059,0.16833773971363974,0.06033920745354433,2,True,174000.0
99.25106509134451,-67.88116057288411,-0.7165442069692027,0.281348524167923,-0.9027764574410555,-0.18739057141238868,-0.3871197446182652,-1,False,174000.0
6.403785696020054,-6.226979840434933,-0.7165406376036293,0.2813576145320691,-0.7891859931062182,-0.3060940533094747,-0.5324058350080161,-1,False,174000.0
27.622062818145487,-4.911070925519964,-0.7165357720202656,0.2813700055228221,-0.6853123425869208,-0.40645703524294596,0.6042176461665277,-1,False,174000.0
33.18140859324422,-6.895460616480539,-0.9876405772221761,-0.021407148203414696,0.7041383133231813,0.9789421308259707,0.3890438792628461,3,True,174000.0
-8.4800499699116,-32.50066421838009,-0.7165140107582205,0.28142541637130014,-0.6317010896581503,-0.7427626277487804,0.22155334071349664,-1,False,174000.0
-2.110900900949667,-2.102664134260856,-0.716472781038044,0.2815303653679293,-0.5134578099735615,-0.857626496157105,0.021364529065949503,-1,False,174000.0
14.157673179820558,55.426227532027006,0.6318141188021573,0.6377166528641824,-0.30518113830656085,-1.2743395303570817,-0.5497454314446178,0,True,174000.0
127.75163143815514,154.5928652935925,0.5742494601623886,0.7374215663486201,-0.5526214151435462,-1.3347964901337548,-0.19396788932303796,0,True,174000.0
6.9954772431128704,7.038724390564477,-0.7671588067267765,0.06371779856633966,-0.3154015085311761,-1.0979389419233465,-0.6596243907321687,-1,False,174000.0
-0.9327640999514072,2.443255971883041,-0.7533303642770215,-0.1583854628772552,-0.20448287252739367,-1.3191032445422866,-0.6343597374998603,-1,False,174000.0
6.241787093467429,30.56873347518361,-0.6051430306450557,0.6839123326454305,-0.0971020129458584,-0.6271592272360963,0.31129696954252295,2,True,174000.0
-1.5055127499186867,50.2261975116856,-0.6485568416303149,0.6087174062687696,0.05774738564770171,-0.6987970613884821,0.3979963061004854,2,True,174000.0
-1.405101308679727,-4.350734528810164,0.7606039778693527,-0.11863465531584583,0.20183854533765694,-0.3564587053482555,-0.4526641821870422,-1,False,174000.0
-0.023650358045051348,-0.3042902711696648,0.023881681732004795,0.7694298264755816,0.3760672569466583,-2.6601793219069254,0.19710640945064092,-1,False,174000.0
0.5637688948400983,-12.10447367284951,0.6175800768135726,-0.6623707367854801,-0.4280583577831132,3.6128540917213057,-0.5904114150077806,5,True,174000.0
-1.9052107499257034,-5.575120685609179,-0.7910535677125394,-0.36190583678213156,0.6226894069954536,1.9541201000219135,-0.34208622299061975,3,True,174000.0
8.422368393831054,-20.96061544274995,-0.6359949884470659,0.43370838966154357,-0.7654899271806341,0.6204380281543811,0.17074252853346036,-1,False,174000.0
-1.6675954232618122,0.7853838362783914,0.1309602157070121,-0.7585789441413231,0.6231394052300365,-1.5841201301129086,0.6977868936773663,-1,False,174000.0
-12.922909982215407,-26.97947482781515,0.6608609975577203,-0.3947851751264306,0.7493691064992668,-0.0028341186280227415,0.6028643449869273,-1,False,174000.0
0.5241499655385584,-5.851564543505652,-0.7693605362048033,-0.02601841507950821,-0.9342491845778619,1.6377281514633317,-0.3108063167425801,-1,False,174000.0
15.415970440024457,-7.011534844440065,-0.6359716198393686,0.4337426556744046,-0.9428285739848723,0.01863255531674013,0.33276081846111694,-1,False,174000.0
10.975331959418055,-8.143424163845493,-0.6359631365654902,0.4337550939440096,-0.8157844899120418,-0.11958421120423002,0.5658383694693804,-1,False,174000.0
3.873569766943777,5.224348265110417,0.35144266971585614,-0.8660254037844386,0.698745181679451,0.9580895662013313,-0.6791962308263154,4,True,174000.0
11.424396073888468,14.616735834609676,-0.8156815060413518,0.3192489963109561,0.8603045335398871,0.6527204175000687,0.2506434505399902,2,True,174000.0
55.58824063561274,-13.153086974641564,-0.6358998678508834,0.4338478427511412,-0.5867944251890049,-0.43821316581286696,0.6807597257115371,-1,False,174000.0
-0.889582486874271,30.515047380322777,-0.6358018732249235,0.43399144069471074,-0.6449334332151626,-0.6731175293710496,0.3612184141793278,-1,False,174000.0
-0.45994264046011085,8.949353435053368,-0.9134787785021269,-0.14985915156723645,0.46673253623705174,1.2790010105182392,-0.559931624072848,3,True,174000.0
-1.0238900842345355,9.301585216646917,0.6461546761387085,-0.4184217096383423,-0.5751523059072499,1.5001490525283403,0.620002622989342,-1,False,174000.0
-1.292063920928187,-1.0233629774328137,0.6077942729772815,0.4724179445455161,-0.441094844790349,1.9936168472943478,0.6920983443062958,-1,False,174000.0
0.3048245917972628,2.9159276371041427,-0.5237038578935831,0.5642046276130409,0.3529934403897387,0.6587565699033208,0.6647054577473603,-1,False,174000.0
0.9398153977753413,7.209985871136153,-0.25634888263474553,-0.7258635153832363,-0.3209027894194169,-0.11407820179927997,0.02098016291547743,-1,False,174000.0
-0.6348896817764849,-19.897441364846134,-0.5236163955340032,0.5642857989712053,0.11393950646319395,0.6999278215697169,0.7052335950560936,-1,False,174000.0
-0.7877575424187951,13.259912090761173,-0.5249762786383207,0.8227652201988694,0.003216112931601234,-0.3881273372408867,0.576735272364553,2,True,174000.0
-1.080561235603481,1.5732900965831988,-0.39759051573816273,-0.6591770432802211,0.12776236098665616,-1.7337580617217139,-0.6518596759966172,-1,False,174000.0
-3.276295702264039,-17.3683684392898,0.7693191433596469,0.027214853535727834,0.2835260468584256,-0.0850293959781232,-0.504687681663324,-1,False,174000.0
-2.682140445239101,-13.41606513710366,0.3384057938075921,0.8660254037844385,-0.3427604528072678,-1.233897534173722,-0.6991561594223241,1,True,174000.0
14.747778647437867,-28.181499578438302,-0.5235518102848203,0.5643457225319249,-0.5373327471573736,0.6848705375348694,-0.4922820417912223,-1,False,174000.0
-3.8251688355967266,19.103851471476975,0.6786156128291208,0.5566540873393507,0.5517468504494782,-2.6828413950364602,0.6645597833981854,0,True,174000.0
-12.155364846645679,-22.93969362572405,-0.4475160016928438,0.6263561453529798,0.766303999260028,1.361806470775331,0.4079301676889834,-1,False,174000.0
17.146982396520116,-19.832902737952388,0.8514697981605908,-0.25726185604431706,-0.8898726850745364,0.24576997572818915,0.2429070110162318,5,True,174000.0
4.062811216887275,-4.4055745234937,-0.6953215990563649,-0.3303338712246928,0.8011429839549846,1.8871501234124475,-0.5642340551005803,-1,False,174000.0
11.638423807552424,-21.42024462052643,0.6799410121981461,-0.5543584282918786,-0.8410787591127361,1.4973068545028294,-0.5368265541375404,5,True,174000.0
-7.113813072262813,-13.055646315208607,-0.0449128823512438,0.7684890536575619,0.9538246964813034,1.1535765042497186,-0.2887206010660378,-1,False,174000.0
-8.985777326022301,-5.718866775314232,0.770735425808065,-0.397097890876076,-0.705171368901827,-0.4731866278598828,-0.6854049299125907,5,True,174000.0
0.3567113105927958,-0.9165345165878468,0.749229485886128,-0.4343472714853944,-0.8978446036012802,-0.6510739531256463,0.188225128056581,5,True,174000.0
22.09482692220067,-5.630194647441089,-0.5232252035860336,0.5646485446053533,-0.598070537928963,-0.39348514921914113,0.6978475248114411,-1,False,174000.0
5.85859216363615,-27.619557394202438,0.4772492025004247,0.6040081053307986,-0.6877640447272082,2.9980464811802956,0.3460389151206081,-1,False,174000.0
7.581790903044214,-15.762756322336912,0.7310659549342262,0.4658074299389383,-0.8583021391125042,0.8046610015752653,-0.13325383294726126,0,True,174000.0
14.394741542006924,5.191730568111754,-0.7341759491618172,0.23146979989825303,-0.6427519377960875,-1.0727549696015752,-0.5537693158526722,-1,False,174000.0
-4.0900446665711625,-3.500108419817652,-0.38507532453461474,0.6665655159300947,0.5988997419358213,0.6879709557235755,0.41038684752951793,-1,False,174000.0
0.9229440912980642,4.569259941462177,-0.3849954556822804,0.6666116498356334,0.4770507543029584,0.7762734586813957,-0.4124707610668621,-1,False,174000.0
-6.890600883980146,-33.35357787910714,-0.7043930219971025,-0.5120063049729138,0.36075480075676786,1.773821129518064,-0.2845356170757457,3,True,174000.0
-0.3773409830504215,-1.3130862680191262,0.9172210679182651,0.14337731616185864,-0.19661613863668614,-1.8837601126666463,-0.4377435785218605,0,True,174000.0
-0.7540013554010409,30.242522346519422,-0.3718181442945328,0.8660254037844383,-0.04754312180361853,-0.5865713029513906,-0.5051299671848879,1,True,174000.0
-1.994708557916692,-29.15962944252939,-0.5601084679081165,0.528082471561228,0.0944192939945,1.002556923759169,0.5131598208659569,-1,False,174000.0
-14.549186620722548,25.39109146560913,-0.4518187903627679,0.8660254037844385,0.24470301483174803,-0.5919002354265784,0.43732947716979775,1,True,174000.0
-3.7979246951517998,-20.76301399455868,-0.4928772388508376,0.5913244625544987,-0.4067781391162848,-3.090978461514829,-0.3025262667688649,-1,False,174000.0
12.78817110783886,-25.655869925998513,-0.3848506642731035,0.6666952518213585,-0.554620744869383,0.7999639335889679,0.22933897187106111,-1,False,174000.0
6.4633582935457525,-18.649010432677706,0.07738596262091235,0.7659007803768241,0.5418884332743701,1.3579640880549366,0.6293433415594402,-1,False,174000.0
-2.770826632890413,-2.253576147080027,-0.7502365874226725,0.17244609443236172,-0.7980910275833044,-1.7506528613823182,0.1376852303089965,-1,False,174000.0
58.470300704183956,-77.67653171819151,-0.3848078792653827,0.6667199476900847,-0.6652827442257825,0.336811111184119,0.6663712055452576,-1,False,174000.0
-0.9380312701051297,-6.204787475066467,0.4948295243532925,0.5896917282961387,-0.8792275459590185,2.9816152553168154,0.3890158174197708,-1,False,174000.0
2.0185174418254217,-5.439281252440556,-0.12324232411822156,0.7598709904572825,-0.9009333189561585,-1.249579842940164,0.41558576807790026,-1,False,174000.0
22.902510513479694,-28.29114642055041,0.8428199885372595,-0.2722437657877251,-0.7523972123874721,-0.38262278021295076,0.6583830953705794,5,True,174000.0
21.274772668959923,-30.425447452924328,-0.384638409918025,0.6668177308742811,-0.7086150609221264,-0.13804704968026882,-0.6918855245592895,-1,False,174000.0
-31.239386019964904,-74.21350398798754,-0.5632500545018403,-0.7564730958057513,0.9208709131077784,2.1673497050993014,0.1819954662131468,3,True,174000.0
-11.970243487864543,3.9380157445768256,0.16068417053336154,0.7528434033267464,-0.8063216573090826,0.21110360417387797,-0.364865975306138,-1,False,174000.0
-0.9318204124736069,2.514209739740705,0.3795546555689537,0.8660254037844385,-0.9315028191452066,-1.2465790919003343,0.22303283008826522,1,True,174000.0
-0.24239110333067,-6.406577735056227,-0.7547130173367309,0.15166032459110557,-0.6602360392867467,-1.130286814861877,0.674255157300922,-1,False,174000.0
-0.06593699572742284,-1.5056967621179485,0.02392299137138648,0.8660254037844385,-0.7739574933072136,-0.24009537305700263,-0.28756526313936936,1,True,174000.0
77.55422497079952,12.486482998483194,-0.07206379302574151,0.8660254037844384,-0.6591334231901242,-0.43732455505428697,0.33710552374381064,1,True,174000.0
2.3482840359071626,-2.750990402359133,0.17231533281135808,-0.8660254037844387,-0.4252710789804156,0.3305386449204053,-0.6702525521461158,4,True,174000.0
-16.034974278813312,-55.771822291563666,-0.22695852461076615,0.7355830481319531,0.3246922598230344,0.6812485819387841,0.6562848370920413,-1,False,174000.0
0.9399250943630263,-26.611820846757237,0.23207858365310977,0.7339837352436074,-0.25651496673307783,0.8956073823704926,-0.36813122066594056,-1,False,174000.0
-0.8106643486866666,-4.695393568767558,-0.18917407825195423,-0.7461941843180739,0.09499381085010242,0.4312648812286344,0.5519729243186055,-1,False,174000.0
-0.9442761994904498,3.5555178877750433,-0.2268975967459831,0.7356018441952763,-0.041874804477860905,0.817611542289121,0.5744168834128426,-1,False,174000.0
6.290298985481549,-44.31718489496625,-0.2268820410387335,0.7356066421985945,-0.15927325502908013,0.7241831860244365,0.6711021059228406,-1,False,174000.0
-1.2648432213577419,0.8717473814175969,-0.22686690947649024,0.7356113090329541,-0.2719622499646144,0.67735197769852,0.6836730158369352,-1,False,174000.0
-29.106746246997382,20.547350058420697,-0.3208747078530447,0.8660254037844384,0.4297473701283187,-0.48666083511630204,-0.5637625382989468,1,True,174000.0
-5.699301529932923,-17.483861273689012,0.35082554595211435,0.6852109375221569,-0.46299660753824257,-1.4560876425944533,0.706025798916096,-1,False,174000.0
-18.322352418566112,-5.891739967937884,-0.22681481714526897,0.7356273725983503,-0.7392326353200624,0.6138251727202277,0.2773077725770746,-1,False,174000.0
18.79794984010171,-15.363088644202044,-0.22679041805848177,0.7356348950868588,-0.7087577991849134,0.41308868363232976,-0.5719710736528899,-1,False,174000.0
3.5019377015423907,-21.775744888156687,-0.22675716417037828,0.735645146174431,-0.6974402344990263,0.2644712172566217,0.666139910230429,-1,False,174000.0
3.693294478509853,-17.781623291796492,0.7419670980839081,-0.20512780882546577,0.883445092818949,0.4250233311347441,0.4341489647930069,-1,False,174000.0
0.5496471515941685,4.453680497511871,0.913820430610574,-0.14926739275689316,-0.8753947478462849,1.3306750112560513,0.482621397273183,5,True,174000.0
-3.3959952058029232,-4.090704431334825,-0.574661162534933,0.5122081030856414,-0.7302985406430658,1.4794275804247827,-0.6760127624320992,-1,False,174000.0
-19.091554455413604,2.548215063752461,-0.7638243372688582,-0.09573387273260317,-0.8605716337266665,-2.6323915138441882,0.4346862396781051,-1,False,174000.0
-1.819418673672862,-0.6582439472476499,0.4438140686884669,0.6289846301991656,-0.955998920182149,-2.6853048726003834,0.28448806237041163,-1,False,174000.0
-0.9799622590633303,4.24820152483231,-0.7249673246672431,0.2588724990365189,0.8029941478197489,1.0278202399318734,0.5626158874871086,-1,False,174000.0
13.986161696727573,-0.47446832925071114,-0.057809473357503194,0.7676266393128371,0.9026302954788517,0.3877975768715024,0.18738727918108503,-1,False,174000.0
-0.44768038006403865,0.7939196067180554,-0.05770353003930184,0.767634610484439,0.6844315981565334,0.4397689888366736,0.5817070438994179,-1,False,174000.0
-14.499008694231245,45.624044748465664,0.09524941622177796,0.8660254037844385,-0.5390907883002849,-0.20508569956021339,-0.6861237878269024,1,True,174000.0
22.32899485809417,20.311226049068527,0.027761703921111353,0.8660254037844384,-0.617470978480482,-0.64244214865393,0.09717278677102244,1,True,174000.0
1.1752497690477126,2.601486128148151,-0.5479035915007027,-0.5407349138101067,-0.4734762208146082,1.2736781755947386,0.19616033047065343,-1,False,174000.0
7.967546233289379,17.406296260611434,-0.019743052214365987,0.8660254037844384,-0.2812290049123209,-0.6643060942359212,-0.532026816995869,1,True,174000.0
1.1615929138144951,-1.986056556880511,-0.012158183700052817,-0.7697043400954083,0.126130927873303,0.36115616024463026,0.68151299603922,-1,False,174000.0
-0.05005961727660194,6.541934482040487,-0.06550136578955504,-0.7670085812246796,-0.007804117740617261,-2.012929276429999,-0.13254308021468955,-1,False,174000.0
-0.006081914816573077,4.396065117200092,-0.3003711767713832,-0.7087804658408462,0.15214418844970862,0.6379841938825185,-0.24245270183619666,-1,False,174000.0
-7.619537973875407,14.778744194228455,-0.09491441686199004,0.8660254037844384,0.22765533716459302,-0.516311425372485,0.6964484429464491,1,True,174000.0
-2.4384897863006363,19.027151821408008,-0.7159665337218462,-0.491960394643664,-0.3947004457023575,2.875414933145314,-0.5401568424431559,3,True,174000.0
1.5017788582177622,-0.9009390066584616,0.0710592738337254,0.7665136477550912,-0.5947880841111413,-1.528993220391762,-0.20718605412479893,-1,False,174000.0
-4.581561557441797,1.7037169473844849,-0.575466375050067,-0.7353138079346746,0.72469655169688,0.036949042151049716,0.12438391756374793,3,True,174000.0
-2.2179683426474126,-3.0240797735578973,-0.5285480070571777,-0.8165788051065722,0.8191276188587256,0.030614274863978774,-0.18067757813414473,3,True,174000.0
-4.020279355950967,10.58263246120986,0.769530026415058,-0.020399290140406312,0.9050108128584508,-1.3193654879670378,0.12854726768762506,-1,False,174000.0
-10.421880954468795,2.27054356740062,0.769488514338356,0.02190933348922952,0.8036733431713975,-1.2393096353329922,-0.5566846506458446,-1,False,174000.0
17.500358911351164,-39.94337280057596,0.5223466882529191,-0.8273198043494805,-0.9756497996863874,2.2203678342782043,0.20064956293180863,5,True,174000.0
-5.279797236065521,-6.473886450347064,-0.8421212115145573,0.2734540830942072,0.8406933129693903,0.9962713856277865,0.5378341710021316,2,True,174000.0
2.078101462901305,-0.5681080225367062,0.8801225363536005,0.20763385771805537,-0.8174847596682046,1.059490027140214,0.5626157521198166,0,True,174000.0
-3.562049166134309,2.4529178521450943,0.6358221637805843,0.6307745153225254,-0.9892484210976026,0.5111734873366212,-0.1454126763401428,0,True,174000.0
-12.775165410116577,-4.146022002401564,0.11443319162106191,0.7612474218334075,0.9818603759917782,0.18008406663951126,-0.060247300483431264,-1,False,174000.0
-0.2967982761212056,0.9601528330630478,0.5978898018750752,-0.48489212966017076,0.7565380737068863,3.599900456988353,-0.5941890249150888,-1,False,174000.0
8.329559094646717,-11.018945346894059,-0.7413037052253092,-0.20751243146331821,-0.8665229468578834,-1.4746318629753152,-0.11058193370726246,-1,False,174000.0
-3.1293082103803127,-2.9636426505094566,-0.26269155869106686,-0.7235922453875874,0.643556380487581,-1.2269544781257835,0.5640533900244407,-1,False,174000.0
-53.03253774185746,-103.45868522812947,0.11465417329984862,0.7612141703472961,0.6209942398243312,0.6963974849634837,-0.3599625066998824,-1,False,174000.0
0.8332049829174426,-0.0814359311139011,0.7306936883284099,0.2422381605561292,-0.4771514438294967,-2.6088175870539687,-0.44797103537364563,-1,False,174000.0
7.321362815821291,2.2674940898401856,0.42229738226151825,-0.8660254037844385,-0.2745259682680489,0.4667002367711574,0.705251886960538,4,True,174000.0
-0.9645297259379023,-8.272638944736388,0.6107949628754632,0.4685318622234286,-0.22689788043284387,1.227052368780362,-0.16852525494250536,-1,False,174000.0
-3.2446336199880745,-81.24229467777022,0.11472615492958678,0.7612033249846364,0.05256816991948854,0.784418351509854,0.6181605270124381,-1,False,174000.0
-0.1830133052833497,-14.914500366264635,-0.027428797616678012,0.7693115452493194,-0.08401052542326408,-0.841360852091499,0.5186865213205224,-1,False,174000.0
0.36343542427729003,3.5266694867446304,0.3746303409534119,-0.8660254037844386,-0.22536683246322964,1.9877264241279107,-0.5028010650404037,4,True,174000.0
-3.4707685104341075,-9.175851528319578,-0.42752846966047087,0.6401656037482553,0.3354871157013225,0.8831150945006204,-0.5914639188855648,-1,False,174000.0
7.595912534025265,3.775960279500328,0.028989648014520863,0.8660254037844384,0.40775609829984416,-0.3928759711805621,-0.6855197136109851,1,True,174000.0
-0.9470175979187432,-2.0661927401122315,0.4731599145558065,0.8660254037844385,-0.5761630266059307,-1.3749050356050985,0.5479753276584749,1,True,174000.0
3.9478208253385745,-75.48234024457366,0.11489869464853786,0.7611773003450999,-0.5821942700719779,0.4388800430802797,0.6846051335455968,-1,False,174000.0
3.0411949725067786,3.1711397911519335,0.7639374306202701,0.0948271832856627,0.8012431871841788,-1.2276816469512852,0.42866935047386584,-1,False,174000.0
-34.26947617199313,-6.301370177358388,0.11530419956470683,0.7611159794376509,-0.9375070814935048,0.3060403156279472,0.16671079259795032,-1,False,174000.0
-19.084076630645487,10.683306063589534,-0.7776718690264016,-0.3850836187980996,0.9888288459173136,-0.7635015311304953,-0.0020013365685253165,3,True,174000.0
-122.22961284508946,77.26831423464192,-0.6858789775433528,-0.5440735706203976,0.8746471556627013,-0.9525266753087984,-0.34227987264567117,3,True,174000.0
2.2787666813875473,2.5240946978748,0.7083387913345844,0.5051720320054482,-0.8679026672858665,0.675869176314567,-0.46149284310409505,0,True,174000.0
-29.873405793382457,-11.722225181150138,0.642702394843268,0.6188576055541435,-0.891664665974863,0.4440175256744458,0.4510446107071146,0,True,174000.0
-24.387944196275697,-28.093127703308777,-0.8696603545609106,-0.22575488814101574,0.7148826441085867,-0.4006505651206357,-0.693725298798889,3,True,174000.0
1.942787398938973,3.3057850408651586,0.17853740679936875,0.7488103811820107,0.7834875374695298,2.2771765815052376,-0.5766451658236726,-1,False,174000.0
4.920950228284564,12.730649492297134,-0.6891200069061403,-0.34308338443339587,-0.8949930889098894,-1.5195639042588702,-0.09722948199314287,-1,False,174000.0
-20.710335699135634,-58.07987422718764,-0.5772995203656272,-0.7321387071104672,0.6630136945997999,1.766319183332445,-0.5815330508070453,3,True,174000.0
1.5551864733948844,4.143662861197057,-0.4303989108981843,0.8660254037844383,-0.538295920434039,-1.8582019956297813,-0.6501903911514595,1,True,174000.0
7.404907223759207,-11.2483769748377,0.40459481263456043,-0.8660254037844386,0.5787554884097911,0.5940941234110677,0.11583324749385399,4,True,174000.0
40.54036493312047,37.169992047378805,0.36426270360742957,0.8660254037844385,-0.4188589694221798,-0.6543201090555179,0.31264267572004006,1,True,174000.0
0.7449763807373295,-1.5118051901303662,0.47515696919399314,-0.6056553865185804,-0.28166695292897936,-0.25087431520500614,-0.19572648039857707,-1,False,174000.0
0.13359166750088833,-2.890410354358479,-0.07175491051839439,0.8660254037844374,-0.12493234546644516,-3.8119284909083313,0.10640786563374971,1,True,174000.0
1.1005077771218235,-25.810713016000296,0.28124365212646296,0.716585375744691,-0.0343164647244919,0.8713431456884999,0.4896801434102947,-1,False,174000.0
0.5710937189045101,-2.5140225084101244,0.6189757494742592,-0.6599533608264356,-0.19617141825230222,2.666478176451531,-0.2622844592681536,5,True,174000.0
17.029969226878872,-64.49034360198911,0.2812854094688684,0.7165689855223457,-0.36066526971353396,0.9298326987689985,0.07461659406733266,-1,False,174000.0
0.203250609547291,3.681113675551731,-0.14359639153663614,-0.8660254037844387,0.39900630390599445,0.39210880055887104,0.6231915772282645,4,True,174000.0
4.880179256453778,-11.952151634288963,0.1143924817739067,0.8660254037844386,0.536014006635846,-0.32412848632085617,0.5558352211311627,1,True,174000.0
0.7400459665159556,10.894149372424796,0.2814579599332686,0.7165012277608429,-0.5417577323971536,0.46108279226134186,-0.7030452717657065,-1,False,174000.0
-11.459243754412688,2.841479744412104,0.7508737122738596,0.16965040762893935,0.6439494028768069,-1.1147329344696362,-0.6608878329429817,-1,False,174000.0
2.6011627179985415,-0.668857297049926,0.31219471293592305,0.7036526513894827,-0.7356386440130833,0.3307960590900323,0.6127628754876218,-1,False,174000.0
1.5381529753131182,-6.540695196401232,0.5515015106386723,0.5370648716457395,-0.7076421823776669,-1.4707034769267664,0.5162099369638593,-1,False,174000.0
-38.96691673561921,3.9866931332396853,0.43318787796513436,0.6363496326522519,0.8661460662453229,-0.39990978719228154,-0.2990680504023266,-1,False,174000.0
-24.53366572068691,-6.686527875826476,0.43339849370423655,0.6362062073317828,0.9626647421421376,-0.263792881250118,-0.05962638126325611,-1,False,174000.0
-8.48003269816695,-3.8307890680592505,-0.2918828241267387,0.8660254037844383,0.7340482670492493,-1.1304701737848308,-0.6748986130108902,1,True,174000.0
-11.573690283045252,-1.9870466326993312,0.4335097223030939,0.6361304215813676,0.7683424533201657,0.04863622388527533,0.6382016601630343,-1,False,174000.0
-75.15139045260499,-93.87353224341206,0.43353459099149727,0.6361134733728143,0.7673206536827466,0.17845955293774884,-0.615972455330476,-1,False,174000.0
0.358980079413576,4.89233765477367,-0.5028716598989991,-0.58284876791756,-0.7268815390109147,-1.5903246997856124,0.6168354102272484,-1,False,174000.0
-4.5320806125171345,16.647715848321578,-0.5771964668061699,0.7323172011113469,0.8287748038561114,-1.8816396155478712,0.21049870463097614,2,True,174000.0
2.5126447294736045,-6.504957168082115,-0.7549460493973209,0.15049603015352442,-0.6553017488421202,2.184399287641844,0.48411438210353064,-1,False,174000.0
-1.7313689270932873,-14.714572012094399,-0.7682639916376864,-0.04861102493798408,-0.4880314419251382,0.008621206833491879,-0.6318227906928906,-1,False,174000.0
4.787791833478529,-22.774240742585626,-0.7677679581168225,0.05590129767471663,-0.43015460600591326,-0.06464354847046994,0.48909368598518194,-1,False,174000.0
15.25303008222551,-49.38496950974478,0.5174896716740185,0.8357324038373406,-0.34325289940382775,-0.6949747796458574,0.0007106869800805059,0,True,174000.0
2.1868011876087956,1.5780359459484112,0.4928691932196304,-0.8660254037844386,0.14236279564936416,0.3445823998618562,0.6334215078458652,4,True,174000.0
0.4693868705780583,-2.5063711232319807,0.43888172581639806,-0.8660254037844386,0.01947444685766825,0.7202634431973838,0.1451493051605932,4,True,174000.0
0.9686871807136863,-14.405286556804796,0.16462285603678947,0.7519919599722347,-0.14513332070105148,-0.8643057199772128,0.01434683654208706,-1,False,174000.0
4.594640455612531,-16.2074890459501,0.43368514522005575,0.63601083906491,-0.2855951228806852,0.8886271598674145,0.35921209389848335,-1,False,174000.0
0.5506060683991693,5.108420021710486,0.4337235705080121,0.6359846358037073,-0.34683084996494157,0.6723967030958439,-0.654140331745726,-1,False,174000.0
-15.030004694678782,-15.381956387156633,0.7697302798058394,-0.0103869602202378,0.5357989011443709,-1.3443420209005001,-0.44577550270559035,-1,False,174000.0
-2.782755101134647,0.7691842247336338,-0.17168455693453694,0.8660254037844377,-0.7109785009473322,-2.2803330829109156,-0.17598303147382227,1,True,174000.0
4.9799227300909275,-19.429396384954863,-0.3853531490471368,0.6664049392914547,0.7900930151775147,-1.4006037597132586,0.29254209044045004,-1,False,174000.0
-25.53962761941345,-24.23927453890677,0.3938705943514904,0.661406491877572,0.5620609584525661,-0.30252897274605384,0.5631564180542183,-1,False,174000.0
17.07387106038512,-37.411739393103716,-0.37954497230238077,0.6697299504968991,-0.7294734799118431,1.3255756725254981,-0.3882047403220798,-1,False,174000.0
4.915002536819896,-6.390034316124564,-0.27565999773883343,0.7187518057293623,0.8287713045211565,-1.2407028112742542,0.34020036791727437,-1,False,174000.0
8.852192485742707,-3.6859122579653456,-0.7544073589432299,-0.42537893227535223,0.8720076746453851,-0.5034266867811203,0.3902123507787323,3,True,174000.0
-23.23254444007107,-2.1068667399807466,0.5641942750902822,0.5237150108102127,0.9308678296008424,-0.15145266646164512,0.33243283130280005,-1,False,174000.0
-10.49317708402419,-8.59843877489618,-0.10066425168389016,-0.8660254037844387,-0.8133720268958662,1.0234279109602753,0.5817350705034815,4,True,174000.0
21.813813143045913,61.329936659097676,0.8809078913953464,-0.20627358288377062,0.7088030272482843,1.7907175463061773,-0.6949254251774751,5,True,174000.0
69.79410043692108,-93.22325560813893,0.38695479515204634,-0.8660254037844384,-0.9430239188917033,1.0746675628591098,-0.056479669465261284,4,True,174000.0
3.892525130723564,7.713737210477813,-0.42450856947970583,0.6421721475047684,-0.674862354289745,-1.8338652053709281,-0.6392581378523643,-1,False,174000.0
0.6307332247484184,1.079211281894357,0.8447228794713564,0.26894786200860754,-0.626315396414044,-2.438683383195452,-0.605147514788382,0,True,174000.0
-2.1557743870646218,-10.031334128262658,-0.6132361956651525,-0.6698945596365831,0.650913551232388,2.521748136773815,0.2615015358221338,3,True,174000.0
-2.8969862817858476,-30.093993786469053,0.5642654497469612,0.5236383244324759,0.42529819419995263,0.6566879030840749,0.6228966450520667,-1,False,174000.0
18.301685918940656,-3.797434266528089,-0.7684215887683032,-0.04605273615529231,0.39605488811021883,0.49031207108174146,0.10091431329471445,-1,False,174000.0
20.42014027328061,17.259933231765473,0.6101369943910916,0.6752625337061398,-0.17986150012366317,-0.4673664218636246,-0.6678980733630485,0,True,174000.0
16.645726290872027,32.88042514665841,0.5821836332465343,0.7236791754508347,-0.07746860866311522,-0.7510573403828669,-0.17305366378937898,0,True,174000.0
-0.8401666913595224,-4.758698929481603,0.4839706522678289,0.5986359497524713,0.06160304458191301,0.594554359493787,0.7020204515029126,-1,False,174000.0
0.15019419861863553,5.491560743748638,-0.6542570801919885,-0.5988443034646881,-0.21032326304644,2.155145598434031,-0.5368849265889463,3,True,174000.0
-11.25080863173129,-35.99838094457497,0.1053725222079957,0.7625544073416122,0.36365815649341576,0.4417213594340532,0.44149813870782234,-1,False,174000.0
-6.34193784983207,-22.796505169324487,0.233233432117679,0.7336175834419434,0.4328624815497849,0.10795613812773164,0.6173611688103772,-1,False,174000.0
-9.81356576212984,-32.40137789644176,-0.5107908841083788,0.5759212318575978,0.503658861740215,-1.3864526943698552,0.6720710203981797,-1,False,174000.0
50.74108957276149,-63.31907647558331,0.21330220312122838,0.7396585446922268,0.4885393380108405,0.08182495883491891,0.21287851197735408,-1,False,174000.0
-1.7386377849596797,10.14293940035451,-0.4012055185710527,-0.6569830473160878,-0.49376879395360823,-1.5631465051405633,0.6298665216598033,-1,False,174000.0
-16.743641968999135,-7.384637152244121,0.3024645831193443,0.70788965845747,0.7082104001927706,-2.220538727867834,0.3435393017370658,-1,False,174000.0
-95.02506388698954,-29.36420050068742,0.6665771380055469,0.3850552060171739,0.7849578178497694,-0.48239772163524264,0.3886175616676721,-1,False,174000.0
-2.5445565252833706,2.7275731727617982,-0.30742163695097663,-0.8660254037844388,-0.8982576050019577,0.9503205270239335,-0.2449990405952447,4,True,174000.0
-2.332209324244674,4.101624474987748,-0.20229304077000693,-0.8660254037844387,-0.9041086446813419,0.9005850303345286,-0.3762107396989196,4,True,174000.0
-21.87942223499751,-26.96856843048329,0.6666070221754712,0.38500346826871945,0.9753725449805856,-0.053751652400891636,-0.2138985291199442,-1,False,174000.0
-10.358369313007593,-11.130448396208243,0.6666123923048715,0.3849941701093227,0.805920244472337,0.08926657585759812,-0.5852658000542734,-1,False,174000.0
15.06962440415241,-23.00728466698862,0.09823077831942435,-0.8660254037844385,-0.8180297107888761,0.9074733073801261,0.5266117617743004,4,True,174000.0
-53.12151820003387,-68.83424883151278,0.6666212900649352,0.38497876334254477,0.6559875276858713,0.3096371522482346,0.6883662032074667,-1,False,174000.0
3.3123984464939933,5.880672843560097,0.6666254338372428,0.38497158798267395,0.8182623121116694,0.5674208526162947,0.09239885034180725,-1,False,174000.0
-6.998879658562625,-10.374175912582682,-0.6724189991462585,-0.37476029963129365,-0.5074624090457873,-0.17657099074594185,0.7062398595722265,-1,False,174000.0
-5.22431974765269,-17.544754532637096,-0.6960068003765272,-0.32888771096260383,-0.5212695976460164,-0.4457665782572722,-0.47465264933934104,-1,False,174000.0
-5.881772121339795,-27.374190752465214,0.6666396981823558,0.3849468864660816,0.447450745054509,0.8842470463103894,-0.13416995876191773,-1,False,174000.0
4.8698306475618285,-2.9094667859569485,0.3887792712945133,0.6644119737062992,0.26160355874040675,1.8986393913978254,-0.4816742323822343,-1,False,174000.0
0.13806399084255713,-7.26199361763686,0.6666554859179014,0.3849195444351448,0.10835312245125006,0.7814892870667389,-0.6145692516849027,-1,False,174000.0
0.7003564391384658,0.1932560763012251,0.6007729007495809,0.4813154000419336,-0.023220927421574333,-1.9952767402298628,-0.5383332540489908,-1,False,174000.0
1.1107952041343707,3.494663714591662,0.5086417003165484,0.851057539772393,-0.19080957770996737,0.14865707700751696,-0.09684037329113068,0,True,174000.0
-14.885319462799233,-49.11397723021228,0.47183856905017885,0.6082441593219559,0.25273860684241,0.09583318904764071,0.6931458986162786,-1,False,174000.0
-1.2827603866518276,4.465622049630185,-0.4149287327117349,-0.8660254037844387,0.43267943807854026,1.7503387257592828,0.5011526867279125,4,True,174000.0
